-0.0666804 -0.063382 
0.161176 -0.0345189 
-0.0292039 0.28137 
-0.0364805 -0.062312 
-0.0447482 -0.0644948 
-0.00768399 -0.13059 
0.0290648 -0.0840706 
0.35384 0.0401648 
0.018991 -0.0859904 
-0.0327098 -0.059226 
-0.035659 -0.0529463 
-0.0205523 -0.0533477 
0.169018 -0.0871637 
0.0139201 -0.0924795 
-0.0177764 -0.0529339 
0.00271131 -0.0570606 
0.0181646 -0.0829104 
-0.0128576 -0.133441 
-0.0385397 -0.111635 
-0.0203095 -0.0706567 
-0.0292522 -0.0614575 
0.12245 -0.134865 
-0.0527087 -0.0409804 
-0.20399 -0.0679249 
-0.0417282 -0.0606658 
-0.026066 -0.0504486 
-0.0728752 -0.0598889 
-0.0162068 -0.0421857 
-0.0354646 -0.0486252 
-0.0572638 -0.167056 
-0.0297462 -0.0729936 
-0.0145139 -0.0520442 
-0.0301295 -0.0642584 
-0.0303293 0.0113792 
-0.0358928 -0.065005 
-0.0128015 -0.0543968 
-0.0279706 -0.0830509 
-0.0278868 -0.0655949 
0.0369297 -0.0748986 
-0.0500008 -0.0618293 
-0.0462816 -0.0451101 
-0.0119917 -0.0218186 
0.101661 -0.291414 
-0.0416393 -0.060975 
0.0018297 -0.0668057 
-0.0568459 -0.0841081 
-0.0499323 -0.0715557 
0.102488 -0.00240275 
-0.0443127 -0.123411 
-0.0301857 -0.0616026 
