3.00622e-10 1.17114e-10 
3.38661e-11 4.23449e-11 
-7.20722e-12 2.0213e-11 
1.95319e-11 5.47168e-12 
-1.33504e-09 1.76614e-10 
1.34805e-11 -8.42403e-11 
4.20914e-10 1.76348e-10 
-3.90464e-11 -6.02614e-11 
1.8013e-11 4.13614e-12 
1.01618e-10 1.20419e-10 
-3.9863e-10 -4.97427e-11 
4.50929e-11 6.3873e-11 
1.54109e-11 -1.47448e-10 
-9.33394e-11 -1.56108e-10 
-2.61629e-12 -1.68023e-11 
-3.86708e-11 2.50694e-10 
-5.03568e-11 -7.07763e-12 
-8.93807e-11 -1.38449e-10 
1.35583e-10 -2.88291e-11 
-2.37512e-12 -2.57841e-11 
