-2.10471e-10 2.48598e-11 
8.61927e-11 2.33125e-11 
-2.42687e-12 4.69445e-12 
9.60515e-11 5.54589e-11 
6.85431e-10 5.32158e-11 
3.70925e-11 1.07691e-10 
9.51105e-11 -8.2329e-11 
3.30924e-10 7.78489e-11 
3.36538e-11 2.41915e-11 
4.21528e-10 5.76027e-11 
1.24298e-10 1.18433e-11 
6.73471e-11 2.77243e-11 
5.64317e-11 6.18164e-11 
1.04398e-12 -1.80109e-11 
2.69669e-11 -1.13714e-11 
2.47061e-11 -7.56802e-11 
1.62358e-10 5.52129e-12 
8.40278e-11 8.95682e-11 
7.93378e-11 6.74953e-11 
1.42201e-10 9.10532e-11 
