-0.0359841 -0.0671596 
-0.269587 -0.08354 
-0.0461378 -0.95182 
-0.0598104 -0.0664841 
-0.0873151 -0.0642813 
0.0288577 -0.00213514 
-0.0905839 -0.0771927 
-0.417662 0.0691959 
-0.127005 -0.0022106 
-0.0291126 -0.0637744 
-0.0568871 -0.0598626 
-0.0292796 -0.101467 
-0.158535 -0.126197 
-0.0452085 -0.0551759 
-0.0653947 -0.0702952 
-0.120106 -0.0460657 
-0.078218 -0.0699927 
-0.0813681 0.0153087 
-0.0491467 -0.0266791 
-0.0688794 -0.0747106 
-0.301752 -0.100171 
-0.228329 0.0116013 
-0.0859357 -0.0509845 
0.132197 -0.0983007 
-0.0651158 -0.061331 
-0.0367306 -0.0610055 
-0.0614234 -0.105681 
-0.0357398 -0.07031 
-0.0500947 -0.0689844 
-0.061435 -0.00220083 
-0.062048 -0.0685387 
-0.0313499 -0.0562255 
-0.0571846 -0.0422773 
-0.0731079 -0.103357 
-0.0446089 -0.0662469 
-0.0718754 -0.0571169 
-0.0769283 -0.0807988 
-0.0970982 -0.0481998 
0.0543485 -0.0686485 
-0.0298012 -0.0662771 
-0.068371 -0.0358033 
-0.0799444 -0.0197181 
-0.0963362 -0.176284 
-0.0378109 -0.062835 
-0.141218 -0.0621168 
-0.0438867 -0.0575131 
-0.0412022 -0.068594 
-0.0482909 -0.235931 
-0.0677924 -0.00974705 
-0.0671826 -0.0692311 
