-0.0137364 -0.0665196 
0.0472476 -0.0586225 
-0.0777291 -0.192716 
-0.0324307 -0.069133 
-0.0808372 -0.062779 
0.0357774 0.0910851 
0.0194069 -0.108653 
-0.456874 0.262245 
-0.0694797 0.000336228 
-0.0265483 -0.060295 
-0.0411719 -0.0638823 
-0.0592738 -0.0423617 
0.274397 -0.193548 
-0.0228205 -0.0447703 
-0.0259098 -0.0702611 
-0.04979 -0.0634603 
-0.0743453 -0.0702526 
-0.0688868 -0.128142 
-0.0542828 -0.0131831 
-0.0557263 -0.0843688 
-0.230429 -0.0790733 
-0.165822 0.0350233 
-0.0596699 -0.0803053 
-0.0232823 -0.044138 
-0.0442521 -0.0403959 
-0.0312673 -0.0569685 
-0.0199132 -0.0757105 
-0.0888609 -0.0611507 
-0.0747535 -0.0787894 
-0.0540531 -0.099184 
-0.0610948 -0.0674575 
-0.0131803 -0.0603587 
-0.0233033 -0.0657498 
-0.0960724 -0.120113 
-0.0510043 -0.0680659 
-0.02802 -0.0636709 
-0.0204287 -0.0736166 
-0.0290369 -0.0647313 
-0.043104 -0.061716 
-0.0301923 -0.0660387 
-0.0501629 -0.0570433 
0.116638 -0.0461019 
-0.162987 -0.0734074 
-0.0405011 -0.0652666 
-0.144328 -0.0543754 
-0.0369045 -0.0491917 
-0.0506266 -0.0693572 
0.100018 -0.182632 
-0.0421052 -0.00651062 
-0.0409034 -0.0725737 
