-7.85956e-12 -8.36281e-13 
-3.70867e-11 5.78058e-12 
-9.15544e-12 -3.32081e-11 
7.33255e-12 -3.93291e-12 
-1.22887e-10 4.46125e-11 
2.36503e-11 -1.81443e-11 
-1.97339e-10 -9.59723e-11 
4.50562e-10 4.6331e-11 
1.29773e-11 9.99455e-12 
-3.97984e-10 5.46131e-11 
1.92906e-10 -1.15997e-11 
7.24924e-11 -5.69693e-12 
-3.83394e-12 7.9422e-11 
-8.20579e-12 3.97502e-11 
1.02071e-11 -5.77539e-12 
1.33659e-10 -6.23264e-11 
1.42966e-10 3.11876e-11 
-2.22927e-12 -7.49635e-11 
6.31533e-11 1.67395e-11 
1.25277e-10 4.74963e-11 
