-6.96868e-11 9.49813e-12 
-4.64239e-11 8.0234e-11 
-1.48978e-11 -1.81447e-11 
-2.41307e-11 -1.26339e-11 
1.03181e-10 3.65026e-11 
-1.75817e-11 -1.2939e-11 
5.46365e-11 -8.10276e-11 
-2.15928e-10 6.07452e-11 
5.91424e-12 3.8573e-11 
4.72253e-10 -3.44647e-11 
-8.60973e-11 1.5846e-11 
5.55241e-11 6.2293e-11 
1.18149e-10 3.365e-11 
-2.38055e-11 2.0365e-11 
-9.74861e-12 -2.16442e-11 
6.68257e-11 1.92331e-10 
-9.87187e-12 4.88866e-11 
2.24819e-11 -2.11994e-11 
-1.04415e-11 4.92609e-11 
1.44463e-10 5.44139e-11 
