-0.0982803 -0.0630272 
0.0745859 -0.0675125 
-0.0576188 -0.812052 
-0.0704506 -0.0613313 
-0.0856217 -0.0634391 
0.00653205 0.0289982 
-0.110588 -0.0871308 
-0.217299 -0.00235236 
-0.0772156 -0.0358494 
-0.00189568 -0.0568188 
-0.0632817 -0.0661142 
-0.0903863 -0.0851498 
0.17641 -0.0600105 
-0.0462521 -0.0503207 
-0.105772 -0.0681915 
-0.072124 -0.0533926 
-0.0712547 -0.0614402 
-0.0451233 -0.28227 
-0.0367342 -0.0385821 
-0.0674624 -0.0707492 
-0.111067 -0.0694618 
-0.120767 -0.0427125 
-0.0694142 -0.0777577 
-0.0884641 -0.0421596 
-0.0491937 -0.0491045 
-0.0248328 -0.0593889 
-0.0343258 -0.0742137 
-0.081971 -0.0623155 
-0.078846 -0.0748225 
-0.054205 -0.0891224 
-0.0794559 -0.0650966 
-0.0575844 -0.0629654 
-0.0410396 -0.0554735 
-0.0819381 -0.0976962 
-0.06349 -0.0660166 
-0.0388526 -0.0589624 
-0.0237175 -0.0610659 
-0.0859982 -0.0621639 
-0.0732452 -0.0645512 
-0.0336745 -0.0624859 
-0.00968317 -0.0530971 
-0.0484147 -0.0317867 
-0.123626 -0.0734351 
-0.0516374 -0.0641325 
-0.0787823 -0.0626855 
-0.0645165 -0.0575957 
-0.0708456 -0.0668698 
0.0707758 -0.0828368 
-0.0745785 -0.0140056 
-0.0435373 -0.0662841 
