-2.60563e-11 -4.93217e-12 
3.11024e-12 -5.06377e-11 
4.9177e-11 2.82499e-11 
-4.54523e-11 -4.08667e-11 
-1.90445e-11 -3.56109e-11 
5.78911e-11 -1.80956e-11 
-3.45014e-11 1.13561e-10 
3.81589e-10 -1.80038e-11 
-9.17476e-12 -5.50455e-11 
3.018e-10 -7.52978e-11 
1.62592e-12 -6.50652e-11 
-2.65328e-11 -1.69598e-11 
3.45544e-11 4.49971e-11 
-2.84952e-11 -4.46498e-11 
-3.44797e-11 -9.85356e-12 
-2.6631e-11 1.70284e-10 
-4.61716e-11 5.18415e-12 
-9.3949e-12 -6.89891e-11 
6.5055e-12 -3.13459e-11 
1.75968e-10 -3.08477e-11 
