-0.0431442 -0.0547877 
0.0157256 -0.0399284 
-0.0259567 -0.448828 
-0.00841569 -0.0469122 
-0.0225096 -0.0615166 
-0.0749279 0.00609558 
-0.0492663 -0.0684694 
-0.468701 0.136218 
-0.00905862 -0.0146644 
-0.00621304 -0.0565383 
0.00356797 -0.0667652 
0.0058051 -0.0803388 
0.184409 0.0200533 
0.040644 -0.0670045 
-0.0813372 -0.0471876 
-0.0136119 -0.053363 
-0.0356066 -0.0639139 
0.000761482 0.0885936 
-0.00390868 0.00196766 
-0.0441465 -0.0485856 
-0.0360073 -0.0639375 
-0.144632 -0.0809244 
0.00467847 -0.0680126 
-0.0670402 -0.0367955 
0.00412662 -0.0383751 
-0.000307363 -0.0550096 
0.0216001 -0.0769122 
-0.0898478 -0.0534532 
0.0122044 -0.0633278 
0.0259459 -0.130556 
-0.0204727 -0.0561696 
0.0221497 -0.0482613 
0.00218435 -0.0427954 
0.0239876 -0.0330564 
-0.0670475 -0.0589176 
0.00412859 -0.051064 
0.0198394 -0.0512424 
0.0147743 -0.0529301 
0.0207469 -0.0591396 
-0.00472517 -0.0588097 
0.0412867 -0.0953528 
0.00665851 -0.0597331 
-0.0730944 0.0476175 
0.0191554 -0.0504449 
-0.0743255 -0.0512035 
0.0148351 -0.0511587 
-0.0427861 -0.0648556 
0.138031 -0.0605924 
0.0602482 -0.0340954 
0.0155558 -0.0685934 
