-1.60326e-11 -1.21325e-11 
-1.08772e-11 3.82105e-11 
-1.44734e-11 -1.29347e-10 
-3.30943e-12 2.60917e-11 
-9.316e-12 5.62808e-12 
-7.77787e-11 -6.01112e-12 
3.36216e-11 2.21436e-10 
1.05674e-10 -4.44734e-11 
-1.01708e-11 -2.78699e-11 
-2.05478e-10 -4.79883e-11 
2.77763e-11 1.7915e-11 
2.80174e-11 -1.34817e-11 
-8.99139e-11 -2.68337e-11 
-2.54892e-11 -1.61438e-11 
-3.77924e-11 -2.75075e-12 
-4.24589e-13 -2.39868e-11 
4.07806e-11 8.72168e-12 
-1.97433e-11 -1.75548e-12 
5.69647e-13 -4.25896e-11 
2.67082e-10 3.13738e-11 
