-7.22616 17.1938 
14.1734 10.8433 
23.2617 21.7766 
32.768 7.84539 
13.5202 12.9261 
10.9689 13.417 
0.624278 28.7652 
23.8897 25.3987 
15.8206 19.8053 
10.7303 22.0147 
15.7728 4.07215 
18.4684 19.5607 
13.7499 13.7499 
4.61085 14.2406 
20.4367 30.7998 
18.1355 5.28736 
-4.52777 4.84046 
10.0555 25.3904 
15.8445 24.0013 
8.47177 7.70146 
18.9716 22.3434 
6.36196 23.6661 
-3.14605 12.6004 
18.6223 28.9183 
6.78953 -30.4657 
-3.71208 14.4088 
15.8509 31.3424 
12.8823 19.8889 
10.8355 13.5387 
31.5904 15.7257 
-23.1122 22.6885 
10.2752 16.9299 
7.47176 28.4489 
21.6941 32.768 
7.57506 22.0266 
-32.768 9.40641 
15.4721 18.3744 
13.003 10.9522 
-3.49969 15.3748 
16.4099 18.9465 
5.98967 11.5621 
6.64793 10.8341 
13.7526 9.4193 
6.90552 19.1798 
15.6048 14.8048 
3.40749 11.4161 
-17.649 21.7162 
21.8968 17.8824 
30.5593 6.86401 
13.4721 6.94518 
