-1.73919e-11 2.80337e-11 
-2.21735e-11 6.81789e-11 
-7.06754e-11 -1.55622e-11 
-1.16019e-11 2.30035e-11 
-2.79209e-11 3.43276e-11 
-8.6827e-11 2.09647e-11 
3.42918e-11 6.21772e-11 
7.29469e-11 8.36504e-12 
-2.08265e-11 1.98329e-11 
-1.5547e-10 -5.14277e-11 
3.53501e-11 2.87394e-11 
1.64162e-10 -1.89719e-11 
-9.78841e-11 -3.06298e-11 
-2.941e-11 3.02973e-11 
-4.46963e-11 9.76771e-12 
-2.34745e-12 3.81337e-11 
2.7387e-11 -1.85766e-11 
-6.57137e-12 1.07327e-11 
-6.56695e-11 3.199e-11 
-7.62249e-11 4.19787e-11 
