-0.042603 -0.00880919 
0.0703639 -0.0307507 
-0.0758634 -0.235625 
-0.0591509 -0.0300092 
-0.0840401 -0.050406 
-0.0575233 -0.0348022 
-0.0234263 -0.0225684 
-0.329147 -0.0731094 
-0.0939463 -0.0538557 
-0.0226379 -0.0497052 
-0.0170584 -0.0324016 
-0.080222 -0.0412692 
0.237981 -0.0689947 
-0.10496 -0.0469786 
-0.0622015 -0.0155332 
-0.0992267 -0.0294393 
-0.0614216 0.00026461 
-0.0675967 -0.0309976 
-0.0618036 -0.0984394 
-0.0675898 -0.0350469 
-0.0889875 -0.00842015 
-0.162313 -0.0626395 
-0.00171174 -0.0586785 
-0.0709126 -0.0445344 
-0.0454199 -0.0120637 
-0.0640629 -0.0292887 
-0.0368206 -0.0436251 
-0.0739604 -0.0555871 
-0.0716407 -0.0624982 
-0.0717328 0.0135422 
-0.0935729 -0.0457872 
-0.0589514 -0.0247613 
-0.0626153 -0.0256052 
-0.0553833 -0.0882405 
-0.0403606 -0.0539929 
-0.0871141 -0.0514444 
-0.0531655 0.0133547 
-0.0477982 -0.0462127 
0.0863007 -0.0563667 
-0.115412 -0.0531368 
-0.0584901 -0.0635175 
-0.0122914 -0.0252708 
0.0120846 -0.112897 
-0.0190607 -0.00872212 
-0.190755 -0.0341985 
-0.0243344 -0.0331968 
-0.0993706 -0.0401488 
0.0395796 -0.0767555 
-0.0296126 -0.0107148 
-0.0663193 -0.0368077 
