-1.27085e-11 1.46914e-11 
-5.64297e-12 -1.14417e-11 
-5.50008e-11 -4.7047e-11 
4.88794e-13 1.55989e-11 
-1.56432e-11 1.60137e-11 
1.69052e-11 3.6734e-11 
-2.16486e-11 2.6659e-11 
3.63219e-11 1.65238e-11 
-2.17137e-11 4.16093e-11 
3.21382e-11 1.29287e-11 
-6.88589e-12 1.59624e-11 
-6.4317e-11 1.00572e-11 
-3.11255e-11 -4.59366e-11 
-2.28438e-11 8.9024e-13 
-2.81018e-11 2.0791e-11 
6.1906e-12 1.25141e-11 
-5.04239e-11 3.51427e-11 
-2.88564e-11 8.84392e-12 
2.4858e-11 -1.52131e-11 
-3.7197e-11 1.73056e-11 
