-0.000692158 -0.018509 
0.029927 -0.0497491 
-0.00468961 0.348904 
-0.00147942 -0.00817053 
-0.0730427 -0.0503144 
0.0886083 -0.0493738 
-0.0152801 -0.0128009 
-0.303647 -0.139172 
-0.001949 -0.0537998 
-0.0237066 -0.00178276 
0.0130362 -0.0478997 
-0.013076 -0.0387043 
0.154808 0.0429557 
0.0191736 -0.0776953 
0.0502207 0.0333406 
-0.0373384 -0.0122692 
-0.00463473 -0.0262212 
-0.0209098 0.0404816 
-0.0515976 -0.0651116 
0.00806939 0.0159563 
-0.0560025 -0.00194782 
0.00280845 -0.0262614 
0.00439229 -0.0244438 
0.0447106 -0.048399 
-0.00424903 -0.0144711 
-0.0117655 -0.0315865 
-0.0264404 -0.0304465 
-0.00805738 -0.0296455 
0.0284507 -0.0448455 
0.0074231 -0.0206644 
-0.0468683 -0.0123843 
-0.0123151 -0.0493178 
-0.0557204 -0.0299626 
0.0122342 -0.0257494 
-0.0414461 -0.0181637 
0.090363 -0.0288093 
-0.0225901 -0.0611887 
0.0176724 -0.0375167 
-0.0878273 -0.0592126 
-0.0881389 -0.0485999 
-0.0286331 0.00823192 
0.0235201 -0.027461 
-0.0598616 -0.0764256 
-0.00880371 0.0237832 
-0.0949802 -0.016387 
-0.00576409 0.0153268 
-0.0873958 -0.0520944 
0.0975386 -0.117831 
0.00432251 -0.0123976 
-0.0275251 -0.0220986 
