-3.90098e-12 9.16864e-12 
-2.2406e-11 5.12072e-11 
-7.98288e-11 4.66873e-11 
-4.84344e-12 7.03051e-12 
-8.77376e-12 6.57334e-12 
-3.37353e-12 1.02498e-11 
1.13224e-11 9.2263e-11 
-6.89707e-11 7.58006e-12 
-1.05679e-11 1.01117e-11 
-1.41159e-10 2.97414e-11 
-9.02987e-12 1.52675e-11 
-1.04833e-10 1.31686e-11 
-8.85578e-12 3.9037e-11 
-8.19868e-12 7.1157e-12 
-4.5819e-12 7.98138e-12 
-2.99056e-12 1.60286e-11 
-3.50303e-12 -3.08342e-11 
-5.62965e-13 1.81263e-11 
1.20222e-11 8.0533e-11 
1.77097e-11 2.40588e-11 
