6.06133e-12 -2.60268e-12 
1.96273e-11 -3.94027e-13 
-1.14281e-10 -1.97418e-11 
-1.8452e-11 2.47147e-11 
-8.64005e-12 7.70258e-12 
1.5527e-11 5.2538e-12 
2.96201e-12 9.94819e-11 
3.54521e-11 9.28859e-12 
1.52548e-12 -7.40782e-12 
8.61148e-11 3.50823e-12 
-4.78776e-12 6.0967e-12 
-3.92039e-11 9.4692e-12 
-1.29572e-11 2.40732e-12 
-1.648e-12 -1.61108e-12 
1.64045e-11 2.75378e-11 
1.61459e-11 3.05682e-11 
-2.84616e-11 1.93124e-11 
6.66654e-13 1.03296e-11 
3.43655e-11 2.18791e-11 
-3.0815e-11 2.34959e-11 
