-0.0575341 -0.0338766 
-0.0338112 0.0197814 
-0.0413405 -0.634082 
-0.000141312 -0.0783574 
0.012494 -0.0232715 
0.0681797 -0.0105987 
-0.0181137 -0.0136702 
-0.125578 -0.126652 
-0.0887082 -0.0475801 
-0.0147814 -0.0852288 
-0.0624119 -0.0283951 
-0.0989388 -0.0248632 
0.034226 -0.152675 
0.0102576 -0.0120416 
-0.127941 -0.0636017 
-0.0218023 -0.0625237 
-0.0443059 -0.0528707 
-0.0168371 -0.116165 
-0.0215327 -0.0656721 
-0.0685568 -0.05427 
-0.0625219 -0.0311842 
-0.120395 -0.0443128 
-0.0169655 -0.0417304 
-0.0650548 -0.0441915 
-0.0509413 -0.0310503 
-0.0455203 -0.0724983 
-0.0151078 -0.0568421 
-0.00474526 -0.0596215 
-0.11215 -0.00724427 
-0.0610414 -0.0484737 
-0.0173238 -0.0764379 
-0.0363837 -0.000779504 
-0.0130098 -0.0342067 
0.0356215 0.00631363 
-0.0297772 -0.0515051 
-0.109268 -0.01138 
-0.0221063 -0.0328615 
-0.0692907 -0.0304423 
-0.0967434 -0.0359204 
0.0113286 -0.0626811 
-0.000291685 -0.117666 
-0.0265885 -0.0300447 
-0.0842081 -0.11426 
-0.0281769 -0.0523619 
-0.0113844 -0.0388727 
-0.039076 -0.0799439 
0.00838999 -0.0519465 
-0.0117051 -0.0355656 
-0.0408777 -0.0380196 
0.0551272 -0.0585407 
