-0.0435504 -0.0557086 
0.0879964 -0.0529945 
-0.0638639 -0.876597 
-0.0389045 -0.0526618 
-0.122975 -0.0256752 
0.045922 -0.0437865 
-0.0211665 -0.0252576 
0.0592687 -0.094271 
-0.0804929 -0.0435359 
-0.0261405 -0.0819767 
-0.0447577 -0.0510178 
-0.0324467 -0.0280088 
0.212245 -0.064453 
-0.0773692 -0.0272173 
0.0254467 0.0201262 
-0.054475 -0.0242677 
-0.0612515 -0.0363714 
-0.044245 -0.162076 
-0.0392182 -0.137616 
-0.113335 -0.111545 
-0.0223994 -0.0415729 
-0.186901 -0.0880875 
0.0140995 -0.0489434 
-0.00505893 -0.0191928 
-0.0610156 -0.0419261 
-0.0565509 -0.0583491 
-0.0242052 -0.069559 
-0.0992837 -0.0481625 
-0.114346 -0.0779896 
-0.0126451 -0.0289998 
-0.0382772 -0.0492438 
-0.0340162 -0.0367597 
-0.00767406 -0.0147746 
-0.0269583 -0.0236931 
-0.0462032 -0.0821428 
-0.175958 -0.069887 
-0.037552 -0.0278949 
-0.00913406 -0.0442828 
-0.0344911 -0.0380524 
-0.0497038 -0.0996212 
-0.0501896 -0.11703 
-0.0430475 -0.0255989 
-0.0330469 -0.138552 
-0.0131197 0.00759273 
-0.0965444 -0.0354769 
-0.0446736 -0.0481954 
-0.0178565 -0.0657494 
0.0276959 -0.105533 
-0.0148797 -0.0440538 
0.0541384 -0.031583 
