5.63677e-12 5.10436e-12 
3.99983e-11 5.23947e-12 
5.70124e-11 -2.27505e-11 
1.12379e-11 1.61774e-11 
2.34042e-12 9.3009e-12 
7.96912e-12 9.71655e-12 
1.08474e-12 3.93911e-11 
5.42791e-11 7.90827e-12 
2.70562e-12 6.68538e-12 
3.8245e-11 1.63222e-11 
3.44739e-12 1.00618e-11 
2.78331e-11 1.11538e-11 
1.7991e-11 -1.05619e-11 
1.57659e-11 -2.25157e-12 
3.84968e-12 1.7229e-11 
1.48061e-11 1.17991e-11 
4.4655e-12 3.77967e-12 
-1.92172e-11 4.57603e-12 
1.79107e-11 -8.04472e-13 
-1.64546e-11 1.39593e-11 
