-0.00700295 -0.0423127 
0.0511767 -0.080968 
-0.0145838 0.354578 
-0.0411942 -0.0331059 
-0.0897803 -0.033596 
0.000586623 -0.0529324 
-0.0192307 -0.0144082 
-0.10299 -0.0420991 
0.0443747 -0.0434818 
-0.0306829 -0.00675654 
-0.0125789 -0.0306819 
-0.0538142 -0.0323911 
0.0906601 0.0485315 
0.00771981 -0.0631851 
0.0467274 0.0437522 
-0.0407595 -0.019837 
-0.049184 -0.0514415 
-0.0545666 0.0472305 
-0.0388723 -0.0540142 
-0.0473369 0.0294527 
-0.0755874 -0.0353508 
-0.00831263 -0.00940267 
-0.0039845 -0.0111054 
-0.042821 -0.0414325 
-0.0134332 -0.0471713 
-0.0304727 -0.0256422 
-0.0253346 -0.0366495 
-0.0746065 -0.0186218 
-0.0344594 -0.130571 
-0.0381241 -0.0879161 
-0.0488958 0.00216592 
-0.0130209 -0.061729 
-0.00841321 -0.0165984 
-0.0714861 -0.0430425 
-0.0424295 -0.0472346 
-0.101811 -0.0410427 
-0.0482956 -0.0722883 
-0.00937511 -0.0670074 
-0.0703246 -0.0575459 
-0.0452741 -0.0818387 
-0.0291411 -0.0395455 
-0.040011 -0.0245436 
-0.0404318 -0.116234 
-0.0144455 0.0295715 
-0.132227 -0.0348566 
-0.0438373 -0.0207706 
-0.0502531 -0.0545054 
0.0545331 -0.221358 
-0.011982 -0.0308114 
0.0360354 -0.0124793 
