-1.83347e-12 1.06452e-11 
2.26507e-11 1.52092e-11 
-5.49353e-11 1.44197e-11 
-7.12576e-12 1.1544e-11 
-4.35621e-12 6.84372e-12 
-5.13111e-12 9.6708e-12 
8.17459e-12 3.9546e-11 
-2.71149e-11 9.78598e-12 
2.81408e-12 1.36806e-11 
-5.36206e-11 1.75576e-11 
-4.3086e-15 8.60848e-12 
2.26347e-11 9.38002e-12 
3.258e-12 3.7627e-12 
-1.26594e-11 1.52126e-11 
-8.51247e-12 1.26115e-11 
1.58918e-12 4.09225e-12 
-1.78419e-11 1.41775e-11 
-3.05662e-12 1.17319e-11 
-2.81166e-12 -8.10754e-12 
1.3625e-12 1.82236e-11 
