-1.72811e-12 5.53649e-12 
4.19148e-11 2.43761e-11 
-7.62656e-11 7.82175e-13 
-1.14217e-12 1.65982e-11 
-5.98526e-12 1.09988e-11 
-1.03543e-11 9.82742e-12 
5.27294e-12 4.77678e-11 
1.59021e-11 9.74506e-12 
3.24086e-12 8.78465e-12 
2.41855e-11 1.95462e-11 
2.95395e-13 8.47631e-12 
-9.62899e-12 1.08589e-11 
3.6146e-12 -8.80583e-12 
-5.89997e-12 1.93505e-11 
-7.01642e-12 1.74903e-11 
2.88584e-12 5.01355e-12 
-4.29959e-11 2.6711e-12 
6.8645e-12 -1.49819e-12 
-4.66815e-12 -5.25122e-12 
-9.06826e-13 5.25279e-12 
