-0.0386033 -0.0556209 
-0.0118859 -0.00682121 
-0.0173528 0.16635 
0.00269135 0.00622268 
0.00880772 -0.0257803 
0.0350944 -0.0308901 
-0.0185123 -0.0178899 
-0.165115 0.00696195 
-0.0790383 -0.0375439 
-0.00419537 -0.0159708 
-0.0460728 -0.0728456 
-0.049267 -0.0320588 
0.0149277 -0.129833 
0.00981778 -0.0919836 
-0.0980424 -0.0828989 
-0.0129738 -0.0558315 
-0.0126452 -0.0283413 
-0.00200919 -0.0839048 
-0.0136045 0.00618605 
-0.0212208 -0.0658831 
-0.00508228 0.0150609 
0.0851803 -0.0728435 
-0.0177795 -0.0517264 
-0.0448882 -0.0783871 
-0.0396362 -0.0516628 
-0.0438055 -0.0538659 
-0.01807 -0.0183791 
-0.0268341 -0.0640758 
-0.00226233 0.0323083 
-0.0413758 -0.077747 
-0.00562316 -0.0683085 
-0.00591794 0.0016994 
-0.031423 -0.0616731 
-0.0166603 -0.0188396 
-0.0256692 -0.0312016 
-0.114802 -0.0384705 
0.00149845 -0.00840653 
-0.0535738 -0.00816029 
-0.0427502 -0.0391482 
0.0187164 0.037338 
-0.00239999 -0.0695446 
0.0129981 -0.0251869 
-0.162203 -0.0461226 
-0.029414 -0.0624065 
0.0304415 -0.0127508 
-0.00215958 -0.0550867 
-0.0260917 -0.0443809 
-0.00799926 -0.151268 
-0.020808 -0.00348439 
0.0164952 -0.0495435 
