-11.0527 29.3898 
13.232 1.49464 
12.4413 6.44783 
-24.2263 5.49282 
15.6904 8.48246 
10.2252 -0.34583 
12.9932 14.3506 
14.8457 20.9498 
13.6026 12.2139 
16.9052 9.59729 
14.4167 -0.408927 
13.6504 13.0429 
14.122 7.71714 
9.05892 8.93713 
19.7184 17.3218 
7.51268 12.2609 
6.85279 -0.613063 
17.1045 17.1415 
14.0798 -11.127 
10.1517 6.50804 
17.8407 20.9009 
10.5334 4.43041 
14.4576 5.1681 
12.3945 26.9274 
5.39285 -5.31564 
19.3195 4.63762 
14.3494 4.88824 
6.54714 12.6807 
32.768 19.3605 
4.41229 14.6732 
-24.3852 8.01473 
9.27973 9.11691 
5.55258 5.88169 
16.7044 -2.83406 
6.36846 16.348 
25.2179 -4.3929 
13.6017 12.2976 
11.3036 -9.62092 
12.7182 9.54718 
14.8921 1.69145 
4.1322 18.3449 
2.65378 17.5998 
11.2279 -0.767565 
11.769 14.3131 
14.0749 11.0515 
2.20257 5.56233 
-19.8961 19.1766 
20.0859 16.5783 
32.768 9.0555 
16.6807 -0.409469 
