-0.0338771 -0.0858755 
-0.00861535 -0.0602698 
-0.0414761 -0.586564 
-0.0245498 -0.0989248 
-0.0390042 -0.00380784 
0.0788643 -0.0134968 
-0.0201606 -0.0248702 
-0.0840352 -0.00994772 
-0.0405867 -0.0486915 
-0.0350531 -0.0965408 
-0.0755204 -0.0707896 
-0.0321852 -0.0405415 
0.144114 -0.0831054 
-0.0149394 -0.0523379 
0.00170994 -0.040177 
-0.0314745 -0.0435304 
-0.0244685 -0.026671 
-0.00955425 -0.16099 
-0.00435453 -0.0405411 
-0.0639699 -0.0265656 
0.0384333 -0.00873297 
-0.0801056 -0.103421 
0.00974501 -0.0838531 
-0.0282232 -0.070502 
-0.0455895 -0.0388432 
-0.0644819 -0.0473815 
-0.0225336 -0.0721247 
-0.0428616 -0.0294417 
-0.0622969 0.0208389 
-0.0387756 -0.0399747 
-0.0283007 -0.0800392 
-0.0236233 0.0474013 
-0.0311096 -0.0351239 
-0.0408073 -0.0272589 
-0.0292531 -0.0705524 
-0.147125 -0.0699447 
-0.0223222 -0.0177512 
-0.0437171 -0.0207933 
-0.105759 -0.0231101 
-0.00596152 0.0178196 
-0.0323095 -0.0672744 
-0.02113 -0.0204104 
-0.0562135 -0.0448973 
-0.0168896 -0.0408963 
0.0142768 -0.0231477 
-0.0783714 -0.0311002 
-0.0227468 -0.0796061 
-0.0651331 0.092589 
-0.0263862 -0.0147237 
0.0203259 -0.0363863 
