7.59025e-13 -1.48022e-11 
1.8302e-11 9.40028e-12 
-3.3043e-11 2.00537e-13 
-1.99845e-12 6.62433e-12 
2.10361e-12 6.10787e-12 
2.85478e-12 6.2299e-12 
1.18628e-12 3.91276e-12 
2.00198e-11 -1.99416e-13 
5.87901e-13 2.10767e-12 
6.27377e-11 -6e-13 
2.02198e-12 5.14604e-12 
-2.42301e-13 4.99704e-13 
-5.93648e-12 -2.51705e-12 
-4.86602e-12 4.19914e-12 
1.38222e-12 1.39243e-12 
4.32986e-13 7.17654e-12 
1.16287e-11 -5.05653e-12 
1.51932e-12 6.71269e-13 
7.42106e-13 -7.54993e-13 
1.69286e-12 5.47459e-12 
