2.81956e-12 -2.13908e-11 
-1.26551e-12 1.30667e-12 
7.53226e-11 -1.27048e-11 
3.08522e-12 -4.08181e-12 
1.65233e-12 -5.83968e-13 
1.09456e-12 4.11849e-12 
1.31501e-12 -7.74917e-13 
-1.31476e-11 -6.19991e-12 
4.1442e-12 8.07873e-13 
-6.09597e-11 -5.68228e-13 
1.19299e-12 5.88714e-13 
-1.22173e-12 1.13582e-11 
-3.06801e-12 -1.56134e-12 
3.33275e-12 -3.85586e-12 
-1.70034e-12 1.27344e-12 
6.227e-12 1.10388e-12 
-1.0119e-11 5.00339e-12 
1.0161e-12 8.40367e-13 
2.18555e-12 5.14776e-13 
4.27376e-12 -3.81659e-12 
