-0.0411916 -0.0639757 
-0.0476277 0.0193387 
-0.0246027 -0.139701 
-0.0112188 -0.0147306 
-0.0373937 -0.0525397 
-0.0463586 -0.0107688 
-0.00618948 -0.0175161 
-0.0912738 -0.0184088 
-0.0602112 -0.0453217 
-0.0182827 0.0043692 
-0.0599816 -0.0387968 
-0.0590172 -0.022411 
0.109556 -0.214185 
-0.0448255 -0.0662938 
0.0433052 -0.0317223 
-0.0387333 -0.0592005 
-0.0334491 -0.0530749 
-0.00348109 -0.182624 
-0.059971 -0.00469242 
-0.0649542 -0.0214199 
0.0121086 -0.0204524 
-0.110426 -0.0255883 
-0.025757 -0.115298 
-0.172601 -0.0557292 
-0.0430679 -0.0471492 
-0.0471701 -0.0218196 
-0.0326329 -0.0759895 
0.0213257 -0.041389 
0.00184444 -0.035981 
-0.0406927 -0.0384804 
-0.0226701 -0.0912785 
-0.0362372 -0.0481343 
-0.0417902 -0.0390856 
-0.0258251 -0.0241526 
-0.030386 -0.0293244 
-0.160356 -0.0279169 
-0.023291 -0.0311908 
-0.0430539 0.0392338 
-0.0989519 -0.0469427 
-0.0241163 0.0519228 
-0.0840827 -0.0454837 
-0.0183774 -0.0232739 
-0.0352231 -0.0340551 
-0.0286057 -0.028979 
-0.00964621 -0.0682809 
-0.0125088 -0.00636912 
-0.0514508 -0.0921692 
-0.0693191 -0.0127683 
-0.0356369 -0.0291867 
0.0465399 -0.0478124 
