9.09762e-13 -1.37903e-11 
1.55179e-12 2.65068e-12 
2.8714e-11 3.22798e-12 
-4.36704e-13 -8.90393e-13 
1.07794e-12 -2.3044e-12 
-6.20306e-13 7.76767e-12 
9.88676e-13 -3.90183e-12 
-5.552e-12 -1.65614e-13 
2.80042e-13 4.21046e-12 
-2.49553e-11 -9.67824e-13 
5.61135e-13 5.99941e-13 
1.17929e-12 5.35401e-12 
-3.40471e-12 1.19887e-12 
1.28445e-13 2.00276e-12 
-2.5116e-12 2.645e-12 
-5.33581e-13 4.64903e-12 
-2.35554e-12 2.22088e-12 
-2.11812e-13 -4.56171e-13 
1.36634e-14 1.01884e-12 
8.18352e-13 -4.08761e-13 
