-0.0381816 -0.0403611 
-0.0223468 -0.0241736 
-0.0429035 0.697513 
-0.031973 -0.0561066 
0.0125031 -0.10223 
0.315357 -0.0374735 
-0.0389241 -0.0615339 
-0.0453587 -0.0431883 
-0.0443833 -0.0522906 
-0.0459894 -0.0400035 
-0.0355321 -0.0689855 
-0.0462462 -0.0450613 
0.0664299 -0.109918 
-0.0479726 -0.0371538 
-0.0242773 -0.0279038 
-0.0452349 -0.0750964 
-0.0313015 -0.0553935 
-0.0033997 -0.167073 
-0.0107419 -0.0403623 
-0.0472759 -0.0315284 
-0.0027586 -0.0855363 
-0.158385 -0.0378188 
-0.0224371 -0.0445414 
-0.0546593 -0.0750581 
-0.0397757 -0.0623054 
-0.0477205 -0.0602777 
-0.0379483 -0.0256457 
-0.0066451 -0.0523603 
0.0225588 -0.0446179 
-0.0339839 -0.0251959 
-0.010769 -0.126156 
-0.0318812 -0.0582361 
-0.0378643 -0.049019 
-0.0322645 -0.0610992 
-0.0405802 -0.0681402 
-0.000824012 -0.0310258 
0.00999727 -0.0314803 
-0.0527206 0.0469348 
-0.0253644 -0.0967818 
-0.0382575 -0.0195573 
-0.043848 -0.0578041 
-0.0134345 -0.0468767 
-0.0775222 -0.0545959 
-0.0330739 -0.0450239 
-0.0258811 -0.0638873 
-0.0440442 -0.0369165 
-0.0347361 -0.0747954 
-0.0588542 -0.103462 
-0.0327572 -0.0374271 
0.0558895 -0.0566351 
