-2.12308e-12 7.8687e-12 
-3.21011e-12 -1.02336e-12 
4.7277e-11 -2.34212e-13 
-3.73571e-12 -7.538e-13 
3.11801e-13 9.21511e-13 
-1.308e-12 -2.84522e-12 
-3.08887e-12 -5.17705e-12 
-6.52059e-12 -1.09104e-12 
-1.49373e-12 -2.91058e-12 
-4.57636e-12 -2.33773e-12 
-3.47448e-12 -1.71704e-12 
-1.89182e-12 -8.7176e-13 
-3.06905e-12 4.43155e-13 
-1.58108e-12 -5.37534e-13 
-5.25269e-12 -5.97405e-13 
-2.96653e-12 -6.24448e-13 
-4.27722e-12 -1.43331e-12 
-1.46396e-12 -1.29583e-14 
-2.2031e-12 -4.14325e-13 
-2.78405e-12 8.61413e-14 
