-0.0417632 -0.0371394 
-0.0317095 -0.0239995 
-0.0392625 -0.653662 
-0.00900042 -0.0263027 
-0.124231 0.0253598 
-0.160138 -0.0492587 
-0.0300145 -0.033015 
-0.0753797 -0.0022544 
-0.0234057 0.00484885 
-0.0421369 -0.0298206 
-0.0233368 -0.0389764 
-0.0420641 -0.0362033 
0.0255148 0.0853871 
-0.0228244 -0.0424303 
-0.0495158 -0.0157275 
-0.00183739 0.0191723 
-0.0403463 -0.0533315 
-0.030306 0.117621 
-0.0563736 -0.0300276 
-0.0317323 -0.00725847 
-0.0449395 -0.0257525 
0.139906 -0.0141993 
0.0162016 0.0330528 
-0.132099 -0.0479879 
-0.040262 0.0170434 
-0.0416148 -0.0127892 
-0.0381728 -0.0232154 
-0.0672864 -0.0241581 
-0.0337501 0.0254162 
-0.0370362 -0.024837 
-0.0433313 0.0203694 
-0.0410201 -0.0269356 
-0.0380977 -0.0173034 
-0.0431613 -0.0108849 
-0.0434777 -0.00390289 
-0.0131799 -0.00996298 
-0.0439116 -0.0552856 
-0.0342617 -0.112862 
-0.0630809 0.00872835 
-0.038179 -0.018442 
0.0205913 -0.0312471 
-0.0412869 -0.0106255 
-0.0461324 -0.0208534 
-0.0326331 -0.00334878 
-0.10105 -0.0118785 
0.0114505 -0.0214575 
-0.038937 -0.0558981 
-0.0493325 0.00571786 
-0.0354474 -0.0178523 
-0.084761 -0.0255389 
