-0.0370378 -0.0536573 
-0.0151992 -0.0108268 
-0.0374364 -0.0291739 
-0.0237694 -0.0610143 
-0.0439313 0.0606301 
0.0346982 -0.060995 
-0.0301461 -0.0508299 
-0.114858 -0.00781041 
-0.0292561 -0.0764343 
-0.0407371 -0.0630674 
-0.0175937 -0.0445963 
-0.0349485 -0.0387145 
0.0754479 -0.126724 
-0.0329447 -0.0207266 
-0.0804266 -0.042822 
-0.00780696 -0.124322 
-0.0331462 -0.0439097 
-0.0326013 -0.0630965 
-0.058992 -0.0258936 
-0.0220118 -0.0248989 
-0.0585612 -0.0157313 
0.0368118 -0.0491842 
0.0287871 0.0132527 
-0.075746 -0.0469786 
-0.038677 -0.00922231 
-0.0356921 -0.00378285 
-0.0373332 -0.028804 
-0.0652432 -0.036097 
-0.0748104 -0.103462 
-0.0356981 -0.0282029 
-0.0510096 0.0214032 
-0.0471394 -0.0190177 
-0.0391801 -0.0112635 
-0.0391536 0.0133899 
-0.0486342 0.00337096 
-0.0265718 -0.0315944 
-0.0467257 -0.0912431 
-0.0334205 -0.102108 
-0.0452936 -0.00318402 
-0.037994 -0.0188729 
0.00274502 -0.0415755 
-0.0436733 -0.00537489 
-0.0740633 -0.0500013 
-0.0345889 -0.0400577 
-0.0853815 -0.0293836 
-0.0615225 -0.0315344 
-0.0195745 -0.0292107 
-0.0284587 0.0972519 
-0.0377659 -0.0216693 
-0.0218477 -0.0520068 
