-8.63468e-13 3.11522e-12 
1.36728e-12 -4.33668e-13 
8.52923e-11 9.81257e-13 
-7.0341e-13 -7.12545e-13 
1.58164e-12 -1.21989e-12 
5.61993e-13 5.5321e-13 
-3.23159e-12 -3.24261e-12 
-4.94514e-13 -2.42646e-13 
4.8266e-13 4.28442e-13 
-2.39555e-12 -2.40173e-13 
-5.64184e-14 -4.12401e-13 
-1.34772e-12 -2.90904e-13 
-6.88689e-13 9.95064e-15 
-1.13065e-13 -7.98781e-14 
-7.17319e-13 1.72236e-13 
-1.75822e-12 -1.53327e-13 
-2.4851e-12 1.38169e-13 
3.97928e-12 -1.27875e-12 
2.53046e-12 -4.40701e-13 
7.59797e-15 5.14424e-13 
