-1.37538e-13 1.8946e-12 
-4.86479e-13 2.08677e-13 
6.04954e-11 -4.97213e-13 
-2.73943e-13 6.75814e-13 
3.37105e-14 3.65155e-13 
1.41651e-12 4.64214e-13 
5.41938e-15 2.18059e-13 
-3.22955e-13 3.16752e-14 
-2.62894e-12 3.80355e-12 
-9.47119e-13 1.94541e-13 
-3.10298e-12 5.08577e-13 
-2.32449e-13 6.98113e-13 
-1.33441e-12 3.55494e-13 
-2.5916e-12 2.09356e-13 
-2.36997e-12 1.10411e-12 
5.82756e-13 1.33271e-12 
-7.27384e-12 -5.17879e-13 
7.653e-13 -5.15024e-13 
6.21129e-13 1.89928e-13 
1.44289e-12 -3.72232e-13 
