-3.82213e-13 -2.89797e-12 
-4.2202e-13 2.10552e-13 
-4.92099e-11 1.57203e-12 
-6.10282e-13 4.28426e-14 
-2.97139e-12 -1.46912e-12 
-2.02337e-12 -1.36234e-12 
-2.1769e-12 -1.42679e-12 
9.20141e-13 5.18228e-14 
7.64374e-13 -1.62006e-12 
7.88321e-14 1.67625e-13 
-3.20921e-12 3.46331e-13 
-2.16565e-13 -2.56098e-13 
-2.05136e-13 -2.95391e-14 
2.27032e-13 -3.6442e-14 
8.32731e-13 9.60326e-13 
-4.87082e-13 1.0812e-13 
-2.58963e-12 -1.18694e-12 
6.90392e-14 6.33117e-13 
5.38567e-13 2.17381e-13 
-5.93335e-12 2.46596e-14 
