4.18119e-13 7.72158e-14 
6.69732e-13 2.7579e-13 
-9.90315e-12 1.13981e-12 
4.6673e-13 1.10886e-13 
7.21017e-13 -1.7257e-12 
-2.28822e-12 9.53868e-13 
2.92334e-13 6.43443e-13 
1.17047e-12 4.38805e-13 
1.92173e-12 -4.3218e-12 
-4.9391e-13 2.17351e-13 
2.17462e-12 3.04295e-13 
-1.45456e-13 2.95242e-13 
8.40929e-13 1.90137e-13 
-6.02905e-13 -1.73368e-14 
-2.82511e-12 3.27336e-13 
-7.97033e-13 -4.16158e-13 
4.92025e-12 -2.37739e-13 
1.42222e-12 -7.09685e-13 
-3.32457e-13 1.82674e-13 
-4.30062e-12 8.41151e-13 
