1.03379e-12 3.69321e-14 
-2.15188e-13 -4.70795e-14 
-4.05921e-12 9.56956e-13 
-2.01338e-13 -4.69803e-14 
-4.26202e-13 -4.95471e-12 
5.97908e-14 -9.81481e-14 
5.56152e-14 5.59139e-13 
5.08324e-12 -1.12056e-13 
-2.08355e-13 6.49444e-13 
3.98417e-13 -1.63828e-14 
2.76971e-14 2.58829e-15 
-6.08484e-13 -9.45891e-15 
-1.4422e-13 9.37142e-14 
-7.56212e-14 1.06663e-13 
-2.11862e-12 -1.40621e-12 
-3.77825e-13 6.1341e-15 
1.23579e-12 -2.24705e-13 
-7.92063e-14 -1.98585e-14 
-2.04467e-13 -1.01222e-14 
2.56233e-12 5.79033e-14 
