-4.13698e-13 2.37511e-13 
2.80934e-14 7.27213e-14 
3.61514e-12 2.04488e-12 
-1.97667e-13 1.15102e-13 
-3.94359e-14 1.44162e-12 
2.30223e-13 -2.15922e-13 
-1.36948e-13 -1.27871e-13 
5.77416e-13 1.24949e-13 
-3.47401e-13 5.43367e-13 
4.43369e-13 -5.14969e-14 
-4.35942e-13 6.6893e-14 
6.36741e-14 3.54755e-14 
-1.20955e-13 1.47886e-13 
-2.44322e-13 2.03632e-15 
7.04597e-13 9.82597e-13 
-3.92932e-13 -1.10818e-13 
5.61404e-12 -1.65635e-13 
1.18171e-13 -1.48231e-14 
-1.12529e-13 5.48609e-14 
2.16979e-12 -2.41445e-14 
