-0.0194717 -0.0524307 
-0.0933922 -0.0330045 
0.0139527 0.476058 
-0.00837811 -0.0585972 
0.0121823 -0.0377288 
-0.025898 0.00513719 
-0.0313924 -0.0204964 
-0.00898213 -0.0365349 
0.00680814 -0.0396287 
-0.0206067 -0.0395975 
0.003773 -0.0328057 
-0.022779 -0.0368798 
0.0121447 -0.0210187 
-0.0197645 -0.030814 
0.0363689 -0.027605 
-0.00487868 -0.0185736 
-0.0101864 -0.0695592 
-0.0394526 -0.072731 
0.00744347 -0.0339246 
0.0290039 -0.00448497 
-0.00301602 -0.0327414 
0.0832946 -0.049086 
0.0009188 -0.0203489 
0.0118764 -0.0423203 
-0.0362382 -0.0189317 
-0.00702698 -0.0147884 
-0.0216779 -0.0347592 
-0.0200863 -0.0308454 
-0.00966602 -0.071769 
-0.00741179 -0.0308848 
-0.0286282 -0.0387097 
-0.00562841 -0.0473434 
-0.00610361 -0.0226792 
0.00310274 -0.0248405 
0.0119527 -0.0270092 
-0.032322 -0.0267875 
0.00324684 -0.0413103 
-0.0193462 -0.0446716 
-0.0141404 -0.149724 
-0.032659 -0.0382704 
0.0339268 -0.0332884 
-0.0187783 -0.0237886 
-0.0210483 -0.0279272 
-0.00755704 -0.0365869 
0.0794859 -0.0247977 
0.0507065 -0.0394622 
-0.0417541 -0.0660321 
0.0141203 -0.0234156 
-0.0179448 -0.0302743 
0.0402603 -0.0411118 
