5.01672e-13 2.53613e-14 
5.51909e-14 -1.50716e-13 
-3.91253e-12 2.60104e-12 
-1.18437e-13 -2.57232e-14 
-5.43362e-13 -4.78664e-12 
-1.87024e-14 -1.17235e-13 
-1.56685e-13 3.16903e-13 
2.21758e-12 1.37713e-13 
-2.45378e-13 2.48615e-13 
9.04112e-15 3.26084e-16 
1.56105e-13 6.1677e-14 
1.62126e-13 -2.30883e-14 
-6.41381e-14 1.87603e-13 
-3.47387e-13 2.51172e-14 
-6.79749e-12 -2.53403e-13 
-2.832e-13 -1.54344e-13 
1.55501e-12 -4.54874e-14 
-1.97792e-13 -3.44181e-15 
-1.53572e-13 -3.2084e-14 
1.01907e-12 -3.71575e-14 
