1.99663e-13 -1.21164e-13 
-1.56692e-13 -5.85056e-14 
-1.22071e-12 1.59301e-12 
-6.05443e-14 2.0647e-14 
-3.17768e-13 -3.2497e-12 
-2.50925e-13 -4.2949e-14 
3.30181e-14 2.86696e-14 
2.12261e-12 3.2127e-13 
-1.3482e-13 -2.47436e-13 
-4.83611e-13 -2.98628e-15 
-1.254e-13 -1.55093e-14 
5.31982e-14 -1.98902e-14 
6.85101e-14 1.10085e-13 
-1.66342e-13 1.75073e-15 
-2.10292e-12 1.19299e-12 
9.38916e-14 -1.60114e-13 
-2.43865e-12 3.93738e-15 
-3.58301e-13 -1.22695e-15 
-1.67806e-13 -1.82358e-14 
6.15011e-13 -4.3297e-14 
