-0.0604316 -0.0780118 
-0.0887224 -0.0296134 
-0.0786984 -0.136029 
-0.0486019 -0.0267701 
-0.108057 -0.0746392 
0.140754 -0.131691 
-0.0350977 -0.0465894 
-0.0238346 -0.0343428 
-0.0352512 -0.0483429 
-0.0461108 0.00756651 
-0.0467116 -0.0359065 
-0.0466361 -0.0597534 
-0.0532359 -0.00903315 
-0.0480946 -0.0348769 
-0.0109438 -0.0475548 
-0.0625432 -0.0489286 
-0.0434616 -0.0610479 
-0.0452 -0.0809163 
-0.0461157 -0.0344014 
-0.0453729 0.0443077 
-0.0195329 -0.0271711 
-0.035856 -0.0309041 
-0.0206609 -0.0191605 
-0.0561374 -0.0329222 
-0.0600249 -0.0556383 
0.001278 -0.0249902 
-0.0138603 -0.0370863 
0.0321363 -0.0334529 
0.00919923 -0.0437178 
-0.0615819 -0.0258973 
-0.0567666 -0.038361 
-0.0520844 -0.030391 
-0.0547915 -0.0344824 
-0.0233194 -0.0148945 
-0.0333595 -0.00749353 
-0.0122351 -0.0364945 
-0.0565083 -0.0406079 
-0.0258134 -0.038332 
-0.00371946 0.0182688 
-0.0529468 -0.0149434 
-0.0621574 -0.033368 
-0.0407856 -0.0284187 
-0.0427212 -0.034541 
-0.0122586 -0.0347104 
-0.0585335 -0.0437887 
-0.116537 -0.0353398 
0.00621643 -0.0460608 
-0.0808568 -0.046512 
-0.0338321 -0.0438417 
-0.0274416 -0.0349296 
