-3.68224e-13 4.61244e-14 
-5.11603e-14 1.08799e-13 
3.64665e-12 -2.27043e-13 
-1.41932e-13 1.09691e-14 
8.9066e-14 2.38586e-12 
5.13749e-14 1.68598e-15 
2.57527e-14 1.28109e-13 
-5.67668e-14 3.67197e-13 
-1.13137e-13 8.27309e-13 
3.89599e-13 -1.91338e-14 
8.61079e-15 -2.46296e-14 
-1.89323e-13 -8.44105e-15 
-1.50189e-13 -3.55285e-14 
9.6512e-14 -3.19701e-14 
-2.12722e-12 1.76868e-13 
1.2044e-13 -1.92912e-14 
1.04399e-12 -6.39564e-14 
2.02125e-13 -2.04531e-14 
4.97778e-14 -1.86723e-14 
2.85932e-15 -3.19326e-14 
