-0.0138753 -0.0630848 
-0.0495931 -0.0206615 
0.0236964 -0.114852 
-0.0174264 -0.0520153 
0.0222483 -0.0645901 
0.025623 -0.077178 
0.00256521 -0.0304916 
-0.0323529 -0.0330391 
-0.0139269 -0.0226264 
-0.0194297 0.0102899 
0.000952786 -0.0373554 
-0.0413566 -0.055234 
0.0273486 -0.0474383 
-0.00515745 -0.0254215 
0.00918962 -0.0230156 
-0.0452284 -0.024726 
-0.0205612 -0.0547237 
0.000882793 -0.0160687 
-0.0300471 -0.0265689 
0.0220505 0.000872936 
-0.0162027 -0.0190018 
-0.00383228 -0.0273307 
-0.00844186 -0.0217001 
-0.00522323 -0.0181452 
0.0133152 -0.0178216 
-0.0206867 -0.0207061 
-0.00160832 -0.0173267 
0.0237032 -0.0150033 
-0.000779155 -0.0263615 
0.0347623 -0.0240168 
-0.027756 -0.0188573 
-0.0544454 -0.0151402 
-0.0328922 -0.0150957 
-0.0145489 -0.0123536 
0.0017915 0.00587147 
-0.0149123 -0.0266737 
0.00182579 -0.0663149 
-0.00730215 -0.0243721 
0.0191333 -0.0258244 
-0.00311912 -0.0237677 
-0.0335256 -0.0290211 
-0.0149996 -0.0318762 
-0.0119508 -0.0196828 
-0.00992325 -0.0100868 
-0.0397538 -0.0227458 
-0.0520589 -0.0258828 
0.0103425 -0.0267358 
-0.148162 -0.0370424 
-0.00815608 -0.0232678 
-0.0346222 -0.00571054 
