1.85704e-13 2.5493e-14 
-6.534e-14 -8.78434e-15 
3.97111e-14 3.47238e-15 
-2.91936e-14 2.84597e-14 
-1.9142e-14 -1.61072e-12 
6.77359e-14 2.08375e-14 
-4.26067e-14 1.75087e-14 
3.70408e-14 7.25935e-14 
-4.00622e-14 -1.344e-13 
2.30919e-14 2.37117e-14 
-3.54015e-14 6.84042e-14 
-2.17622e-13 3.38042e-14 
-5.16016e-14 -4.04662e-14 
7.97593e-14 8.05075e-15 
-1.09443e-12 2.33691e-13 
-1.10388e-13 4.54217e-14 
-2.24997e-13 4.54646e-14 
-9.77633e-15 2.91842e-14 
-4.57488e-14 2.65501e-14 
-4.2913e-14 1.70833e-14 
