-0.0146209 -0.0309337 
0.0773575 -0.00995639 
0.0255296 -0.0854011 
-0.00359891 -0.0706396 
-0.0140653 -0.0312977 
0.0203685 -0.0445448 
-0.00255504 -0.0325618 
0.0600038 0.000908739 
0.0200411 -0.0178867 
0.0473697 -0.0256519 
-0.00351986 -0.0197305 
-0.0223597 -0.0174731 
0.0033463 0.0156743 
0.0265455 0.00742922 
0.022605 -0.01871 
-0.0708271 0.0055163 
0.000729732 -0.0593256 
0.0499454 0.0241554 
0.0530357 -0.0242243 
0.0249431 0.0579714 
0.0653328 0.0145721 
0.049216 0.00785917 
-0.0140776 0.00462475 
0.0356493 0.07992 
0.0771973 0.0366422 
-0.0390344 -0.00176775 
0.0526554 -0.0415933 
-0.0213026 0.00200448 
-0.000923262 0.00732013 
0.0879522 0.0201513 
-0.0372692 -0.00800172 
-0.037227 0.000551934 
-0.0463489 -0.0263567 
0.0294994 -0.00692948 
0.0324858 0.0145266 
0.0556608 0.0168168 
0.00647255 0.00306761 
-0.0392609 -0.0209151 
0.0735675 -0.00158946 
0.0399207 -0.0171718 
0.0316327 -0.00457596 
0.0489552 -0.00957929 
0.00909092 0.00483205 
0.021001 -0.00946624 
-0.0527318 0.0185772 
-0.0132457 -0.036551 
0.0262229 0.00987465 
0.0489767 0.00845366 
0.0245505 0.013409 
0.0688821 -0.0243231 
