-5.09845e-14 1.6274e-14 
-3.45766e-15 -2.4566e-14 
4.85489e-14 5.69491e-15 
-2.67743e-14 1.47461e-14 
-3.41445e-14 -2.89429e-12 
7.75059e-14 1.44965e-14 
-1.62113e-14 -2.93764e-15 
5.13565e-14 1.06108e-13 
7.30938e-14 -1.11775e-13 
2.03781e-14 8.19392e-15 
2.94207e-14 3.20418e-14 
5.33128e-14 2.21395e-14 
-5.35391e-14 -4.8159e-14 
3.14908e-14 -1.97426e-14 
-3.34278e-12 1.12829e-13 
-1.23517e-14 1.46439e-14 
-2.58171e-14 5.69252e-14 
2.79496e-14 -3.95388e-15 
-2.30606e-14 1.28084e-14 
-3.51521e-14 1.73235e-14 
