-9.77151e-14 1.11344e-14 
-9.94462e-16 -8.28831e-15 
1.10447e-14 1.80255e-14 
-1.88235e-14 2.12669e-14 
-3.55337e-14 -4.16873e-12 
2.03416e-13 2.13742e-14 
-2.06767e-14 5.85377e-14 
7.18902e-15 2.43953e-13 
-4.31701e-15 -7.21073e-15 
-6.77739e-15 1.1408e-14 
8.43607e-15 1.94746e-14 
1.64227e-15 2.43407e-14 
-3.88375e-14 1.61623e-14 
-1.47039e-14 -2.7082e-14 
-8.73838e-13 5.01109e-14 
-1.22115e-14 1.61136e-14 
1.431e-13 -4.14783e-15 
-1.09035e-14 2.18886e-14 
-8.399e-15 2.02149e-14 
-3.53989e-14 1.66153e-14 
