-0.0119872 -0.0178665 
0.0750346 -0.0166027 
0.0528836 -0.0453765 
0.0602022 -0.033959 
0.0027842 -0.0199535 
0.0186618 0.0397627 
0.0794597 0.0150673 
-0.0248956 0.00950375 
0.0303631 0.00134485 
0.0349311 0.0243277 
0.0391483 -0.0349573 
0.0429535 0.00138118 
0.0379066 0.00422612 
-0.0516828 -0.00717306 
0.0425086 0.00236775 
0.107823 -0.0184733 
0.0580405 -0.0566784 
0.0338605 -0.0199999 
0.0364058 -0.00795478 
0.0121815 0.00900397 
0.0698497 0.0248652 
0.031997 -0.0197743 
0.0704811 -0.0880435 
0.0415917 0.00484432 
0.0147098 -0.0452509 
0.00834938 -0.0234385 
0.040571 -0.0211702 
0.035742 -0.0304555 
0.0229648 -0.0428568 
-0.0296481 0.00621957 
0.00142395 -0.0091476 
0.0262531 -0.000878036 
0.060052 0.00153754 
0.0565445 -0.0081722 
0.00874535 -0.0294279 
0.0605632 -0.00821508 
-0.0399083 -0.00471579 
0.087854 -0.0210566 
0.0330944 0.00122657 
0.0407232 0.00277394 
0.0576708 -0.00507314 
0.0267844 0.0196447 
0.0279639 0.0205663 
0.031792 -0.00254391 
0.0868593 0.00745741 
0.0281247 -0.00262008 
0.0776136 0.0199739 
0.0409567 0.0021782 
0.00436828 -0.00224297 
0.0762325 -0.017942 
