0.0149969 -0.0655547 
0.0153143 -0.00391106 
0.024042 0.0212134 
-0.0116215 -0.0218356 
0.0516164 0.0350066 
0.0479996 0.00729223 
0.0215405 -0.00467097 
0.106812 -0.000383637 
0.00295329 -0.0493452 
0.035388 -0.00535547 
0.057499 0.0061425 
-0.0385599 -0.0155718 
0.0366849 -0.00323571 
0.078197 -0.00854248 
0.0436331 0.00971242 
-0.116988 -0.0396869 
-0.0471194 -0.0444816 
0.0614874 -0.00463406 
0.0565622 -0.00877646 
0.0483845 0.0207589 
0.0609387 0.0200948 
0.0327707 -0.0028145 
-0.0172432 0.0713318 
0.0516943 0.0136486 
0.0115011 0.000537133 
0.0230206 -0.0176287 
0.0445219 4.74239e-05 
0.0127215 -0.00496908 
0.0383364 -0.0104389 
0.017872 0.0193718 
0.0367447 -0.00404238 
-0.052459 -0.000508181 
-0.0870479 -0.0230218 
0.0318444 -0.0279462 
0.0275977 0.00290867 
0.0220156 -0.000514422 
0.0360734 -0.054839 
-0.0168318 -0.0185283 
0.0306718 -0.00279381 
0.0160938 -0.0148908 
0.0232206 -0.00460967 
0.0567362 -0.0162104 
0.0377255 0.0402257 
0.0338152 -0.00231963 
-0.0300911 0.0122048 
0.00819066 -0.0088682 
-0.00489506 -0.0580524 
0.0458045 0.0029362 
0.0320092 -0.00343921 
0.0241248 -0.00162661 
