-7.38216e-16 2.06669e-14 
2.18765e-15 2.01976e-14 
-1.0449e-14 1.77267e-14 
-5.3061e-15 1.56674e-14 
1.26517e-14 -1.19706e-12 
-1.20733e-14 1.48836e-14 
-4.76026e-15 5.11172e-14 
1.79722e-14 -4.18328e-14 
2.73047e-14 4.73055e-15 
7.68795e-15 1.60251e-14 
5.22005e-14 2.89312e-14 
-1.65883e-14 1.91746e-14 
1.82598e-14 1.50322e-14 
8.07402e-15 4.2792e-14 
3.74454e-13 -6.10624e-14 
4.71611e-15 1.65505e-14 
1.84843e-14 2.95e-14 
-2.39931e-15 2.27913e-14 
6.95639e-15 1.47682e-14 
-9.89107e-15 1.81758e-14 
