2.78773e-14 1.37151e-14 
1.32367e-14 2.58765e-14 
-2.99581e-15 1.5872e-14 
1.73554e-14 1.82352e-14 
-9.63717e-15 -1.15619e-12 
1.14371e-13 1.3646e-14 
5.07786e-15 5.40914e-15 
2.20041e-14 -1.55478e-14 
8.86163e-15 2.56219e-14 
2.28767e-14 1.67438e-14 
5.11556e-14 1.38529e-14 
4.61863e-15 1.70961e-14 
-2.60176e-14 5.74442e-15 
2.3233e-14 2.31868e-14 
-5.00031e-13 3.17229e-14 
-3.20525e-17 1.61759e-14 
1.16454e-13 2.77872e-14 
2.53975e-15 2.03823e-14 
6.47774e-15 1.75131e-14 
6.97133e-15 1.54883e-14 
