28.1699 6.22328 
12.7334 4.48197 
18.0908 4.62268 
32.768 0.0187383 
11.2173 -0.889837 
15.768 6.10163 
5.25855 -8.14324 
15.7214 4.2112 
17.7523 1.33098 
17.6202 10.8111 
15.1918 -2.10324 
18.1127 1.60384 
15.4561 5.30262 
15.5141 1.08126 
19.3483 20.4935 
12.3463 -1.94217 
13.9138 -0.317297 
14.5574 32.768 
15.6922 -1.50601 
15.3554 0.326647 
17.1456 13.2983 
12.4571 -4.99345 
13.513 6.68427 
12.6512 11.1589 
14.1477 0.0529178 
19.5152 4.35326 
18.6132 -10.5067 
15.4638 -0.182413 
19.5236 15.631 
25.1718 17.4722 
27.2473 8.4508 
11.9985 12.6402 
3.93991 16.5673 
17.0167 9.77178 
23.6455 15.2273 
19.796 9.84156 
15.0302 9.18688 
19.4377 -4.79045 
14.3663 4.23654 
15.8112 19.3672 
7.19724 14.187 
2.67445 9.66272 
19.2798 1.73474 
15.6725 0.0603644 
15.9814 2.98212 
22.652 7.0351 
-4.69755 15.1505 
14.9723 12.6858 
22.1085 3.34534 
18.3022 1.6641 
