0.00969839 -0.0568823 
-0.0140768 -0.0145869 
0.0323168 -0.06384 
0.0200674 -0.044832 
0.0261698 -0.0332335 
0.00981415 -0.012969 
0.0990666 -0.00550537 
0.0312934 -0.0257542 
0.00997168 -0.0637729 
0.0361532 -0.0218247 
0.0497386 0.00280255 
-0.00518266 -0.0603453 
0.0371411 -0.0424052 
-0.0685983 -0.020363 
0.0365586 -0.0113536 
-0.227621 -0.0402892 
0.0101173 -0.027406 
0.0285124 -0.0112483 
0.0227668 -0.0361892 
0.0451289 -0.00968071 
0.0298039 -0.016904 
0.0259354 -0.0433433 
0.00808658 -0.0238005 
0.0402794 -0.0276416 
0.0359559 0.00851413 
0.0483474 -0.0427206 
0.0388404 0.0151696 
0.015241 -0.0183329 
0.0260178 -0.0111604 
0.0425251 -0.026566 
0.0457254 -0.0169633 
0.00136111 -0.0371697 
-0.00936657 -0.0245429 
0.0237461 -0.0292095 
0.00972637 -0.0149668 
0.0142079 -0.0151713 
0.0657025 -0.0685763 
-0.0240274 -0.0472333 
0.0190502 -0.0373343 
-0.00977711 -0.0345 
0.026214 -0.0106412 
0.0226854 -0.0140391 
0.0370894 -0.048234 
0.0359341 -0.0129403 
0.0672372 -0.0453197 
0.0232822 -0.0164975 
0.00770522 -0.0573807 
0.0438893 -0.00424112 
0.0307387 -0.0460692 
0.072774 -0.0278755 
