-2.15987e-14 1.88838e-14 
2.69578e-15 3.49674e-15 
1.62782e-14 1.88074e-14 
-2.01316e-14 1.73955e-14 
2.91052e-15 1.3888e-12 
6.46109e-14 1.42072e-14 
1.04048e-14 1.36467e-14 
1.07343e-14 2.52407e-15 
-3.95531e-14 -1.45022e-14 
3.45925e-15 1.55241e-14 
-1.77558e-14 2.63766e-14 
-1.61483e-14 1.60535e-14 
-1.56053e-14 2.39069e-14 
-6.19943e-15 1.71276e-14 
-3.69947e-13 3.5754e-15 
-8.73583e-15 1.58519e-14 
-7.64345e-14 2.21593e-14 
1.39938e-14 1.78072e-14 
7.54025e-15 1.53312e-14 
-1.11256e-14 1.59731e-14 
