-4.6067e-14 1.59179e-14 
8.57004e-15 7.80338e-15 
-7.70786e-17 1.56726e-14 
-7.88255e-15 2.29774e-14 
-9.7321e-15 6.02188e-13 
-5.27992e-14 1.75697e-14 
-3.90119e-15 2.39086e-14 
2.69303e-15 6.05604e-15 
-2.84488e-14 1.08584e-14 
-1.29185e-14 1.62152e-14 
3.14125e-14 2.85274e-14 
3.09448e-14 1.73503e-14 
2.91709e-14 1.58148e-14 
-6.56313e-15 3.31173e-14 
-1.38206e-13 6.03895e-15 
1.66209e-15 1.64766e-14 
-1.22195e-14 2.73019e-14 
4.6536e-15 1.4938e-14 
-6.58966e-16 1.62662e-14 
4.71263e-15 1.68405e-14 
