-4.41241e-15 1.53252e-14 
2.19432e-15 2.8753e-14 
-2.37215e-16 1.80039e-14 
-1.69723e-14 2.49042e-14 
-1.21091e-14 -2.78672e-13 
-3.8425e-15 1.54873e-14 
7.02841e-16 2.79169e-14 
6.25939e-15 -1.30879e-14 
2.75929e-14 8.34458e-15 
8.81219e-15 1.61972e-14 
2.0913e-14 1.80071e-14 
-2.89748e-14 2.00574e-14 
9.50368e-15 1.49194e-14 
-1.72946e-15 6.93567e-15 
-9.9267e-14 3.23677e-14 
3.68422e-15 1.65148e-14 
3.65406e-14 2.21874e-14 
-4.97236e-15 1.80889e-14 
8.38146e-15 1.59911e-14 
-8.683e-15 2.12512e-14 
