0.0404241 0.0194795 
0.0697363 -0.0300614 
0.0278228 0.0451721 
-0.0356534 -0.0707514 
0.023118 0.00659369 
0.0426462 0.0402474 
0.0463215 -0.0409762 
0.0617425 -0.0138501 
0.0376273 0.003018 
0.0358102 -0.0129 
0.0337535 -0.0115639 
0.00730227 0.012912 
0.0358293 -0.0142052 
0.131333 -0.0116482 
0.0452381 0.00204478 
-0.205434 -0.0206267 
0.0488749 -0.0228457 
0.0497709 -0.00285774 
0.0712759 -0.0137858 
0.0437926 0.00364991 
0.0419965 -0.0109962 
0.0390854 -0.00580005 
-0.0264498 -0.0380109 
0.0530241 0.0220862 
0.01216 0.00796066 
-0.0336615 -0.00593565 
0.0408626 0.00221449 
0.026627 -0.00982113 
0.0378334 -0.0108459 
0.0275741 -0.00581408 
0.0210543 -0.00820995 
-0.000676047 -0.0303547 
-0.0486641 -0.0210985 
0.0340151 -0.0194342 
0.0173523 -0.0109197 
0.0189729 -0.00765737 
0.0138977 -0.00778798 
0.0945273 0.0057957 
0.0411609 0.010182 
0.0473111 -0.0182672 
0.0210978 -0.0191578 
0.0476843 -0.0216395 
0.0362252 0.0403116 
0.0388681 -0.00163303 
0.00613116 -0.00802369 
0.0361607 -0.0290651 
0.031251 -0.0233953 
0.0283706 -0.0263678 
0.0393021 0.000219855 
0.00374078 -0.0166782 
