-5.95754e-15 -3.95457e-15 
1.24997e-15 1.50146e-14 
2.82265e-15 -1.05431e-15 
-2.89571e-15 4.09884e-15 
-3.72743e-15 2.23534e-13 
1.84823e-14 1.54668e-14 
6.81058e-16 2.25566e-14 
3.94865e-15 -2.49882e-14 
2.37917e-14 1.46778e-14 
-1.33906e-15 1.53698e-14 
1.46288e-14 4.68252e-15 
-1.78756e-14 -1.04367e-14 
1.77376e-16 -8.40783e-15 
2.35653e-15 -1.38276e-15 
-9.05662e-14 4.63812e-15 
-6.94887e-16 -8.52334e-15 
6.19008e-15 2.34544e-14 
4.88184e-15 5.84304e-15 
-3.30368e-15 -5.59092e-15 
7.60575e-15 -1.53653e-14 
