0.0329818 -0.0155505 
0.0540285 -0.0202184 
0.0441091 -0.0466056 
0.0473139 0.00990107 
0.0406275 -0.0601572 
0.0566548 -0.0222186 
0.0397965 0.0150077 
0.0970497 -0.0263603 
0.0138831 -0.0177062 
0.0367167 -0.00619216 
0.0406449 0.0120634 
0.00463089 -0.0104966 
0.0368147 0.00363248 
0.00181853 -0.00886449 
0.0375235 0.0227105 
0.132145 -0.015313 
0.0153164 -0.0237702 
0.0435525 -0.0119194 
0.0498378 -0.0329429 
0.0359639 -0.00584788 
0.0397013 -0.00353521 
0.0291626 -0.0231518 
0.0375552 0.0226381 
0.0526637 -0.0325985 
0.042727 -0.00397475 
0.051394 -0.0317194 
0.0353018 0.0266052 
0.0273061 -0.0157613 
0.0257667 0.00615315 
0.0349972 -0.0191576 
0.0477702 -0.00828858 
0.0597741 0.0522962 
0.0522457 0.0131342 
0.0275957 -0.0255231 
0.0505059 -0.00576625 
0.0383483 -0.0333054 
0.0127051 -0.0370615 
0.0277167 -0.0399204 
0.0266204 -0.0487601 
0.0375508 -0.013241 
0.0387749 -0.00178669 
0.0539728 0.00158359 
0.0366315 -0.0209343 
0.0392512 -0.00280455 
0.0538526 -0.00373285 
0.0331721 -0.00755946 
0.0305938 -0.00462103 
0.035349 0.00216539 
0.0244542 -0.00829525 
0.0545362 -0.0143228 
