-2.3851e-14 3.15099e-14 
3.85773e-15 1.18167e-14 
3.17941e-15 3.92232e-14 
-2.38229e-14 2.15802e-14 
-8.61652e-15 5.93286e-14 
2.72817e-14 2.08671e-14 
5.68855e-15 1.27875e-15 
2.60592e-15 2.1414e-14 
-2.39908e-14 -1.89088e-14 
1.1408e-15 -6.78382e-16 
-6.32315e-15 1.5623e-14 
3.97707e-14 2.59268e-14 
5.34041e-15 -2.2148e-15 
1.44298e-15 5.44298e-14 
4.33299e-14 -2.80632e-15 
6.38362e-15 3.45204e-14 
1.05862e-15 -6.45414e-15 
-3.41914e-15 7.84042e-15 
1.28011e-14 1.93489e-14 
-1.38391e-15 3.67056e-14 
