-1.0165e-14 1.33494e-14 
8.49965e-15 -1.06482e-14 
4.65237e-15 3.86879e-14 
-1.5331e-14 -9.2244e-15 
-1.07181e-14 6.3055e-15 
4.32623e-14 3.25771e-14 
4.40139e-15 8.42577e-16 
5.75946e-15 5.57436e-15 
-4.66781e-14 -1.44813e-14 
2.74141e-15 -4.3992e-15 
1.5073e-14 1.64676e-14 
3.21084e-14 -5.18425e-15 
1.42388e-14 2.20572e-14 
1.71799e-15 3.75727e-14 
-4.37795e-14 3.69505e-14 
4.4216e-15 -1.5468e-14 
3.74946e-15 -1.53332e-14 
3.28769e-15 1.34893e-14 
1.27979e-14 2.65964e-14 
-1.22816e-14 2.95184e-14 
