-8.06396e-15 5.13881e-15 
8.68299e-16 -1.44438e-14 
1.33187e-15 -3.23596e-14 
8.047e-16 3.83703e-15 
1.30331e-14 -2.25986e-14 
-9.55029e-15 -5.83242e-15 
-2.29508e-15 3.03126e-16 
2.15364e-16 -1.88233e-14 
8.11362e-14 8.26232e-15 
5.52867e-15 -5.23367e-15 
8.04468e-15 4.19071e-15 
-2.56692e-15 1.34401e-14 
-1.40425e-15 -1.95475e-14 
4.95351e-15 -3.08695e-14 
1.07948e-14 -9.16674e-15 
3.13222e-15 4.15636e-14 
9.74289e-15 3.661e-15 
-3.22864e-15 3.33299e-16 
-4.53668e-15 -2.96228e-14 
8.73181e-15 -5.72245e-16 
