0.0309383 -0.0219037 
0.0236257 -0.0170633 
0.03044 0.0061823 
0.00531424 0.00370982 
0.0272533 0.0127751 
0.0608263 0.0109507 
0.0321482 -0.0172774 
0.0666375 -0.0161855 
0.0092439 -0.0725523 
0.0285374 -0.0193441 
0.0351592 -0.00974415 
-0.0117411 -0.00246999 
0.0270905 -0.00968007 
0.0529076 -0.00738826 
0.037596 8.58752e-05 
-0.0989988 -0.0417082 
0.00788325 -0.026716 
0.0280683 -0.0286401 
0.0262109 -0.0240352 
0.043985 -0.0248941 
0.0533928 -0.0206746 
0.0288777 -0.0369055 
0.0254026 -0.0623499 
0.0483961 -0.0398246 
-0.0109267 -0.0271106 
0.0459937 -0.0285505 
0.0443537 -0.0472176 
0.0132397 -0.0341697 
0.0305276 -0.0199624 
0.0392334 -0.0348211 
0.0263089 -0.0108274 
0.0122846 -0.0606587 
0.0518552 -0.107142 
0.038023 -0.0194964 
0.0346256 -0.0414145 
0.0241115 -0.0121443 
0.0219494 -0.00244764 
0.0550192 -0.0145811 
0.0299332 0.000906561 
0.0246615 -0.0260607 
0.0313547 -0.0143088 
0.0354236 -0.0530883 
0.0429136 -0.00763901 
0.0310523 -0.0350442 
0.0287834 -0.00683722 
0.0297032 -0.0112642 
-0.000151513 -0.0222748 
0.0394604 -0.0260488 
0.0326486 -0.0244535 
0.0398247 -0.044204 
