-1.63379e-14 -9.32502e-15 
1.7844e-16 -1.32933e-14 
-2.60562e-16 -3.4633e-14 
2.63272e-15 -1.05348e-14 
5.06687e-15 -1.6395e-14 
1.71053e-14 1.63985e-14 
-2.35318e-16 -1.43857e-14 
-2.16504e-15 1.11829e-14 
3.01853e-15 5.45954e-15 
-3.73407e-15 -7.51307e-15 
1.13365e-14 -3.20671e-14 
-6.98891e-15 4.0199e-15 
5.18666e-16 -2.20276e-14 
-2.87279e-15 1.53561e-15 
-9.46802e-16 -3.03878e-15 
1.83117e-15 5.65372e-15 
7.05858e-15 -5.55059e-15 
6.45887e-16 -1.1413e-14 
1.53505e-15 -1.86378e-14 
1.4485e-15 2.74686e-15 
