-1.06389e-14 1.70191e-14 
-3.59542e-16 -2.82284e-15 
2.25986e-15 4.85942e-15 
4.8712e-15 -1.04778e-14 
-2.78293e-15 1.32e-14 
1.23929e-14 5.02916e-14 
2.28278e-15 -1.13922e-15 
3.41209e-15 1.69702e-14 
-4.21211e-14 1.02553e-14 
6.80121e-15 -1.05918e-14 
2.05411e-14 -6.46309e-15 
5.77409e-15 3.01208e-15 
6.47337e-15 9.18732e-15 
-8.9097e-16 1.96031e-14 
-9.44632e-14 4.07162e-14 
2.00143e-15 7.9675e-15 
-1.72147e-16 -1.8419e-14 
-6.84457e-16 1.82653e-14 
5.49262e-15 5.93261e-15 
-1.06213e-14 4.1285e-14 
