0.034758 -0.00505306 
0.0381767 -0.0114734 
0.0240429 0.00145366 
0.0599066 0.0224888 
0.0287232 -0.0127275 
0.0465405 -0.00810984 
0.0242117 -0.0117081 
0.015247 -0.0208926 
0.0368917 0.0174884 
0.0222398 -0.0147172 
0.0318919 -0.00696462 
0.0198852 -0.0498367 
0.027832 -0.016387 
-0.00594254 -0.0114749 
0.0290736 0.0119899 
0.0741014 -0.063319 
0.00923105 -0.013131 
0.0254137 -0.013837 
0.0335831 -0.0128048 
0.0104465 -0.00578286 
0.034142 -0.00626013 
0.025232 -0.0231389 
0.0271269 0.0186053 
0.0312403 -0.0192576 
0.0508151 -0.00910403 
-0.0197347 -0.0120382 
0.0311553 -7.45656e-05 
0.025461 -0.0114731 
0.0261207 0.0364276 
0.0295197 -0.00765196 
0.0250614 -0.015 
0.00421613 -0.0269824 
0.0549218 0.0754896 
0.0362761 -0.0173857 
0.0361171 -0.0213158 
0.0302404 -0.0133799 
0.0440715 0.0087573 
0.00135793 -0.0205741 
0.0293742 -0.0127584 
0.0270132 -0.00176578 
0.0229002 -0.00887454 
0.0393163 0.000634638 
0.0205552 -0.0286617 
0.0247218 0.00320095 
0.0482182 -0.00825084 
0.029614 -0.0126532 
0.0523615 0.0118925 
0.0292425 0.00750227 
0.0353268 0.0144447 
0.0308115 -0.00382662 
