16.1116 -9.48633 
12.5162 -6.8825 
19.9371 -10.9989 
24.0379 -6.10278 
15.8951 -1.0003 
11.7918 -3.02438 
20.4314 -1.14234 
15.201 -1.01275 
12.9476 0.867094 
13.9349 -10.9984 
12.758 -10.3559 
15.403 -7.23729 
11.35 -3.05839 
13.1762 -5.1471 
18.6196 8.15019 
3.00583 -6.32244 
10.9691 -0.443603 
14.0775 11.764 
13.0196 -32.768 
16.0317 -1.56729 
14.1601 -11.4882 
14.5559 -3.86107 
15.506 -12.677 
8.54745 9.51942 
18.9216 -5.54624 
24.4799 -14.9973 
13.28 -32.768 
5.52119 -6.06425 
8.60548 -0.812245 
-16.8934 17.0623 
12.8427 8.84557 
12.352 -15.5415 
18.9916 3.33147 
9.78819 -12.4348 
3.78167 6.58948 
18.7177 -4.31716 
12.7721 1.29563 
11.1868 -9.59072 
14.2041 -1.92875 
10.7426 -9.47998 
1.02136 0.786803 
3.60175 -18.7808 
17.7608 -4.77517 
9.12807 -12.8185 
11.2058 1.51331 
9.52093 5.6194 
-6.69897 21.6048 
9.89622 -5.37009 
13.633 -7.90418 
9.6588 1.15708 
