-1.81789e-14 3.99198e-15 
-1.40142e-16 -4.36149e-15 
-2.22033e-15 -1.24322e-14 
3.65521e-17 -4.1539e-15 
-2.01352e-15 -1.56441e-14 
-1.41299e-14 -5.78135e-15 
-2.18647e-16 -1.14454e-14 
4.08142e-15 7.58888e-15 
-2.192e-14 1.24927e-14 
1.13405e-14 -1.08241e-14 
8.12232e-15 -1.33414e-14 
1.01796e-14 -2.19077e-15 
1.99005e-15 4.57608e-15 
-2.03458e-16 -1.02883e-15 
-8.66555e-15 1.84585e-14 
1.62405e-15 -3.08634e-15 
-1.15382e-14 -3.83131e-15 
7.25692e-16 1.10249e-14 
1.06328e-14 2.4217e-14 
-1.14885e-14 1.20259e-14 
