-1.76429e-14 1.89189e-14 
-3.14227e-16 1.80785e-16 
-2.24994e-15 1.02625e-14 
1.10385e-15 -5.30872e-15 
-7.20801e-15 3.03145e-15 
-1.25326e-14 -1.05063e-14 
2.22313e-16 -8.07681e-15 
3.42429e-15 1.42128e-14 
-2.94009e-16 5.14022e-15 
-5.7754e-15 -9.03276e-15 
1.06835e-14 4.83159e-14 
7.22297e-15 -2.241e-16 
8.54064e-15 -2.73609e-15 
2.87317e-16 6.1865e-16 
-8.35355e-14 1.78398e-14 
1.77275e-15 6.20042e-15 
-2.01686e-14 -7.079e-15 
-9.09596e-16 -1.05252e-14 
2.01622e-15 8.84124e-15 
-5.71507e-15 2.60737e-14 
