-1.00179e-15 -7.08161e-16 
-1.98809e-15 -1.02806e-14 
-6.67978e-15 2.7123e-14 
1.70176e-15 3.51777e-15 
-2.29938e-15 -9.21885e-15 
-8.28115e-15 6.66803e-15 
-2.20505e-15 -2.3791e-15 
-1.77252e-15 -6.63701e-15 
-2.91421e-15 -5.18116e-15 
-1.65937e-14 1.45552e-14 
1.58016e-14 4.99291e-14 
-6.43133e-15 -5.35856e-15 
9.60909e-15 7.68762e-16 
-3.34463e-15 6.43966e-17 
-6.45706e-15 -2.63875e-15 
-1.10239e-15 1.28376e-15 
-1.83064e-14 -2.56889e-15 
6.1093e-16 -2.34677e-15 
-8.80439e-15 -6.68561e-15 
-3.51471e-15 2.33917e-14 
