0.0217333 -0.00835167 
0.0186417 -0.00575043 
0.017217 0.00342579 
-0.00231997 0.00434571 
0.0218501 -0.00229653 
0.0587669 0.010145 
0.0198101 0.00616275 
0.0325383 -0.00494649 
0.0230966 0.0745933 
0.0214469 -0.0105565 
0.0189006 -0.00420955 
0.0200928 -0.0204543 
0.0199669 -0.00206317 
0.014842 -0.000754546 
0.0234005 0.0350125 
0.0162605 -0.0111898 
0.0035975 0.00419649 
0.0203536 -0.00740447 
0.0232346 0.00107174 
0.0171316 0.00152688 
0.00235086 -0.0064289 
0.0207092 -0.00822979 
0.0217219 -0.00853793 
0.0195805 -0.0209937 
0.033661 0.0117939 
-0.0615827 -0.0167455 
0.0575909 -0.0231706 
0.0165909 -0.00968561 
0.025449 0.0200393 
0.0172751 -0.00238387 
0.0214851 -0.00626608 
0.0232303 0.00377674 
0.0194878 0.0589439 
0.0206417 -0.000926442 
0.015132 0.0450182 
0.025357 0.0030595 
0.0221073 -0.00221161 
0.0202148 0.0079788 
0.0271696 -0.000549393 
0.0190637 0.0113363 
0.0207735 -0.0116149 
0.043815 -7.00375e-06 
0.0183014 0.00703276 
0.0205015 0.000480796 
0.0473794 0.0108957 
0.0204754 0.00343402 
0.0322565 0.0263673 
0.0241878 -0.0247212 
0.0396598 0.0223966 
0.0179254 0.00506422 
