9.00423e-16 -9.91098e-15 
-1.54099e-15 4.11644e-15 
4.53548e-16 -3.4203e-14 
-3.6504e-15 -1.224e-14 
-3.27964e-15 2.80655e-15 
-1.34413e-14 -4.20177e-15 
-2.17769e-15 -8.68324e-16 
1.84531e-15 2.72865e-15 
-3.62487e-15 -1.07281e-15 
1.09706e-14 -6.06508e-15 
7.85012e-17 -4.68778e-14 
-9.45525e-15 -4.67566e-15 
-9.30586e-15 -9.78416e-15 
-1.06384e-15 -8.00365e-15 
-6.06867e-15 4.17585e-15 
-5.32243e-15 -6.33675e-15 
-3.83409e-15 -4.56001e-15 
-3.53499e-15 -8.12722e-16 
-4.44119e-15 -1.67017e-15 
-6.87503e-15 9.87712e-15 
