0.026452 -0.0380234 
0.018279 -0.036942 
0.025447 -0.0408634 
0.0500227 -0.0382816 
0.0254138 -0.0375319 
0.0308225 0.00274923 
0.0270829 -0.0264414 
0.0198311 -0.013462 
0.032497 -0.133855 
0.0255402 -0.0226834 
0.0229213 -0.0180058 
0.023033 -0.0208534 
0.0269332 -0.0206373 
0.0357953 -0.0308243 
0.0182582 -0.0383639 
0.0376123 -0.0202995 
0.0170414 -0.0642454 
0.0255412 -0.0144524 
0.0262444 -0.00830623 
0.0273952 -0.0243669 
0.0218109 -0.0224589 
0.0248935 -0.0329293 
0.0226188 -0.0270801 
0.0468467 -0.0322109 
0.0341218 -0.013513 
0.0979192 -0.0372251 
0.011487 -0.0760139 
0.0232581 -0.0263344 
0.025231 -0.0312693 
0.0329176 -0.0320785 
0.0283882 -0.0185598 
0.0251335 -0.0248657 
0.0253172 0.0929397 
0.0247077 -0.0548092 
0.0500845 -0.0673265 
0.0272029 -0.0253095 
0.0302507 -0.0263071 
0.0265326 -0.0536283 
0.0253305 -0.0481377 
0.0274119 -0.0549 
0.0255624 -0.045998 
0.0195212 -0.0503531 
0.0157899 -0.043749 
0.0237026 -0.0491679 
0.0418685 -0.0276041 
0.0268868 -0.0297085 
0.02678 -0.075168 
0.0259083 -0.0242607 
0.0185663 -0.0531325 
0.0294301 -0.0526445 
