-2.25086e-15 -9.64893e-15 
-8.12402e-16 -2.87621e-15 
-5.25401e-16 2.0681e-15 
-3.1092e-15 -2.90989e-15 
-3.18141e-15 -2.87567e-15 
-9.67732e-15 -2.54493e-14 
-2.16658e-15 -2.71511e-15 
-5.9033e-15 2.28942e-15 
-3.14627e-15 -8.37729e-16 
-4.22272e-15 7.8446e-15 
1.0353e-14 -1.90046e-14 
-1.58046e-14 4.56588e-15 
2.29408e-15 -6.13051e-15 
-4.40038e-15 5.89993e-15 
-2.75137e-15 1.54485e-15 
-4.93132e-15 -1.85702e-15 
-1.10112e-14 -2.99811e-15 
-3.62702e-15 3.90218e-15 
-5.12939e-15 -3.09295e-15 
-3.9401e-15 1.59855e-14 
