1.80037e-14 -4.08394e-14 
-2.6605e-15 -5.49365e-16 
-2.40114e-15 2.19363e-14 
-3.18018e-15 -6.28646e-15 
-2.84244e-15 -7.61011e-15 
-3.33436e-14 2.04078e-14 
-3.55426e-15 -2.70426e-15 
1.98848e-16 2.40786e-15 
-3.0908e-15 -3.08471e-15 
-3.01569e-15 3.38505e-17 
1.50365e-14 -9.67497e-16 
-1.58375e-14 1.54594e-15 
-2.1723e-15 -7.09216e-15 
-4.08244e-15 7.34176e-16 
-2.89382e-15 1.65386e-15 
-1.31183e-15 6.94922e-15 
-7.63118e-15 -6.57597e-15 
-3.32029e-15 3.32461e-15 
-5.93646e-15 -1.73732e-15 
-8.01447e-15 1.77222e-15 
