-1.4962e-14 3.43612e-15 
1.775e-15 -2.48972e-16 
1.18154e-15 1.42381e-14 
-1.05636e-16 1.45516e-14 
-1.24226e-15 1.01162e-14 
4.0844e-16 -2.30379e-14 
-1.28144e-15 6.24894e-15 
2.38302e-15 3.99467e-15 
2.12702e-15 1.11492e-14 
1.12185e-15 -1.1282e-15 
6.13216e-15 4.62578e-14 
9.90963e-15 1.68055e-16 
-3.47677e-15 7.2687e-15 
3.81904e-16 3.70306e-15 
5.58615e-17 6.74515e-15 
2.14922e-15 4.99792e-15 
3.52635e-15 1.25291e-14 
1.70895e-15 6.12806e-15 
-2.7367e-15 5.06308e-15 
-3.27928e-15 5.37296e-15 
