-2.10011e-14 2.26184e-14 
4.94357e-15 5.10112e-15 
3.75297e-15 3.12892e-15 
4.81066e-16 -8.69155e-16 
-2.13706e-15 8.42884e-15 
2.85518e-14 -2.19915e-14 
8.18512e-16 5.65626e-15 
-5.57089e-16 6.01275e-15 
-1.30256e-15 1.07534e-14 
-1.21068e-15 9.53524e-15 
5.47756e-15 3.08383e-14 
1.28402e-14 7.01919e-15 
2.5499e-15 -1.28741e-14 
-1.84434e-17 7.604e-15 
3.15761e-15 9.63505e-15 
2.79085e-15 5.95346e-15 
-3.91109e-15 5.49814e-15 
3.58487e-15 7.08262e-15 
4.61295e-16 1.29582e-14 
5.07109e-17 1.39236e-14 
