0.0229235 -0.0193331 
0.0243477 -0.0172042 
0.0231571 -0.00837724 
0.0309598 0.01192 
0.0264039 -0.0321655 
0.0591836 0.0123246 
0.0270706 0.00330782 
0.0255333 -0.0371486 
0.017669 0.04545 
0.0239175 -0.0235931 
0.0217406 -0.0141332 
0.0249083 -0.0236612 
0.0238263 -0.00773594 
0.0151446 -0.00603469 
0.0317488 -0.00646665 
0.0209934 -0.00877693 
0.00579547 0.00838793 
0.0188431 -0.0119901 
0.0217171 -0.0137613 
0.0219206 -0.0245034 
0.0111964 -0.0280551 
0.0220597 -0.0163732 
0.0225221 0.0016246 
0.0223909 -0.0231309 
0.0251529 -0.0268107 
-0.0821434 -0.0163118 
0.0290683 0.0728161 
0.014795 -0.0134197 
0.0218353 -0.0325046 
0.0205614 -0.0136408 
0.0223076 -0.016643 
0.0241812 -0.0251932 
0.0180588 -0.0734538 
0.0166904 -0.0252547 
0.0102115 0.0223547 
0.0238316 -0.0317721 
0.00822465 0.00562528 
0.0208572 -0.0279305 
0.0320532 -0.029216 
0.0295763 -0.0063019 
0.0237607 -0.0226024 
0.0649498 -0.00402729 
0.0191327 0.0463161 
0.0200634 -0.0149148 
0.00548082 -0.0360745 
0.0219915 -0.0166432 
0.0302292 0.0796478 
0.0221553 -0.0242951 
0.0132129 -0.0320752 
0.0219219 -0.0406864 
