2.04884 -23.4191 
12.0097 -16.7676 
13.494 -4.34766 
-4.21921 -16.6768 
15.9548 -6.18894 
6.42602 -21.618 
19.308 -9.49671 
15.5339 -13.5164 
6.31002 -7.93234 
9.17974 -20.2217 
11.9039 -13.3689 
9.05736 -18.9066 
8.74715 -13.219 
14.6283 -19.839 
5.85375 -19.0053 
0.756454 -17.7782 
7.46577 -10.2457 
7.96407 -32.5914 
11.4256 -32.333 
9.92252 -11.752 
9.26132 -13.0203 
7.99755 -8.37945 
4.86928 -26.471 
13.3408 -0.887087 
16.9809 2.44043 
8.36021 -8.18962 
11.776 -24.2355 
-0.305791 -9.09492 
2.01179 -15.0688 
-12.0769 -14.9482 
16.4226 5.29859 
10.5293 -10.7999 
27.1 -28.7883 
4.51253 -28.6421 
-12.5854 -3.78944 
-1.84223 -22.3292 
9.61887 -14.0768 
5.06443 -14.1265 
8.24098 -10.9149 
8.02062 -29.208 
-1.31657 -6.54484 
9.15596 -29.3224 
14.6255 -13.4594 
9.63739 -19.6199 
11.0175 -0.554467 
0.0293379 -18.4202 
5.21979 2.98625 
6.55121 -14.27 
7.60467 -13.5247 
3.40477 -17.0542 
