-3.65695e-15 3.58589e-15 
4.87219e-16 4.25849e-15 
2.6113e-15 8.20457e-17 
-4.89341e-16 7.8305e-15 
8.58626e-16 5.42935e-15 
1.29641e-14 -4.1325e-15 
-1.62369e-15 8.86159e-15 
2.85806e-15 4.93223e-15 
-3.81965e-16 1.01616e-14 
2.06483e-15 1.15995e-14 
3.49345e-15 2.58786e-14 
-1.123e-15 1.02678e-14 
-2.07669e-15 -1.3081e-14 
1.11813e-15 6.69843e-15 
1.82717e-15 6.74859e-15 
3.14444e-16 4.16256e-15 
-7.08788e-15 6.39863e-15 
1.42199e-16 5.77589e-15 
1.949e-16 8.73152e-15 
-3.02573e-16 2.54128e-15 
