0.0231469 -0.00403261 
0.0233074 -0.000357542 
0.0249232 -0.00792874 
0.0692783 -0.0254008 
0.0210553 -0.00200014 
0.0529163 0.00455685 
0.0190321 -0.0274773 
0.0216117 0.0172808 
0.0158566 0.0269379 
0.0232737 -0.00367253 
0.0186029 0.000549685 
0.0228642 -0.000164501 
0.0212912 -0.00939082 
0.0287992 -0.0143786 
0.00418196 -0.0294557 
0.0223359 -0.0137623 
0.0202938 -0.0490573 
0.0242143 -0.00771969 
0.0247046 -0.00306817 
0.0246005 -0.00373398 
0.00292188 -0.0113021 
0.02582 -0.0075457 
0.0242945 0.0200719 
0.0560617 -0.0291411 
0.0248202 0.00434635 
0.0569051 -0.0244887 
0.0166959 -0.0188657 
0.0226883 -0.00605131 
0.0217227 -0.0334008 
0.0341934 -0.00920087 
0.0224301 0.00363065 
0.0227932 -0.00701696 
0.0155408 0.0534988 
0.0231166 -0.0185407 
0.0595561 -0.018279 
0.0261524 0.00455524 
0.0319178 -0.0165009 
0.0219242 0.0155113 
0.0257173 -0.0132921 
0.0253381 -0.0184195 
0.0252963 -0.0239562 
-0.00110178 -0.0424931 
0.025095 -0.0452222 
0.0151315 0.000630267 
0.021249 -0.0192523 
0.0234824 -0.0137338 
0.0289909 0.0565534 
0.023112 -0.00710719 
0.0385077 0.018783 
0.0246199 0.0122559 
