6.72114e-15 7.73706e-15 
1.47485e-15 9.49957e-16 
-4.0425e-15 7.68142e-15 
1.21876e-15 -1.88051e-15 
-8.06974e-17 6.72568e-15 
-2.58028e-14 8.87588e-15 
-3.1015e-16 -3.17087e-15 
-1.83433e-15 4.04872e-15 
-1.06582e-15 3.91672e-15 
-5.30016e-16 -8.02866e-15 
-2.14038e-15 -7.27791e-15 
1.65396e-15 2.69193e-15 
9.61628e-16 6.58991e-15 
4.53399e-16 4.27068e-15 
1.91318e-15 4.80825e-15 
2.85704e-15 7.21256e-15 
7.54101e-16 4.38212e-15 
1.20563e-16 5.70361e-15 
-1.50703e-15 -8.27108e-17 
2.61361e-15 4.18108e-15 
