9.57328e-15 2.39521e-15 
8.61159e-17 2.40448e-15 
-6.66161e-15 6.72074e-15 
-2.50589e-15 1.56083e-15 
1.21775e-15 1.5821e-15 
-2.45631e-14 1.93203e-15 
1.02444e-15 3.79415e-15 
-1.31811e-15 6.26984e-15 
-1.71794e-15 3.74015e-15 
5.90031e-17 1.04815e-14 
1.00952e-16 3.83093e-15 
9.00695e-16 9.90235e-15 
-8.70446e-16 2.1171e-14 
6.69369e-16 6.44326e-15 
1.35742e-15 6.37517e-15 
1.62971e-15 5.15226e-15 
4.99445e-15 7.10004e-15 
1.34072e-16 5.7293e-15 
-3.25465e-16 -5.38611e-15 
-1.67499e-15 4.97253e-17 
