7.9668e-15 2.5077e-15 
8.3065e-16 -1.11571e-16 
-9.2407e-15 2.11436e-15 
-1.40453e-15 -2.7319e-15 
-2.28313e-16 5.12522e-15 
1.32621e-15 5.0065e-15 
3.20211e-16 1.73401e-14 
-4.73106e-16 4.38405e-15 
-1.52499e-15 -5.3254e-15 
3.7072e-16 7.22546e-15 
6.3216e-16 3.54888e-15 
-2.6874e-15 1.52504e-15 
5.79429e-16 1.56997e-14 
8.23555e-16 5.49288e-15 
3.64051e-15 3.30035e-15 
3.52137e-15 6.32624e-15 
2.33396e-15 7.22563e-15 
5.42476e-16 -2.84235e-15 
1.81045e-16 -1.74545e-15 
-2.37542e-16 4.45283e-16 
