5.79918e-15 1.93061e-15 
9.59649e-16 2.06768e-15 
-7.55296e-15 2.3058e-15 
-1.76505e-15 1.10704e-15 
7.64537e-16 1.67395e-15 
1.12084e-15 3.59446e-15 
8.97903e-16 2.55625e-14 
-1.27126e-15 4.50221e-15 
9.39047e-16 5.46958e-15 
5.37784e-17 3.59854e-15 
5.67774e-16 -9.17063e-15 
6.84894e-15 -2.33251e-15 
5.98352e-15 6.41769e-15 
7.8094e-16 1.51974e-15 
1.45635e-15 2.01736e-15 
3.15572e-15 2.84399e-15 
6.53251e-15 -1.59534e-15 
8.99594e-16 -1.72694e-15 
2.75228e-16 2.25183e-15 
-2.7774e-16 1.31224e-15 
