0.0285501 0.00021519 
0.0263096 -0.00691068 
0.0254117 -0.00615971 
0.0533673 -0.00682272 
0.0349247 -0.00177111 
0.0357538 -0.00757581 
0.0261344 -0.0289275 
0.0257848 -0.00888364 
0.0285287 0.0237988 
0.0236476 -0.00204907 
0.0328897 -0.00446879 
0.0274428 0.0024964 
0.0344078 0.00259393 
0.036761 0.00125071 
0.0356001 -0.00475329 
0.016299 -0.0184097 
0.0357214 -0.00973093 
0.0362617 -0.00861899 
0.0313224 -0.00856937 
0.0392533 0.0048322 
0.0380392 -0.0167658 
0.0290674 -0.00879866 
0.0215349 0.0128079 
0.0381731 0.0226137 
0.03904 0.0149413 
-0.00840898 -0.0420416 
0.0390082 0.0337129 
0.0368863 -0.00745657 
0.0285379 -0.00972425 
0.035592 -0.00220009 
0.0251783 -0.00702972 
0.0313658 0.00754122 
0.0252635 0.0410053 
0.0301512 0.00430838 
0.0562354 -0.00209479 
0.0271349 -0.0204638 
0.0345156 -0.0236906 
0.026711 0.010637 
0.031645 -0.00375551 
0.0255439 0.00494036 
0.0350849 -0.0114001 
0.0384805 -0.0177662 
0.0396786 0.0105354 
0.0274388 -0.00244447 
0.0268474 -0.00304745 
0.0198174 0.0135569 
0.0285683 0.0444236 
0.0350955 -0.000814823 
0.0403243 0.0209767 
0.0333437 -0.000560565 
