3.17104e-15 1.00574e-15 
9.49534e-16 6.56804e-16 
-1.36112e-15 3.45152e-15 
-3.4652e-15 4.78952e-16 
5.82083e-16 4.2117e-15 
2.86244e-15 7.56952e-16 
-4.50748e-16 -1.95147e-15 
6.10049e-16 3.39053e-15 
-2.52637e-15 3.8505e-15 
-1.9522e-16 -1.8502e-15 
6.73456e-16 4.77489e-15 
1.83467e-15 -5.0386e-15 
2.21425e-15 1.68995e-15 
8.64194e-16 3.18918e-15 
2.80558e-15 2.0765e-15 
-1.07855e-15 8.63536e-15 
-2.81483e-15 -1.72487e-15 
5.62655e-16 -3.19136e-16 
2.01924e-15 5.31129e-16 
-1.5523e-15 1.0679e-15 
