0.0299097 0.0018563 
0.0266765 -0.00409437 
0.0253436 0.00119742 
0.0960487 -0.00176619 
0.0238163 0.00896511 
0.0484898 0.00449771 
0.0237081 0.0143689 
0.0308399 0.0202781 
0.0341495 0.00149024 
0.023688 0.000984803 
0.0296435 0.00110175 
0.0294152 0.0134153 
0.0361183 0.00327998 
0.0360806 0.007746 
0.0366825 -0.0118709 
0.0215645 0.0031162 
0.0242849 -0.00186625 
0.0191855 -0.0030103 
0.0375137 0.00552121 
0.0376237 0.00735217 
0.0452632 0.00264843 
0.0343435 0.00486506 
0.0366093 0.0152878 
0.0420879 -0.00355875 
0.0463896 0.0102083 
0.0447943 0.0351961 
0.0363095 0.0176725 
0.0367389 0.00470797 
0.028181 -0.0045365 
0.0387996 0.000220327 
0.0262414 0.021583 
0.0338617 0.0162654 
0.0294554 0.0597189 
0.0367235 0.00259844 
0.0731354 -0.000745591 
0.0320088 -0.00403385 
0.0209575 -0.0238076 
0.0323547 -0.00164898 
0.0348552 -0.000928366 
0.0250035 0.00510037 
0.0334444 -0.0211507 
0.0243674 0.00983487 
0.0294851 0.0382839 
0.0317063 0.00462342 
0.028693 -0.00359063 
0.0350263 0.00731593 
0.0357883 0.0874061 
0.0434863 0.00572549 
0.0380502 -0.00384969 
0.0386098 -0.000217207 
