2.95837e-15 1.31613e-15 
1.4589e-15 2.31597e-15 
-1.79853e-15 -4.1927e-15 
-2.59967e-15 1.82935e-17 
8.66327e-16 -1.87574e-15 
2.89752e-15 2.07239e-15 
3.48231e-16 1.42837e-14 
-2.89423e-16 3.00225e-15 
2.28121e-15 8.06258e-15 
7.01595e-16 2.8735e-15 
8.61853e-16 -7.84768e-15 
-4.07334e-15 -4.52589e-16 
4.38719e-15 8.52969e-15 
7.83055e-16 2.49258e-15 
2.65934e-16 2.73926e-15 
3.65564e-15 1.95471e-15 
3.91443e-15 -1.87507e-15 
1.03774e-15 -2.89671e-15 
5.2976e-16 1.46233e-15 
2.16728e-15 1.61209e-15 
