2.64533e-15 6.15245e-16 
7.63776e-16 4.11191e-16 
-2.37548e-15 3.52766e-15 
-1.93679e-15 9.86734e-16 
1.04948e-15 6.8118e-16 
1.80087e-15 6.21942e-16 
-9.84135e-17 1.11815e-14 
-1.12599e-15 2.59588e-15 
-4.888e-15 3.01555e-15 
-5.58107e-16 -1.70095e-15 
8.47714e-16 -4.44806e-15 
2.49318e-16 -3.48153e-15 
7.53602e-15 5.46462e-15 
7.78614e-16 1.86664e-15 
2.37242e-15 2.26742e-15 
-1.13813e-15 4.20828e-15 
4.51163e-15 8.23582e-17 
3.60247e-16 5.1926e-16 
9.11802e-16 5.61858e-16 
1.59997e-15 8.92885e-16 
