-1.61455e-15 1.50057e-15 
6.25868e-16 -3.8702e-16 
3.02463e-15 6.03028e-15 
1.73176e-15 1.33143e-15 
9.08934e-16 2.39826e-16 
7.93379e-16 9.91142e-16 
-1.48215e-16 -1.29455e-14 
-1.0045e-15 2.11171e-15 
-4.82556e-15 -3.31571e-15 
-7.74588e-16 -3.23875e-15 
9.46241e-16 9.9374e-15 
-2.55233e-15 -1.58545e-15 
-8.93742e-17 -2.52411e-15 
7.82375e-16 1.66475e-15 
3.94589e-15 2.61532e-15 
4.44354e-16 5.10255e-15 
4.7057e-17 1.05953e-15 
4.89987e-16 -9.20264e-17 
1.10171e-15 -3.12476e-16 
-1.01119e-16 2.21521e-15 
