8.88908e-16 2.10885e-15 
2.02109e-15 1.20445e-15 
4.91649e-15 -1.10556e-15 
-6.83671e-16 6.69289e-16 
7.20562e-16 -2.80039e-15 
1.41023e-15 1.95894e-15 
6.90156e-16 -2.4361e-14 
1.11427e-15 1.71393e-15 
6.45112e-16 6.11044e-15 
1.92873e-15 1.28607e-15 
9.49756e-16 1.08349e-14 
-6.16165e-15 1.19888e-14 
-2.14085e-15 -2.87313e-15 
8.55032e-16 3.97642e-15 
1.16023e-15 1.40907e-15 
1.83385e-15 3.08167e-15 
-6.57231e-15 6.0449e-16 
6.57938e-16 -1.2046e-15 
7.26601e-16 1.25062e-15 
-3.41358e-16 2.42831e-15 
