0.0306008 0.00608233 
0.022051 -0.00581017 
0.0309843 0.00507669 
0.00989586 -0.00037735 
0.026063 0.00669998 
0.0154865 -0.0151622 
0.0313442 -0.0330567 
0.0237022 -0.0049242 
0.02055 -0.0108656 
0.0276259 0.00220903 
0.0283334 0.00226854 
0.0301148 0.00089331 
0.0249233 0.00347781 
0.0268854 0.0110687 
0.0269659 0.00488872 
0.0283172 0.00153888 
0.00783331 0.0114312 
0.0367737 0.00237194 
0.0186628 0.00373678 
0.014245 -0.00810664 
0.0253903 -0.00492478 
0.0160338 -0.0129874 
0.0174288 0.000611656 
-0.00741886 -0.00328048 
0.040851 0.000170102 
-0.0199413 -0.0799257 
0.0209255 0.00797582 
0.0191318 -0.00697531 
0.0205932 -0.01143 
0.0334067 0.00296882 
0.0302246 -0.0514606 
0.0202765 -0.0184224 
0.0290741 0.0570759 
0.0234751 0.00445206 
0.0328189 0.00514612 
0.0260223 -0.0189729 
0.0265175 0.0245004 
0.0206006 0.0136262 
0.0275777 0.00532736 
0.0267451 0.00337664 
0.000531523 -0.00185232 
0.0451641 -0.0132902 
0.0162494 0.00509266 
0.029653 -0.00617153 
0.029797 0.00612355 
0.0180885 0.00295127 
0.0255817 -0.0530879 
0.0240888 -0.00328172 
0.0302295 -0.00256029 
0.0220571 0.00275837 
