-2.11135e-16 8.6568e-16 
1.63601e-15 1.3927e-15 
1.42759e-15 -2.67532e-15 
-1.87812e-15 1.59361e-15 
6.77336e-16 -8.49565e-16 
2.43408e-15 6.89265e-16 
4.47111e-16 9.64992e-15 
-1.15509e-15 -1.06684e-16 
3.68497e-15 4.45012e-15 
2.42358e-15 2.4519e-15 
8.47376e-16 1.55203e-14 
-3.67079e-15 4.47246e-15 
2.56156e-15 4.09867e-15 
8.54219e-16 1.97412e-15 
1.07284e-15 2.10659e-15 
1.36122e-15 8.7603e-16 
-4.25083e-15 2.21242e-15 
8.22295e-16 -9.34965e-16 
8.34909e-16 1.05673e-15 
7.00856e-16 8.00264e-17 
