3.41291e-16 6.53439e-16 
1.54691e-15 2.2351e-15 
2.88699e-15 -2.59101e-16 
-3.68542e-15 8.89985e-16 
7.39999e-16 -4.35447e-16 
1.76945e-15 3.49297e-15 
3.7764e-16 -1.11988e-15 
-1.98894e-15 -4.4704e-16 
2.29164e-15 3.83148e-15 
1.1489e-15 2.50113e-16 
7.9686e-16 1.44498e-14 
-1.1457e-15 5.96135e-16 
-1.896e-15 4.11199e-15 
8.76451e-16 2.63852e-15 
4.1058e-15 2.07957e-15 
1.70275e-15 1.54347e-15 
-7.7873e-15 1.69848e-15 
6.62027e-16 -1.19557e-16 
8.84696e-16 5.23909e-16 
4.04597e-16 1.16796e-16 
