1.06208e-15 3.2709e-16 
2.82186e-15 1.65252e-15 
1.7255e-15 -1.20332e-16 
-3.03413e-16 1.13968e-15 
9.02725e-16 -1.70069e-15 
2.54526e-15 2.14273e-16 
1.21727e-15 -1.71856e-15 
3.27051e-16 -2.72599e-17 
-4.3541e-15 3.91057e-15 
-4.43836e-16 -1.51737e-15 
9.14467e-16 1.69159e-14 
1.76709e-15 1.38275e-16 
3.84239e-15 -4.44449e-16 
7.02886e-16 3.25217e-15 
1.94559e-15 9.67608e-17 
7.19555e-16 -7.40376e-16 
-4.5098e-15 -1.5656e-16 
7.80699e-16 -2.06956e-15 
7.57334e-16 5.00115e-16 
9.16949e-16 5.74325e-16 
