5.57046e-16 3.24174e-16 
1.20878e-15 3.25095e-15 
2.01995e-15 4.07567e-16 
-2.48327e-15 1.46175e-15 
8.43882e-16 -7.76186e-16 
3.34759e-15 3.85298e-15 
-4.61342e-17 1.72973e-16 
-9.5121e-16 -9.34736e-16 
1.12744e-15 6.80344e-15 
-8.44137e-16 -1.26475e-15 
8.22311e-16 7.31741e-15 
-3.23826e-15 2.49941e-16 
-1.41767e-15 4.34392e-15 
7.70754e-16 1.10904e-15 
2.80382e-15 1.92996e-15 
9.96072e-16 8.23983e-16 
-7.18316e-15 2.45912e-16 
4.89473e-16 -3.0519e-16 
7.02853e-16 3.85214e-16 
2.39123e-16 6.5553e-16 
