0.0269839 -0.0708501 
0.0213603 -0.0124719 
0.030122 -0.0211868 
0.0108692 -0.044827 
0.0287709 -0.0424956 
0.0277853 -0.0250754 
0.025569 -0.0382765 
0.0189186 -0.0583627 
0.0223971 -0.0391062 
0.0179202 -0.0114182 
0.0288739 -0.014444 
0.030673 -0.00974519 
0.0283631 -0.0517283 
0.0251445 -0.0408368 
0.0325084 -0.0208072 
0.024727 -0.0286629 
0.0220017 -0.0603956 
0.0306803 -0.0590884 
0.0247071 -0.0250025 
0.0298912 -0.0282854 
0.0393358 -0.0396411 
0.0196058 -0.0415681 
0.0227485 -0.0794684 
0.0274665 -0.0453501 
0.0373756 -0.035598 
-0.0391954 -0.0997593 
0.0273998 0.0376554 
0.0249672 0.0168725 
0.028329 -0.0495391 
0.0173572 -0.0582436 
0.0308536 -0.0492501 
0.0283501 -0.0443801 
0.024086 -0.0974846 
0.022882 -0.00931014 
0.0311903 0.0477336 
0.0267974 -0.0257473 
0.0186536 -0.0314297 
0.0289513 -0.0370065 
0.027797 -0.0329875 
0.0266074 -0.045673 
0.0146827 -0.0246464 
0.0484231 -0.0184882 
0.0199575 -0.00720859 
0.0262528 -0.0614259 
0.0271398 -0.084093 
0.0285192 -0.0466056 
0.0253159 -0.0572587 
0.0229202 -0.0806998 
0.0290512 -0.0294824 
0.0263011 -0.0290424 
