3.60091e-16 1.38744e-15 
1.03882e-16 9.63468e-16 
2.67944e-15 3.86803e-16 
-7.0294e-16 6.34095e-16 
8.25566e-16 9.46664e-16 
4.44625e-16 3.25429e-15 
-2.51932e-16 1.42213e-15 
-1.77088e-15 3.41606e-15 
3.49105e-15 8.75206e-16 
9.95725e-16 -3.38242e-16 
8.50589e-16 -4.24702e-16 
-8.23871e-16 8.28896e-16 
-2.77468e-15 6.64179e-16 
9.24302e-16 2.85005e-15 
2.60254e-15 3.27587e-15 
1.46893e-15 1.84281e-15 
8.03611e-15 7.05454e-16 
6.80349e-16 -9.88487e-17 
8.81516e-16 4.62257e-16 
3.04308e-16 -1.82754e-17 
