4.46314e-16 1.26086e-15 
1.91167e-15 2.96815e-15 
3.95318e-15 1.79062e-15 
-3.16206e-15 7.6259e-16 
8.34388e-16 -2.3721e-16 
5.50671e-16 5.48103e-15 
-1.69306e-16 1.80092e-16 
-1.22433e-15 1.84264e-15 
7.3249e-16 -1.45413e-15 
-1.92289e-16 -7.91644e-16 
8.13353e-16 3.89423e-15 
-1.60222e-15 3.32565e-16 
-1.44812e-15 2.29247e-15 
8.98547e-16 -3.27099e-15 
2.75923e-15 2.26098e-15 
1.23131e-15 8.84493e-16 
4.67449e-15 2.78207e-17 
8.4157e-16 2.4782e-16 
8.29417e-16 3.96814e-16 
5.04684e-16 2.1256e-16 
