0.0270569 0.0559192 
0.025167 -0.0412616 
0.0281119 -0.00285698 
-0.0178267 -0.00332931 
0.0267846 -0.0306365 
0.0177761 -0.0140307 
0.0181774 0.00716542 
0.0223334 0.0481168 
0.017953 -0.00133822 
0.0228605 -0.00872562 
0.0274787 -0.00827966 
0.0239945 -0.0112518 
0.0237282 0.0306447 
0.0218471 0.010914 
0.0167587 0.0611823 
0.0265003 -0.0159187 
0.0244775 0.00920355 
0.0326768 0.0344293 
0.0216642 -0.0103687 
0.0201601 -0.0267597 
0.0226722 -0.00990379 
0.0214358 0.000458951 
0.0344168 0.0175788 
0.0255709 0.00246781 
0.0242802 0.0114528 
-0.0225158 0.0609583 
0.0227672 0.0582097 
0.0238388 -0.00207233 
0.0256321 -0.00887458 
0.0303045 0.019213 
0.036191 0.00148749 
0.0278955 -0.0159248 
0.027753 -0.109134 
0.0249608 -0.00788535 
0.0504546 -0.0257238 
0.0189491 -0.0108797 
0.0161132 -0.0293341 
0.0113253 -0.00867294 
0.0225051 -0.0195109 
0.0229885 -0.0279391 
0.0176661 -0.0156999 
0.0297698 -0.0029754 
0.0238036 0.00493555 
0.0265771 0.0199974 
0.0181339 0.0912143 
0.018852 -0.033021 
0.0236023 -0.0110353 
0.0215685 0.0353289 
0.025761 -0.0374711 
0.0243907 0.0088155 
