1.94569e-16 1.44799e-15 
1.07767e-15 4.44586e-15 
4.10552e-16 2.25913e-15 
-2.99227e-15 -1.46383e-16 
8.54679e-16 5.66625e-16 
7.62926e-16 -1.63439e-16 
-5.25761e-16 3.09646e-16 
-1.08663e-15 3.17981e-15 
4.02082e-15 -2.71379e-15 
-4.55364e-17 -6.64512e-16 
9.15634e-16 -3.33578e-15 
-1.61718e-15 2.81284e-16 
3.54359e-15 9.6621e-16 
8.67386e-16 -6.81233e-16 
4.41198e-15 2.05091e-16 
1.12752e-15 1.07271e-15 
2.60282e-15 3.10129e-16 
8.05472e-16 -1.28681e-15 
8.67728e-16 4.73118e-16 
9.08322e-16 5.65751e-16 
