0.0251919 -0.0259459 
0.0258528 -0.0494177 
0.0296139 -0.00925685 
-0.00786512 -0.0431234 
0.0263011 -0.0145202 
0.0163406 0.00192928 
0.0278569 -0.00627368 
0.0231602 -0.0919237 
0.0198448 -0.0295537 
0.0199076 -0.00844837 
0.0274012 0.00352407 
0.0254304 -0.00693516 
0.0262393 -0.00478971 
0.0222511 -0.00148745 
0.0197409 -0.0573947 
0.0251843 0.00035195 
0.0245974 -0.00149432 
0.0335308 0.0521624 
0.0238623 -0.0180805 
0.0189744 -0.0186262 
0.0152606 -0.0218481 
0.0207959 -0.0166859 
0.0389001 0.0278493 
0.0255918 -0.0122515 
0.0317069 -0.0116966 
-0.0448466 0.0114097 
0.0295876 -0.0174204 
0.026121 0.0322475 
0.030058 -0.0350107 
0.0256347 -0.0484346 
0.0241968 -0.0304825 
0.026311 -0.00898153 
0.0220577 -0.00418606 
0.029461 -0.00943661 
0.0319897 0.0361286 
0.023263 -0.0257577 
0.0239461 -0.0508503 
0.0136449 -0.0147861 
0.0298975 -0.0227394 
0.0241705 -0.00841905 
0.0181429 -0.0197089 
0.024916 -0.00575488 
0.0236692 -0.00800045 
0.0261333 -0.021271 
0.0389765 -0.0510984 
0.0342937 -0.0552065 
0.0243401 -0.0379521 
0.0248227 0.028783 
0.0325197 -0.0386699 
0.024639 -0.00868132 
