4.8588e-16 9.04198e-16 
2.85566e-15 1.79174e-15 
-2.27415e-15 -3.74723e-15 
-4.43753e-15 6.29109e-16 
8.45942e-16 -1.794e-16 
8.38255e-16 -2.13791e-15 
1.09778e-15 -1.50093e-16 
2.46929e-16 3.64383e-15 
1.81834e-15 9.11352e-16 
3.94671e-16 -8.38111e-16 
1.0065e-15 9.4517e-16 
-3.20255e-15 7.48545e-16 
5.49013e-15 2.48422e-16 
7.83042e-16 1.77719e-15 
3.40249e-15 3.84015e-16 
1.10589e-15 1.12171e-15 
7.24878e-16 7.31195e-16 
7.98693e-16 -1.64389e-16 
8.51303e-16 5.00689e-16 
9.30744e-16 5.64211e-16 
