0.0273348 0.00879537 
0.0239313 -0.0278943 
0.0271907 -0.00308855 
0.00338798 -0.00955378 
0.0253764 0.000675096 
0.0266453 -0.00893206 
0.0287511 -0.0104024 
0.0248864 -0.137971 
0.0237346 -0.0303996 
0.0240063 0.00221744 
0.0241728 0.00784578 
0.0233644 0.00248815 
0.0311362 -0.0198465 
0.0253307 0.00390916 
0.0211872 -0.0191976 
0.0247464 0.0123461 
0.0246849 -0.00930209 
0.029072 -0.0446219 
0.025328 0.0045611 
0.0238299 -0.00490946 
0.0154549 -0.0208839 
0.0236549 0.0214545 
0.0307126 -0.00565603 
0.0255336 -0.015695 
0.0380924 -0.00784588 
0.011525 0.0286282 
0.0315708 -0.00371578 
0.0264498 0.0248017 
0.032016 -0.0186245 
0.0266134 -0.0492115 
0.0237332 -0.0294949 
0.0236903 -0.0194064 
0.0254044 0.128962 
0.0231836 0.00117138 
0.00967016 0.0689547 
0.0276026 -0.0295478 
0.0303286 -0.0392218 
0.0185683 -0.0242954 
0.0269621 -0.024343 
0.025917 0.00747531 
0.0223545 -0.0200635 
0.0186431 -0.00307912 
0.0240318 0.0110439 
0.0240995 -0.0227655 
0.0443866 -0.0112663 
0.0356705 -0.0367832 
0.0249722 -0.0377465 
0.0270297 0.00614761 
0.0328282 0.000369199 
0.0248074 -0.02058 
