7.32748e-16 1.46532e-15 
6.56077e-16 3.50034e-15 
2.86456e-15 3.41232e-15 
8.42108e-16 1.26677e-15 
8.78169e-16 -8.55871e-16 
8.52426e-16 1.07419e-15 
-5.28778e-16 4.65335e-16 
-2.41196e-15 -1.58836e-15 
2.26577e-15 -1.83985e-15 
-1.32788e-15 -5.74949e-16 
8.22054e-16 -4.60608e-15 
3.13027e-15 5.06834e-16 
-4.16222e-15 1.40552e-15 
9.08285e-16 -3.295e-16 
2.4876e-15 3.90304e-15 
1.05621e-15 4.70653e-16 
-5.40219e-16 -4.8321e-17 
4.64073e-16 -8.77461e-16 
8.54565e-16 4.70021e-16 
9.75536e-16 3.61411e-16 
