16.8225 3.2869 
6.4843 -22.49 
11.8669 -9.15714 
27.525 8.73301 
2.08267 -0.171065 
7.18697 -16.1375 
14.1085 -7.65655 
6.82701 3.78674 
11.7056 10.5136 
13.0672 11.5218 
14.1663 -6.13363 
18.07 -14.0361 
8.94788 -7.68079 
11.8749 7.84223 
8.2042 -7.41441 
12.2141 -8.74064 
13.0946 2.48972 
15.0119 2.57267 
5.05343 32.768 
12.1307 -6.6209 
12.1803 2.22658 
5.83388 -9.08808 
-21.167 8.15702 
9.91351 -4.64764 
17.5303 -1.6467 
-8.72208 -11.8014 
6.37409 32.768 
5.39073 -9.18247 
14.7724 4.92378 
22.8137 0.928711 
12.4768 -4.07474 
6.36815 -6.19343 
10.2279 14.9775 
10.7047 4.6398 
16.0329 -11.8672 
16.8768 10.776 
11.1367 23.6806 
11.7874 -4.16784 
6.12274 -12.2236 
9.26384 11.7126 
9.80915 -5.55059 
8.81399 3.44817 
5.95972 -3.09188 
8.26543 -8.32751 
8.88719 -4.41992 
10.9305 -16.0178 
-2.6906 -9.09843 
12.622 26.782 
19.9886 -2.02695 
18.7512 -0.900965 
