4.47086e-16 1.80961e-16 
-6.61763e-17 3.27471e-15 
3.21632e-15 2.8932e-15 
-8.97233e-16 1.41173e-15 
8.5832e-16 9.14542e-16 
8.79485e-16 -2.0424e-16 
8.27465e-16 -2.01453e-16 
-2.62915e-15 5.59894e-15 
-5.56813e-16 3.72301e-17 
-5.37829e-16 -4.74644e-16 
9.90493e-16 -1.66523e-18 
-6.22651e-16 5.46908e-16 
1.00815e-14 4.00184e-15 
9.1153e-16 7.41058e-16 
4.62597e-15 4.43638e-15 
1.54699e-15 5.12781e-16 
-1.92421e-15 -6.59075e-17 
7.75263e-16 7.10608e-17 
8.25734e-16 4.74779e-16 
9.45517e-16 1.83173e-16 
