4.71525e-16 2.78851e-16 
1.77233e-15 2.41452e-15 
2.42331e-15 8.04423e-16 
7.29088e-17 2.59758e-15 
8.54026e-16 -2.61106e-16 
8.86496e-16 -4.92852e-16 
7.36404e-16 -2.56651e-17 
-5.43889e-16 4.48921e-15 
1.94183e-15 8.13596e-16 
7.39673e-16 -6.80605e-16 
9.47572e-16 -7.02428e-15 
-5.05016e-16 5.07166e-16 
2.92683e-15 2.25793e-15 
8.79853e-16 2.28463e-16 
4.96374e-15 6.02718e-15 
1.07163e-15 4.90268e-16 
-1.07548e-15 4.39648e-16 
9.74252e-16 -2.07448e-16 
8.33485e-16 4.72297e-16 
9.34415e-16 2.17723e-16 
