0.0263437 0.0193858 
0.0271619 0.0142379 
0.0265662 -0.00451011 
0.0268377 -0.0425051 
0.0257701 0.0214672 
0.0385311 -0.0103527 
0.0250632 -0.0171009 
0.0263512 0.0255617 
0.026757 -0.0191476 
0.0252358 -0.0149223 
0.0255479 -0.0305936 
0.0259532 -0.0268573 
0.03261 -0.0373912 
0.022682 0.00925379 
0.024198 -0.0199231 
0.023382 0.00925493 
0.0250955 0.00342475 
0.0299739 0.00727851 
0.0234145 -0.0161205 
0.0249567 -0.0133885 
0.0245103 0.00286487 
0.0255101 -0.0208641 
0.0253567 0.0129887 
0.0257997 -0.0376117 
0.0252662 -0.0294148 
0.0257871 0.0238172 
0.0237286 0.084719 
0.0255846 0.00362727 
0.0281076 0.013464 
0.0266287 -0.00921889 
0.0262592 0.000458706 
0.0286409 -0.0347503 
0.0282011 -0.0593665 
0.0267879 -0.0153448 
0.0270007 -0.00371784 
0.0281827 -0.009112 
0.0253415 0.00116207 
0.0167926 0.00281619 
0.0234184 -0.00976746 
0.0259377 -0.092075 
0.0274503 -0.0636622 
0.0228168 -0.0102995 
0.0273701 0.00683115 
0.0253577 -0.0675832 
0.0153357 -0.0141014 
0.0371386 -0.00701809 
0.0315154 -0.0326799 
0.0273196 -0.00592438 
0.0231253 -0.0116323 
0.0253759 0.0126054 
