4.04805e-16 1.20758e-15 
2.51319e-15 9.05554e-16 
1.39035e-15 -9.26417e-16 
6.89098e-16 1.85065e-15 
8.54917e-16 -9.72007e-16 
8.6118e-16 -3.8402e-16 
2.65853e-16 -2.25467e-17 
1.48391e-16 -1.74965e-16 
6.49509e-16 3.72559e-16 
1.08688e-15 6.58174e-16 
8.37077e-16 4.42558e-15 
6.24435e-16 5.12062e-16 
1.1748e-15 2.76541e-15 
7.80473e-16 4.22312e-16 
-6.69331e-16 4.91221e-16 
8.47677e-16 7.91304e-16 
1.25138e-15 7.83828e-17 
2.46298e-16 -1.53187e-15 
8.355e-16 4.78496e-16 
1.04832e-15 4.34358e-16 
