0.027243 -0.0170671 
0.0240937 -0.0166104 
0.030245 0.0125777 
0.0289479 0.0337332 
0.0253569 0.0158925 
0.0189624 0.0178594 
0.0277699 0.00671962 
0.0276726 0.0514647 
0.0263026 -0.0186221 
0.0259059 -0.0196133 
0.0266911 -0.00258833 
0.023742 0.00683551 
0.0312878 0.0254696 
0.0233032 -0.00243434 
0.0212756 -0.00114935 
0.0241783 0.0114182 
0.0259367 0.00172328 
0.0269651 0.0209387 
0.022011 0.0234545 
0.0257114 -0.00331507 
0.0218593 -0.0110647 
0.0252798 0.0103268 
0.0255222 -0.0365389 
0.0256473 0.036351 
0.0256237 0.00389404 
0.0262365 -0.0420758 
0.0234067 0.0240604 
0.0250608 0.0738939 
0.0246206 0.0475462 
0.0256776 -0.0281929 
0.0254671 -0.0217669 
0.0286424 0.0129185 
0.0263513 -0.0538001 
0.0263443 -0.0827425 
0.0287481 -0.00720756 
0.0271145 -0.00841449 
0.0216126 0.0145552 
0.0296558 -0.00216187 
0.0222181 0.0201416 
0.0244802 0.00318566 
0.0281653 0.00784295 
0.0254567 0.00571238 
0.0258831 0.00630403 
0.0259282 0.0187612 
0.014769 -0.00367139 
0.00417044 0.0176206 
0.0292375 0.00606425 
0.027074 -0.00391988 
0.028598 0.00790751 
0.0264035 -0.00961464 
