1.09921e-15 8.33273e-16 
-3.90478e-16 7.81692e-17 
2.37171e-15 -9.09576e-16 
5.30878e-16 1.8934e-15 
8.57312e-16 -1.07072e-16 
8.621e-16 1.83711e-16 
1.2439e-15 6.22101e-16 
-6.73361e-16 1.6348e-15 
1.69928e-16 7.40693e-16 
-2.28184e-15 -8.95738e-16 
9.50765e-16 -5.7939e-15 
1.48058e-15 5.59221e-16 
3.68568e-15 1.32906e-15 
8.58739e-16 4.41623e-16 
5.49889e-15 -2.22169e-16 
7.85768e-16 5.44541e-16 
-3.03248e-15 2.86017e-16 
8.42946e-16 7.56029e-16 
8.32837e-16 4.76454e-16 
7.51045e-16 1.91109e-16 
