4.29458e-16 4.79148e-16 
5.18148e-16 4.78423e-16 
1.79379e-15 -7.89424e-16 
-9.08704e-16 2.89499e-15 
8.47255e-16 8.61269e-16 
8.61984e-16 -1.11157e-16 
2.28596e-16 -1.09593e-16 
-5.58566e-16 2.0661e-15 
1.8359e-15 3.44503e-16 
2.00108e-16 -2.46447e-16 
8.97862e-16 -9.52064e-15 
-2.14595e-15 5.10209e-16 
8.89678e-16 2.87173e-15 
8.52845e-16 3.70442e-16 
3.34089e-15 5.48436e-15 
5.49818e-16 1.17423e-15 
-1.66525e-15 5.073e-17 
6.60937e-16 1.56392e-16 
8.34369e-16 4.73319e-16 
6.55722e-16 2.41635e-16 
