0.0289006 -0.0336729 
0.0226074 -0.0253147 
0.0302386 0.00792478 
0.00792685 0.00287999 
0.0250964 -0.00927518 
0.0141048 -0.00569376 
0.0274177 0.0251126 
0.02054 0.00430752 
0.0255601 -0.0169914 
0.0253399 -0.0123255 
0.0261649 -0.000917486 
0.0243138 0.0293161 
0.0254453 0.0398242 
0.0258378 -0.00871309 
0.0226964 0.00822172 
0.0253619 0.0127859 
0.0262116 -0.00299638 
0.026547 0.0166497 
0.0252014 0.0122379 
0.0256865 -0.0539633 
0.0238972 -0.00943546 
0.0253992 -0.00063865 
0.0227975 -0.0549215 
0.0255437 0.0158081 
0.0276908 0.0201861 
0.0264643 0.0380769 
0.0251009 -0.0439023 
0.02649 2.888e-05 
0.0273524 0.0255918 
0.0262257 -0.034331 
0.025865 -0.0411039 
0.0286046 0.0258816 
0.0243426 -0.0207458 
0.0267963 -0.0755733 
0.0317246 -0.0299583 
0.0243048 -0.0148303 
0.0248047 -0.0271043 
0.0238355 -0.00145353 
0.0247136 0.0022155 
0.0236565 0.0515539 
0.0232255 0.0265885 
0.0251259 0.00405031 
0.0245478 -0.00512507 
0.0266279 0.0323514 
0.0180037 0.00518909 
0.0237919 -0.00482691 
0.0217201 -0.00962339 
0.0248471 0.0132183 
0.0304186 0.00266873 
0.0263607 -0.0242791 
