6.09083e-16 1.04885e-15 
2.16647e-15 5.54024e-16 
9.69737e-16 -1.09035e-15 
-1.92665e-16 9.17212e-16 
8.52878e-16 -1.10586e-15 
8.59693e-16 4.54509e-17 
4.1126e-16 8.09709e-16 
2.15724e-16 3.48737e-16 
1.12915e-15 5.63483e-16 
-1.53809e-16 -2.67569e-16 
8.64098e-16 7.26452e-15 
1.20059e-15 5.45164e-16 
-4.86193e-16 -8.94862e-16 
8.11266e-16 4.12124e-16 
3.86262e-15 -8.4836e-16 
1.62135e-15 3.92348e-16 
-3.08062e-16 -3.07355e-17 
4.78082e-16 -2.9157e-15 
8.33744e-16 4.77879e-16 
1.06718e-15 5.23334e-16 
