6.81021e-16 1.10201e-15 
4.89785e-16 5.34849e-16 
3.73569e-16 -1.14763e-15 
3.02467e-16 2.25627e-15 
8.25696e-16 -3.09763e-15 
8.45404e-16 -4.65229e-16 
1.31328e-17 -5.32364e-16 
7.54739e-16 2.92476e-15 
1.19057e-15 4.72797e-16 
-7.63157e-16 -1.06215e-16 
9.9555e-16 -2.63893e-14 
-1.59317e-15 5.03317e-16 
-3.8049e-16 -2.16877e-16 
8.19612e-16 3.43455e-16 
-2.69003e-16 -7.61456e-16 
8.92015e-16 8.19427e-16 
3.05422e-15 7.07341e-16 
9.23342e-16 -1.32665e-15 
8.34535e-16 4.75747e-16 
1.10061e-15 6.16841e-16 
