7.11371e-16 5.99867e-16 
1.94335e-15 4.13152e-16 
4.38533e-15 -2.96763e-15 
2.37723e-16 2.57801e-17 
8.80679e-16 2.70676e-15 
8.37915e-16 8.52251e-16 
1.44655e-15 5.08417e-16 
-1.95781e-15 2.13312e-15 
7.50009e-16 6.10993e-16 
-3.42945e-16 -5.5726e-16 
8.04598e-16 1.50799e-14 
1.75654e-15 5.55003e-16 
6.55166e-16 1.00066e-15 
8.35898e-16 4.13788e-16 
7.35901e-15 8.80456e-15 
1.14934e-15 8.45116e-16 
-3.8233e-15 -2.70491e-16 
3.82585e-16 -1.06838e-15 
8.33919e-16 4.76204e-16 
8.96326e-16 2.64023e-16 
