0.0248331 -0.0281017 
0.0245982 0.00464817 
0.0264929 0.00742035 
0.0206866 0.00302072 
0.0232156 0.0010385 
0.0263125 0.00114111 
0.0250591 -0.0187427 
0.0267962 0.0175282 
0.0236399 -0.024533 
0.0243533 -0.0117829 
0.0231572 -0.0384237 
0.0236671 0.0197681 
0.0321483 0.00121364 
0.0226238 -0.011006 
0.0197795 -0.0246412 
0.0223993 0.00743832 
0.0244 -0.00217173 
0.0237705 0.0133255 
0.023587 -0.00359267 
0.0235848 -0.0172329 
0.0222376 -0.00820616 
0.023278 0.010199 
0.0242951 0.030085 
0.0236761 -0.023487 
0.0273674 -0.00885996 
0.0251645 -0.00455634 
0.0235324 0.00412581 
0.0244917 0.0581599 
0.0241447 0.0227536 
0.0234577 -0.00606263 
0.0255823 0.0356546 
0.0249108 -0.00714712 
0.0237423 -0.000277591 
0.0259018 -0.0113723 
0.036621 0.00368443 
0.0262378 -0.023216 
0.0227289 -0.0423041 
0.0190142 -0.00744672 
0.0245624 -0.0302869 
0.0234668 0.0419999 
0.0244436 -0.0192829 
0.0247222 -0.00265895 
0.0242356 -0.00645411 
0.0244742 -0.112887 
0.0271426 -0.0146196 
0.0215099 0.0117116 
0.0252701 -0.0436667 
0.0278486 -0.00582888 
0.0294256 -0.0161803 
0.0234635 -0.0345727 
