2.19789e-16 1.51811e-15 
1.67834e-15 5.57622e-16 
-1.94878e-15 -5.82164e-15 
-5.76411e-16 7.98379e-17 
8.32074e-16 -2.13615e-15 
9.09776e-16 3.30279e-17 
3.17962e-19 -3.36822e-16 
1.94196e-15 2.44334e-15 
1.24829e-15 3.95562e-16 
-4.25291e-16 -2.90952e-16 
9.34309e-16 1.21504e-14 
-1.49438e-16 6.01288e-16 
-1.05862e-15 1.85991e-16 
8.19515e-16 3.82096e-16 
-1.89249e-15 3.3814e-15 
1.37667e-15 9.68743e-16 
9.33094e-15 7.40461e-16 
1.01583e-15 -4.48999e-16 
8.34384e-16 4.76358e-16 
9.09236e-16 4.75276e-16 
