10.4859 3.67569 
3.75993 -19.449 
7.57582 -14.3791 
8.27461 -4.94728 
1.65348 -0.509433 
7.12224 -17.8683 
7.82065 -7.35351 
-3.5392 1.33093 
7.27288 9.31872 
5.93231 -1.10476 
11.5765 -5.38414 
23.8998 -22.6649 
5.87213 -9.4351 
5.36497 3.4413 
11.9801 10.5606 
8.7279 -9.81552 
9.00364 5.57118 
11.8357 24.1233 
4.19666 7.15095 
9.95394 -6.15339 
9.39132 -4.04615 
10.1126 -6.81499 
15.7939 -18.3494 
7.56274 2.58195 
23.9858 1.97546 
9.53942 -17.4356 
15.2836 -12.2984 
10.6961 -8.14634 
7.95473 13.864 
-1.26371 25.5381 
4.70348 -6.49237 
5.5914 -9.55501 
5.12497 -16.1438 
8.61451 -15.2246 
15.3678 -8.36179 
16.8364 -1.94476 
6.27465 27.2929 
3.24992 -12.5281 
7.80562 -6.56089 
9.06749 32.768 
1.95592 -5.49813 
6.11949 -15.6014 
3.58266 -5.96217 
12.311 -16.2968 
6.16991 -6.31295 
10.9981 -15.6474 
-8.38225 -12.2459 
8.55142 -29.1088 
16.6242 -5.82094 
14.6363 3.01591 
