0.0309125 0.017636 
0.027834 -0.0119708 
0.0284529 0.00446421 
0.00801565 0.0257061 
0.0274848 -0.00446278 
0.0391305 -0.00861688 
0.0273229 0.02684 
0.0223221 -0.00882672 
0.0279343 -0.0159558 
0.0254004 0.00611335 
0.0292767 -0.00625275 
0.0269838 0.0171319 
0.0300503 -0.00425032 
0.0252908 0.0313272 
0.02209 -0.014048 
0.0266065 0.00381313 
0.0288605 0.0172802 
0.0296928 0.00854403 
0.0277243 0.0123962 
0.025912 -0.0467011 
0.0285698 0.0207942 
0.0278283 -0.0158635 
0.0279617 -0.0131627 
0.0316935 0.000313125 
0.0366202 0.0270009 
0.0267073 0.0100755 
0.0276529 -0.00654379 
0.0278067 -0.0273764 
0.0288549 0.0100591 
0.0299659 -0.0405698 
0.0274573 -0.00154655 
0.02781 -0.0232123 
0.0284141 0.00715732 
0.0264589 0.0224002 
0.0285056 0.0142636 
0.0274289 -0.00538522 
0.0298844 -0.0212198 
0.0310931 0.00524004 
0.0287715 0.0394369 
0.024766 0.0466142 
0.0279686 0.073743 
0.0239896 0.0070301 
0.0274862 0.00523422 
0.0279467 0.099863 
0.0265648 0.0237153 
0.0277923 0.00532184 
0.0244114 0.0222634 
0.0259306 0.0309489 
0.0258008 -0.0235725 
0.0285799 0.0113687 
