-3.23771e-17 8.1795e-16 
3.7601e-16 4.19621e-16 
2.75023e-16 -2.02808e-15 
-7.85795e-16 5.36515e-17 
8.3319e-16 -1.80055e-15 
8.57573e-16 7.14912e-16 
3.85576e-16 -1.7493e-17 
-2.54148e-15 -2.71802e-16 
1.73638e-15 5.68126e-16 
4.13797e-16 2.69089e-16 
7.34593e-16 1.03158e-15 
-1.09832e-15 6.23519e-16 
-6.31214e-16 1.09113e-15 
8.23832e-16 2.61052e-16 
-2.02076e-16 9.59497e-16 
1.74461e-15 9.69258e-16 
-7.74159e-16 6.30978e-16 
6.31171e-16 -1.34175e-15 
8.343e-16 4.76104e-16 
3.95144e-16 3.97212e-16 
