-7.26548e-16 8.31246e-16 
1.6752e-15 4.54868e-16 
-5.11197e-16 -4.00695e-16 
-3.18221e-15 2.84708e-15 
8.56801e-16 4.0785e-16 
8.71056e-16 4.25521e-17 
5.95912e-16 -3.9906e-16 
3.08307e-15 2.11393e-15 
1.20569e-15 5.71114e-16 
-2.21872e-17 -2.07334e-16 
8.24252e-16 -8.19454e-16 
-5.617e-16 5.26008e-16 
-2.9771e-16 5.83358e-17 
8.2383e-16 5.80851e-16 
3.48971e-15 2.62768e-15 
6.49271e-16 2.71522e-16 
2.98311e-15 1.89476e-16 
9.07329e-16 -2.51721e-16 
8.34313e-16 4.76184e-16 
1.19141e-15 4.04653e-16 
