6.40465e-16 6.97539e-16 
6.07225e-16 4.55935e-16 
1.5354e-15 1.2973e-15 
5.30761e-15 2.53922e-15 
8.72327e-16 -1.1099e-15 
8.61292e-16 -1.25379e-15 
1.29334e-15 6.328e-16 
-5.5385e-15 -1.90499e-15 
5.73362e-16 5.34053e-16 
-4.56082e-16 -8.05513e-16 
6.44638e-16 -3.65218e-15 
1.2208e-16 5.57209e-16 
1.47134e-15 1.00761e-15 
8.27093e-16 3.05009e-16 
9.65425e-17 1.76622e-15 
2.41508e-15 4.32752e-16 
-4.16288e-15 -2.58815e-16 
6.44539e-16 3.09458e-16 
8.34062e-16 4.76118e-16 
1.61145e-15 3.48234e-16 
