0.0280198 0.00818418 
0.0307173 0.0123504 
0.0251306 0.0105182 
-0.00338522 0.0118374 
0.0270889 0.00534506 
0.0268835 0.00919245 
0.0267822 0.0372783 
0.0316809 0.00466715 
0.0292202 -0.0311256 
0.0269125 0.00428276 
0.0286539 0.0134891 
0.0225547 0.0126452 
0.0305586 0.0257233 
0.0261779 0.0192626 
0.0254425 0.0150651 
0.0249457 0.0107225 
0.0259994 0.0084552 
0.0207457 0.0105358 
0.0283815 0.0101093 
0.0311921 -0.00456082 
0.0277492 -0.0563079 
0.0259619 0.00474687 
0.0265398 0.0137027 
0.0268979 0.00797786 
0.0262752 0.00104186 
0.0267548 0.0175965 
0.0268218 0.0248787 
0.0244947 0.00642188 
0.0288733 0.00864358 
0.0243845 -0.0338367 
0.0256718 0.00945047 
0.0269038 -0.115307 
0.0264677 0.00304634 
0.0298631 0.0148929 
0.027389 0.0115659 
0.0266454 -0.0353106 
0.0276884 0.00532671 
0.0240357 0.0086444 
0.0290524 0.0048862 
0.0244457 0.0310437 
0.0294077 -0.0548969 
0.0213885 0.00598641 
0.0254622 0.00176948 
0.0283462 -0.158472 
0.0307799 -0.0159212 
0.0220946 0.0144777 
0.0263581 0.00717453 
0.0271113 -0.0126111 
0.0287011 -0.00888441 
0.027598 -0.0130114 
