5.68842 -15.4317 
3.08613 -16.5772 
9.11104 -3.01347 
-4.38114 -13.3204 
9.75525 -3.10307 
10.6036 -21.9758 
10.5656 -6.61301 
10.079 -2.31717 
8.47903 -4.12073 
3.73555 -12.693 
8.70529 -8.01206 
-1.45428 -5.25585 
5.37224 -9.95411 
3.29763 -10.2865 
11.8293 1.75857 
6.21139 -10.321 
7.30039 -11.2799 
8.82978 32.768 
9.97231 -15.4067 
8.37292 -6.73452 
14.667 -5.30535 
13.2355 -5.15599 
14.7593 -19.4355 
7.69887 -4.69174 
24.8527 -1.73246 
12.6167 0.741115 
15.5079 -32.768 
7.94405 -6.44858 
9.69693 12.6765 
-10.1165 24.5215 
1.14787 -8.44459 
11.3405 -4.78199 
2.79617 -28.6297 
8.57075 -23.0134 
-0.883146 -3.56349 
3.51299 -16.2855 
4.6384 -32.768 
4.06759 -17.7671 
9.25633 -10.2386 
9.95023 22.0839 
-3.44816 -5.93705 
13.0681 -13.1585 
21.3917 -8.69012 
12.64 -1.01525 
12.4361 -2.47328 
9.85558 -7.23199 
7.59982 -10.9532 
8.38349 10.3553 
11.1163 -5.07995 
6.61815 4.54077 
