2.01102e-16 7.0513e-16 
9.39851e-16 4.35147e-16 
1.43025e-15 7.20076e-16 
2.59131e-15 1.27232e-15 
8.66672e-16 1.34677e-15 
8.73654e-16 3.08928e-17 
4.18353e-16 4.98948e-16 
-1.26957e-15 8.98916e-16 
1.51682e-15 6.12994e-16 
-1.62728e-15 1.02043e-15 
1.09878e-15 -1.87343e-17 
2.80147e-16 6.36189e-16 
-2.28517e-15 3.80386e-16 
8.17663e-16 2.28051e-16 
-1.4016e-16 3.94859e-16 
1.35706e-15 6.47121e-16 
-3.76624e-15 1.84727e-16 
6.54975e-16 5.49753e-15 
8.34195e-16 4.7612e-16 
1.01881e-15 4.96846e-16 
