5.09303e-16 6.95229e-16 
8.67569e-16 4.74522e-16 
1.1212e-15 1.73382e-15 
-1.26498e-16 1.41863e-15 
8.37557e-16 -2.82986e-15 
8.18988e-16 -2.39867e-17 
1.04414e-15 3.19306e-16 
-1.36955e-15 -7.29902e-16 
1.01385e-15 6.43742e-16 
-3.39039e-15 3.09318e-16 
9.93071e-16 -3.66132e-15 
-9.78044e-16 6.0695e-16 
1.96928e-15 5.78687e-16 
8.22598e-16 1.28596e-16 
1.05402e-15 -6.89525e-16 
1.05099e-15 3.60726e-16 
-3.33167e-15 6.86167e-17 
1.00194e-15 -4.64186e-15 
8.34186e-16 4.76129e-16 
1.01064e-15 5.41448e-16 
