9.06197e-16 8.36385e-16 
7.54756e-16 4.81582e-16 
4.13287e-16 1.27782e-15 
-2.02329e-15 1.37895e-15 
8.23642e-16 -2.63689e-15 
8.27255e-16 -5.57284e-16 
2.65349e-16 -2.01972e-16 
6.73637e-16 2.54714e-15 
5.00694e-16 4.88573e-16 
-8.18346e-16 -1.3286e-15 
6.91947e-16 -2.3541e-15 
3.12258e-16 4.26986e-16 
8.1606e-16 8.38674e-16 
8.36041e-16 7.34456e-16 
1.98141e-15 -4.26697e-16 
1.1536e-15 4.84341e-16 
1.40541e-15 2.44216e-16 
8.18151e-16 -2.55704e-15 
8.34156e-16 4.76151e-16 
8.31297e-16 2.43978e-16 
