0.0295822 0.0142852 
0.0262007 0.0147819 
0.0250016 0.0135333 
0.0278301 0.0150481 
0.0276237 0.0123655 
0.0318275 -0.00142069 
0.026626 0.0648901 
0.0293432 0.0169602 
0.0285178 -0.0406104 
0.0264728 0.00487367 
0.0287695 0.0145344 
0.0272377 0.0143971 
0.0277312 0.0268331 
0.0264567 0.0188994 
0.0265673 0.0135087 
0.024067 0.0106366 
0.02671 0.0113214 
0.0242993 0.0137926 
0.0260966 0.0137618 
0.026223 0.0269699 
0.0325681 -0.0519956 
0.0272188 0.0176926 
0.0262312 0.0101401 
0.0260983 0.0112043 
0.0280269 0.0148331 
0.0231484 0.0146811 
0.0271257 0.0165206 
0.0244082 0.0281918 
0.0302979 0.0141274 
0.0259071 0.00612571 
0.0252868 0.0121616 
0.028009 -0.0658034 
0.0291074 0.0108606 
0.0265994 0.0204798 
0.0271771 0.0141115 
0.0286385 -0.00289458 
0.025993 -0.0258375 
0.0255199 0.0138838 
0.0274169 0.00955681 
0.026642 0.0143473 
0.0298381 -0.0996286 
0.0231239 0.00803014 
0.0259234 0.0138494 
0.0284709 -0.009164 
0.0277189 -0.00516337 
0.0332454 0.01694 
0.0260031 0.0170234 
0.0247689 0.00503291 
0.0258497 0.0266156 
0.0221569 0.0206698 
