8.46911e-16 8.99272e-16 
8.07131e-16 4.51475e-16 
6.05656e-16 1.6e-15 
-6.44601e-16 1.68892e-15 
8.5029e-16 -3.24672e-15 
8.12604e-16 -1.42147e-15 
-4.52781e-16 5.35857e-16 
-7.10523e-17 1.52353e-15 
8.53374e-16 4.82938e-16 
-4.22996e-15 1.01232e-15 
6.72974e-16 -1.79051e-15 
3.4321e-16 5.81514e-16 
2.96427e-15 9.62591e-16 
8.24282e-16 2.55351e-16 
-1.4116e-15 -9.06412e-16 
1.05299e-15 2.98622e-16 
-5.21524e-15 3.37335e-16 
7.74569e-16 -4.34751e-16 
8.34151e-16 4.76151e-16 
1.26312e-15 3.42375e-16 
