0.0261481 0.0110529 
0.0280684 0.0132881 
0.0267636 0.0115084 
0.0193823 0.0288294 
0.0270388 0.0106816 
0.0274457 -0.00862621 
0.0262178 0.12044 
0.0304036 0.00981957 
0.0288741 -0.0297994 
0.0257104 0.00723152 
0.0290133 0.0147998 
0.0265114 0.0152572 
0.0311275 0.033018 
0.0254608 0.0161357 
0.0255059 0.0134229 
0.0252747 0.011218 
0.0263605 0.00953236 
0.0257971 0.0147243 
0.0259109 0.0129871 
0.0272595 -0.00464049 
0.014152 -0.0475842 
0.0250011 0.00608092 
0.0265771 0.00441693 
0.0267692 0.00833574 
0.0253685 0.0145652 
0.025885 0.00883522 
0.0268559 0.0204808 
0.0273618 0.012214 
0.0262714 0.012186 
0.0266299 0.0255474 
0.025723 0.0127711 
0.0258906 -0.138299 
0.0289938 0.00362097 
0.0272395 0.0135337 
0.0258346 0.0161235 
0.0287728 -0.00656977 
0.026613 -0.0154483 
0.0257686 0.0144732 
0.0283085 0.0154698 
0.0277995 0.0118843 
0.0272868 -0.0702003 
0.0236702 0.0107192 
0.0259775 0.0117003 
0.0289311 -0.0463208 
0.026597 0.00283812 
0.0158676 0.00962904 
0.0262637 0.0141978 
0.0255507 -0.0159725 
0.026682 0.0138608 
0.022588 0.0148779 
