0.0282392 0.0110664 
0.0280948 0.0130229 
0.027328 0.00959633 
0.0396658 0.0198397 
0.0257488 0.0125805 
0.0231502 0.0166049 
0.0262165 0.0105819 
0.0283183 -0.00207018 
0.0288328 0.0208621 
0.0265503 0.00930262 
0.024949 0.014692 
0.0263225 0.015354 
0.0308076 0.0164049 
0.0258702 0.00995709 
0.0249273 0.0138285 
0.0263841 0.0124349 
0.0263955 0.0130494 
0.0269162 0.0150577 
0.0259494 0.0137688 
0.0252166 0.0436626 
0.0151017 0.016668 
0.024827 0.00451768 
0.0251619 0.00155812 
0.0270859 0.0128889 
0.0241622 0.0138026 
0.0284355 0.00861861 
0.0260748 0.0130293 
0.0283151 0.00185819 
0.0233543 0.011248 
0.0270268 0.0369948 
0.0266911 0.0134401 
0.0254866 -0.104146 
0.0273128 0.0155546 
0.0268976 0.00856703 
0.0267092 0.0151235 
0.0283127 -0.0217512 
0.0270044 0.0246611 
0.0263298 0.0127798 
0.0263011 0.0188535 
0.0266964 0.012867 
0.0245083 0.100902 
0.0260307 0.0152427 
0.0264299 0.0119105 
0.0281956 -0.0187126 
0.0258542 0.0214445 
0.0202915 0.00986273 
0.0264953 0.0121601 
0.0262044 0.00769669 
0.0269068 0.00429218 
0.0261523 0.010336 
