1.0555e-15 1.08026e-15 
8.17668e-16 4.04372e-16 
5.34222e-16 1.20111e-15 
-1.67646e-16 1.456e-15 
8.49172e-16 -1.25855e-15 
8.14718e-16 -1.33352e-15 
-6.40339e-16 5.76207e-16 
-1.66288e-15 2.19028e-15 
5.47653e-16 5.05128e-16 
5.83171e-15 6.10175e-16 
7.45395e-16 -2.13308e-15 
3.1025e-15 5.54422e-16 
3.78278e-15 2.42006e-16 
8.33357e-16 6.18235e-16 
5.45469e-15 -7.78829e-16 
1.1912e-15 1.90687e-16 
-9.2293e-15 4.11937e-16 
7.26264e-16 -2.79187e-15 
8.3416e-16 4.76138e-16 
9.74339e-16 5.04697e-16 
