0.0290827 0.0145519 
0.0256292 0.0133416 
0.0262205 0.0111018 
0.0360402 0.0113181 
0.0258934 0.0132607 
0.0212657 0.0261498 
0.0262182 -0.066209 
0.0286825 0.0118141 
0.0257636 0.0448797 
0.0270797 0.00515579 
0.0230035 0.0134991 
0.0262179 0.0116839 
0.0213448 0.00707058 
0.026305 0.0094996 
0.025204 0.0139467 
0.025825 0.0135669 
0.0263637 0.0163681 
0.0271161 0.0132476 
0.0259984 0.0143258 
0.0251909 0.0646432 
0.0249626 0.0480005 
0.0268144 0.00640544 
0.0245003 0.0118669 
0.0272891 0.0172439 
0.0257353 0.0136906 
0.0269416 0.00982671 
0.0258213 0.00996699 
0.0258105 0.0172538 
0.0286528 0.0141645 
0.0266239 0.0277166 
0.0268887 0.0130669 
0.0287782 0.136063 
0.0273816 0.0191337 
0.0255959 0.011321 
0.0272654 0.0115483 
0.0276246 0.00347167 
0.0267235 -0.0154398 
0.0267274 0.0118634 
0.0248166 0.0149236 
0.0253978 0.0157535 
0.0284757 0.141904 
0.0278441 0.017709 
0.02692 0.0135988 
0.0238122 0.0252915 
0.0275398 0.0234292 
0.0326604 0.0180613 
0.0263951 0.0158413 
0.0261264 0.0292921 
0.0266325 0.00899314 
0.0257867 0.0126491 
