1.13238e-15 4.45539e-16 
8.49891e-16 5.03979e-16 
1.19491e-15 -6.7238e-17 
-1.0456e-16 1.04069e-15 
8.36853e-16 -5.92177e-16 
9.10978e-16 1.46303e-15 
1.60928e-15 -1.8923e-16 
1.99128e-15 2.32475e-15 
1.45941e-15 5.24624e-16 
-3.00329e-15 -1.14488e-15 
1.19645e-15 -2.74525e-15 
-1.16792e-15 4.8767e-16 
-3.3388e-15 9.75877e-16 
8.33941e-16 7.18345e-17 
3.25801e-15 3.42814e-15 
1.06538e-15 9.846e-16 
7.31074e-15 2.79734e-16 
4.83048e-16 2.48726e-15 
8.34169e-16 4.76134e-16 
8.67021e-16 1.70105e-16 
