0.0295469 0.0157171 
0.0256621 0.0136221 
0.0229076 0.0128686 
0.0320886 0.0185157 
0.0259429 0.0122312 
0.0303924 -0.0181923 
0.0251967 0.0344185 
0.0277463 0.0175101 
0.0276058 0.0280957 
0.0248878 0.00863145 
0.0254283 0.0131992 
0.0267476 0.0121298 
0.020226 0.0248254 
0.0242762 0.0151865 
0.0254058 0.014033 
0.0245026 0.0106032 
0.025266 0.0156325 
0.0269235 0.0141889 
0.025995 0.0138774 
0.0264647 0.0528579 
0.0319796 -0.0014711 
0.0264921 0.0255377 
0.024792 0.0208574 
0.0264832 0.0192308 
0.0264153 0.0138343 
0.0256617 0.0110488 
0.0256815 0.0159373 
0.0238037 0.0256179 
0.0297942 0.0153091 
0.0243556 0.0135335 
0.0241417 0.0127762 
0.0288716 -0.126303 
0.0282089 0.0117861 
0.0246327 0.0162278 
0.0259032 0.0113442 
0.0290377 0.0187829 
0.0262281 -0.0372616 
0.025721 0.0116508 
0.0247415 0.00869983 
0.0252267 0.0168535 
0.028465 0.148499 
0.0257346 0.0148131 
0.0250973 0.0139627 
0.0232088 0.0382118 
0.0285252 -0.00482137 
0.0350563 0.0207797 
0.0248844 0.0173081 
0.0259289 0.028735 
0.0254177 0.0184324 
0.0202378 0.0163979 
