0.0227681 0.012239 
0.0257565 0.011759 
0.0281031 0.0112014 
0.0429492 0.00260472 
0.0265163 0.0141102 
0.0244575 0.0362956 
0.0261733 -0.0769524 
0.0257509 0.00540858 
0.0280249 0.0335176 
0.0264537 0.0127112 
0.0247211 0.0123616 
0.0252626 0.0127511 
0.0232727 0.0232514 
0.0262313 0.0106611 
0.0256371 0.0120342 
0.0256923 0.012789 
0.0261228 0.00641864 
0.025405 0.0124419 
0.0256853 0.0122693 
0.0253008 0.0218121 
0.0233863 -0.0780859 
0.0262741 0.00754572 
0.0252081 0.0144389 
0.025505 0.00976972 
0.0257673 0.0129913 
0.0257943 0.0129877 
0.0258317 0.0102116 
0.0251394 0.0117822 
0.0230544 0.00751376 
0.0269979 0.01634 
0.0265549 0.0110734 
0.029086 0.188668 
0.0224645 0.00548537 
0.025231 0.0103049 
0.026743 0.014308 
0.0282955 -0.0231932 
0.0271556 0.0225401 
0.0261895 0.0127309 
0.0254375 0.00760476 
0.02593 0.00628934 
0.0311337 -0.040269 
0.0254401 0.0111034 
0.0252263 0.0142646 
0.0258575 0.0209684 
0.0268242 0.0359594 
0.0264967 0.0207614 
0.0274248 0.0122782 
0.0257377 -0.00735943 
0.0264431 0.0094618 
0.022896 0.010921 
