4.55045e-16 4.47376e-16 
8.33099e-16 5.7771e-16 
9.92703e-16 6.00724e-16 
-2.15735e-15 -4.26378e-16 
8.65485e-16 -6.97208e-16 
8.4544e-16 -4.50245e-16 
1.56918e-15 6.45274e-16 
-7.46252e-16 1.21377e-15 
3.56877e-16 4.39116e-16 
-5.30219e-16 6.82352e-16 
1.39372e-15 -5.29311e-15 
3.62813e-16 6.07397e-16 
-5.18373e-15 3.41517e-16 
8.3582e-16 2.15877e-16 
2.37776e-16 1.09011e-15 
1.05186e-15 9.90872e-16 
4.09638e-15 2.63028e-16 
5.12599e-16 1.77627e-15 
8.34166e-16 4.76136e-16 
8.22017e-16 3.67403e-16 
