3.80443e-16 2.65835e-16 
8.33047e-16 5.69872e-16 
9.50984e-16 1.44406e-15 
4.8988e-16 -1.77911e-16 
8.32061e-16 -2.10807e-15 
8.74069e-16 -4.72052e-16 
-4.95929e-16 -7.26917e-16 
-5.77867e-16 1.79736e-15 
5.61707e-16 3.62801e-16 
1.6543e-15 2.28158e-15 
1.66999e-15 1.89322e-15 
1.95553e-15 6.16652e-16 
-5.19627e-15 5.16167e-16 
8.2075e-16 3.03753e-16 
-1.71704e-16 5.3145e-16 
9.30779e-16 1.06781e-15 
2.95104e-15 1.25847e-16 
5.37804e-16 -4.18102e-15 
8.34165e-16 4.76135e-16 
1.12423e-15 3.53838e-16 
