-3.04327e-16 1.4237e-16 
8.33935e-16 4.64291e-16 
8.97149e-16 1.65679e-15 
1.21239e-15 -8.15578e-16 
8.14331e-16 -6.98532e-16 
8.74683e-16 2.73293e-16 
1.30498e-16 1.02708e-16 
-1.77776e-16 7.93498e-16 
7.43227e-16 3.9013e-16 
-1.23926e-15 1.14083e-15 
1.08636e-15 4.57233e-15 
-1.57384e-15 5.39012e-16 
-9.42565e-15 4.11077e-16 
8.2674e-16 1.97926e-16 
1.11094e-15 -1.86912e-16 
8.16645e-16 1.63584e-15 
-8.6389e-16 -2.16516e-16 
6.76259e-16 -2.89564e-15 
8.34165e-16 4.76135e-16 
1.0022e-15 3.2629e-16 
