3.39207e-16 2.1627e-16 
8.36633e-16 4.62647e-16 
8.66064e-16 2.31359e-15 
2.61629e-15 2.26383e-15 
8.74487e-16 -2.91008e-15 
8.35209e-16 -3.97705e-16 
1.27204e-17 6.89355e-16 
1.17024e-15 1.29934e-15 
1.00627e-15 5.18551e-16 
1.8451e-15 1.43056e-15 
1.06126e-15 1.1833e-14 
-2.07873e-15 4.95581e-16 
-5.95371e-15 7.50176e-16 
8.29721e-16 3.46546e-16 
3.46823e-16 5.40521e-17 
5.43401e-16 1.61895e-15 
1.95259e-15 3.90109e-17 
8.2175e-16 -2.62124e-15 
8.34165e-16 4.76135e-16 
9.55065e-16 2.63725e-16 
