6.36792e-16 6.73703e-16 
8.36053e-16 4.48827e-16 
7.96673e-16 1.44207e-15 
1.68452e-15 3.88926e-16 
8.94604e-16 5.15235e-16 
8.80443e-16 3.88357e-16 
1.50976e-16 1.01728e-15 
-5.78575e-16 -4.84256e-17 
1.03666e-15 5.05589e-16 
5.28346e-16 2.48003e-15 
1.08021e-15 7.13659e-15 
-8.32261e-16 5.7589e-16 
-8.77054e-16 5.99915e-16 
8.32979e-16 1.95827e-16 
6.32432e-16 8.67007e-16 
9.31616e-16 9.93876e-16 
2.5301e-15 7.00681e-17 
1.00902e-15 -2.38381e-15 
8.34165e-16 4.76135e-16 
1.09921e-15 3.03145e-16 
