2.92761e-16 8.61297e-16 
8.35206e-16 4.58855e-16 
1.05155e-15 1.16752e-15 
-3.71528e-16 2.08623e-15 
7.82046e-16 -1.43422e-15 
8.02942e-16 -2.35898e-16 
3.44381e-16 -6.59295e-17 
-1.13174e-15 2.30886e-15 
1.19187e-15 4.31715e-16 
-1.56915e-15 -2.29751e-15 
1.05452e-15 -2.57457e-15 
-7.26026e-16 5.83771e-16 
-5.91443e-15 1.31998e-16 
8.36381e-16 4.83118e-16 
8.22118e-16 7.4736e-16 
1.25438e-15 2.82539e-16 
-9.39943e-16 -1.55755e-16 
3.94754e-16 -2.27342e-15 
8.34164e-16 4.76135e-16 
9.94903e-16 3.20658e-16 
