6.29625e-16 4.77007e-16 
8.34732e-16 4.37004e-16 
6.94081e-16 1.29389e-15 
4.1443e-16 -5.62463e-16 
7.86771e-16 1.83863e-16 
8.84994e-16 2.38614e-17 
4.74788e-17 7.30983e-16 
-1.91497e-15 1.34357e-15 
6.80257e-16 4.56647e-16 
-2.74602e-16 2.55905e-15 
1.10157e-15 4.8816e-16 
4.30466e-16 5.60884e-16 
-1.04585e-14 4.53915e-17 
8.24622e-16 1.31978e-16 
5.61206e-16 8.24352e-16 
1.22553e-15 9.09716e-16 
-1.775e-15 3.49127e-16 
7.07801e-16 -1.23411e-15 
8.34165e-16 4.76135e-16 
1.08867e-15 2.29632e-16 
