6.91458e-16 5.28459e-16 
8.34699e-16 4.31309e-16 
6.54226e-16 7.30248e-16 
8.17061e-16 2.92696e-16 
8.63186e-16 -2.09717e-15 
9.15343e-16 -3.73091e-16 
1.00549e-15 6.36785e-16 
-2.14251e-15 1.15911e-15 
1.25465e-15 4.80682e-16 
7.58286e-16 -1.05853e-15 
8.16043e-16 -1.75397e-15 
-3.81386e-16 5.94912e-16 
3.31734e-15 -1.11701e-17 
8.26718e-16 3.07789e-16 
8.76977e-16 9.96753e-16 
1.2025e-15 1.12233e-15 
5.69107e-16 5.74648e-17 
5.83798e-16 4.38815e-16 
8.34164e-16 4.76135e-16 
1.03783e-15 2.96497e-16 
