13.3619 -3.64338 
8.1006 -17.0797 
9.94599 -7.697 
0.312295 -9.92559 
1.60796 -7.21174 
7.66878 -9.77871 
11.8777 -6.92545 
14.6071 -7.99395 
9.34082 1.20339 
14.2434 4.39684 
14.2612 -4.5082 
20.0009 -16.6015 
10.9638 -7.38174 
9.85239 5.52917 
10.286 -4.54566 
12.8904 -7.35206 
11.6154 2.17686 
14.8974 -32.768 
5.02213 -21.9244 
11.3415 -10.3394 
13.9454 -1.74606 
6.14693 -8.06845 
8.32183 2.24521 
11.2608 -3.43472 
-0.945891 6.00615 
5.44136 -6.60979 
12.9863 -2.44239 
4.46996 -9.00394 
18.506 -12.4048 
19.7112 -23.9666 
13.2698 -5.40663 
10.6714 -6.02566 
9.16923 14.0085 
11.0816 9.02211 
6.12923 -6.99318 
10.6801 1.63072 
17.3999 24.1734 
12.102 -3.93046 
8.40213 -9.52779 
10.7013 -15.6922 
10.2754 -6.07457 
9.59513 -3.04238 
0.617778 -4.81889 
11.1318 -2.31118 
14.3023 -4.73829 
10.1306 -6.66216 
10.1357 -6.84809 
13.0009 -3.60261 
17.1038 -3.25644 
9.03146 -4.82076 
