3.55777e-16 6.79491e-16 
8.34424e-16 4.39613e-16 
9.46859e-16 3.92454e-16 
6.69606e-16 1.18655e-15 
8.64259e-16 -5.15027e-15 
9.26568e-16 -1.37296e-16 
2.23196e-16 1.88792e-16 
-2.9624e-15 8.58051e-16 
8.55645e-16 4.38535e-16 
-2.1001e-16 2.72839e-15 
1.04649e-15 -1.81931e-15 
6.93336e-16 4.79626e-16 
-6.61147e-15 2.30239e-16 
8.27524e-16 3.54232e-16 
9.18459e-16 6.833e-16 
9.40027e-16 6.43569e-16 
-1.55316e-15 -1.34978e-16 
7.37979e-16 -1.50538e-16 
8.34164e-16 4.76135e-16 
9.38299e-16 4.86277e-16 
