0.0216572 0.00726579 
0.0255263 0.00767514 
0.0249967 0.00668209 
0.0271644 0.00924135 
0.0252034 0.0070691 
0.0262061 0.00491375 
0.025157 -0.0106298 
0.0283604 0.0114302 
0.0293192 0.000397002 
0.0255788 -0.00455458 
0.0251627 0.00871118 
0.0254647 0.00826446 
0.0254568 0.00671415 
0.0252981 0.00411543 
0.0253112 0.00701749 
0.0260016 0.00837497 
0.0236444 0.00755271 
0.0253645 0.0088046 
0.0240727 0.00824853 
0.0281955 0.0103008 
0.0240664 0.00236255 
0.0255929 0.00595623 
0.0258709 -0.0223316 
0.0251615 0.00856697 
0.0256119 0.00824652 
0.0247709 0.00951419 
0.0248507 0.0104681 
0.0256735 0.0123555 
0.02497 0.00758253 
0.0252242 0.0133308 
0.0254403 0.00687236 
0.027666 -0.0709356 
0.0250306 0.00564079 
0.0255054 0.00900656 
0.0245729 0.00819487 
0.0253019 0.00730676 
0.0247006 0.0143 
0.0258878 0.0101782 
0.0250783 0.00755822 
0.0257028 0.00875288 
0.0293286 0.00747006 
0.0251789 0.00800261 
0.0250314 0.011155 
0.0237875 0.0118265 
0.0254977 0.00632733 
0.0218936 0.00653544 
0.0247575 0.00774175 
0.0256755 0.00851131 
0.026327 0.0128039 
0.0258702 -0.00564066 
