0.0246022 0.0134087 
0.0248637 0.0107256 
0.0249485 0.00580399 
0.0294159 0.00442387 
0.0247497 0.011149 
0.0256242 -0.00324062 
0.0251024 -0.00929761 
0.0313514 0.00557513 
0.022832 -0.00224529 
0.0246429 -0.00429609 
0.0251028 0.0100372 
0.0249271 0.0098664 
0.0246546 0.0114456 
0.0247231 0.00542131 
0.0248364 0.00721717 
0.0263188 0.0104178 
0.0252075 0.0125857 
0.025504 0.00875411 
0.0241649 0.00863624 
0.0317287 0.0133682 
0.0303272 0.0119778 
0.0252831 0.0101533 
0.0255658 -0.0147849 
0.0239906 0.0121364 
0.0247251 0.00838853 
0.0251804 0.0107412 
0.0246981 0.010215 
0.0290478 0.00773902 
0.0253051 0.00914169 
0.0245759 0.00921516 
0.0254285 0.00865904 
0.0275353 0.0713089 
0.0243844 0.012231 
0.0250736 0.0100814 
0.0266796 0.00867757 
0.024194 0.00572996 
0.0248403 0.0369519 
0.0250857 0.0104933 
0.0249709 0.00811678 
0.0256363 0.00880451 
0.0302779 -0.0492807 
0.0248934 0.00796944 
0.0251201 0.0111789 
0.0244755 0.00116423 
0.0248952 0.0123671 
0.0235135 0.00872504 
0.0243237 0.00910083 
0.025457 0.0113402 
0.0251552 0.014437 
0.0259691 0.00897382 
