3.92553e-16 7.63977e-16 
8.3425e-16 5.24396e-16 
9.28441e-16 1.19083e-15 
-3.75149e-16 1.8801e-15 
7.71377e-16 2.5219e-15 
8.10871e-16 -1.43916e-16 
3.62405e-16 7.38628e-16 
1.14598e-15 4.81735e-16 
1.10744e-15 5.29718e-16 
-7.09124e-16 -8.85418e-16 
8.30936e-16 8.37149e-16 
-1.13585e-15 4.27564e-16 
5.0992e-15 5.50416e-16 
8.20308e-16 3.03471e-16 
6.94742e-16 7.55297e-16 
1.58723e-15 8.28133e-16 
-3.27874e-16 1.12251e-16 
7.12135e-16 -1.52399e-15 
8.34164e-16 4.76135e-16 
9.73371e-16 3.65026e-16 
