0.0243601 0.00949548 
0.0252986 0.0098788 
0.0250701 0.00979544 
0.0317613 0.015086 
0.0250102 0.00820098 
0.0254858 -0.00620813 
0.0252873 -0.0239322 
0.0263911 0.00969336 
0.0316431 0.0162015 
0.024594 0.0039257 
0.0249558 0.00930627 
0.0250023 0.0119224 
0.0249015 0.00957024 
0.0250512 0.0151677 
0.0254403 0.0119809 
0.0244828 0.0115497 
0.0259612 0.00873184 
0.0257689 0.00998544 
0.0248353 0.0113629 
0.0187423 0.00945361 
0.0261826 0.0116478 
0.0255147 0.00828512 
0.0251566 -0.0183654 
0.0251471 0.00823483 
0.0245766 0.0103822 
0.0246369 0.0108658 
0.024994 0.0106657 
0.0261502 0.0123491 
0.02464 0.00910044 
0.0250966 0.0114125 
0.0248098 0.0110892 
0.0244158 -0.0606763 
0.024664 0.00523188 
0.0254333 0.00896792 
0.0241274 0.00943844 
0.02572 0.0128213 
0.0252737 -0.00414536 
0.0250165 0.0105915 
0.0249158 0.00978685 
0.0251403 0.00913521 
0.0252648 0.029192 
0.0249833 0.0122582 
0.0249838 0.0107731 
0.0237203 0.0105628 
0.0249801 0.00703376 
0.0183715 0.00836486 
0.0251605 0.0104966 
0.0247091 0.00975806 
0.0252725 0.0115425 
0.0252206 -0.00579141 
