7.41953e-16 -9.79979e-17 
8.34823e-16 3.81121e-16 
9.56561e-16 1.69261e-15 
-6.35611e-16 1.68263e-15 
8.43624e-16 2.70515e-15 
8.38232e-16 -4.6931e-16 
-3.36874e-16 9.8816e-16 
-1.2402e-16 -2.50257e-16 
1.01089e-15 6.65767e-16 
3.45837e-17 -2.04108e-16 
7.84437e-16 2.76186e-15 
1.08479e-15 3.50133e-16 
-8.39976e-16 6.38404e-16 
8.44146e-16 1.27559e-16 
7.65638e-16 4.88926e-16 
7.76345e-16 7.57111e-16 
-1.05034e-15 8.06359e-16 
4.90597e-16 4.94415e-16 
8.34164e-16 4.76135e-16 
9.62332e-16 2.9683e-16 
