5.85074e-16 -7.52817e-16 
8.34474e-16 3.5606e-16 
8.82063e-16 5.39441e-16 
-1.58146e-15 1.74834e-15 
8.70697e-16 4.12048e-15 
8.40395e-16 -7.5484e-16 
-2.69846e-17 -1.55638e-16 
1.12983e-15 1.55387e-15 
8.85432e-16 5.63086e-16 
-6.15706e-16 3.64629e-16 
8.94175e-16 -1.09589e-15 
-6.93157e-16 7.35856e-16 
-1.25524e-15 6.37819e-16 
8.37099e-16 2.03424e-16 
5.89997e-16 4.54538e-16 
3.88598e-16 9.82041e-16 
-8.41826e-17 -6.98052e-18 
3.13946e-16 5.01218e-16 
8.34164e-16 4.76135e-16 
8.97228e-16 4.67011e-16 
