0.0222708 0.00619686 
0.0239969 0.0114797 
0.0248925 0.00669981 
0.0271575 0.0056514 
0.0240064 0.00737794 
0.025811 0.000865389 
0.0246479 0.00436233 
0.0222749 0.00912822 
0.0213142 -0.00240133 
0.0235226 -0.000821839 
0.0235484 0.0107606 
0.0240252 0.0105144 
0.0235372 0.00826149 
0.0239831 0.0115991 
0.0246774 0.0127667 
0.0241252 0.0118874 
0.0259162 0.00491357 
0.0245917 0.00798942 
0.023747 0.0106746 
0.0255099 0.0102371 
0.0293476 0.00761275 
0.0247897 0.0105768 
0.0237786 -0.0365437 
0.0229238 0.0105014 
0.023317 0.0101953 
0.0240854 0.00981451 
0.0238773 0.0108425 
0.0230501 0.00925999 
0.0236207 0.00757608 
0.023742 0.0104417 
0.0239158 0.0109105 
0.0238498 -0.100074 
0.0230365 0.0112794 
0.0243667 0.0118845 
0.0235016 0.00884552 
0.0237281 0.0102815 
0.0238033 0.00971412 
0.0250282 0.0106656 
0.0241722 0.00993463 
0.0244 0.0095396 
0.0244782 0.00218218 
0.0243429 0.0125614 
0.0247676 0.0112691 
0.0223892 0.0122323 
0.0233996 0.00308422 
0.0193305 0.00927878 
0.0236265 0.0108804 
0.0236327 0.0105388 
0.0242646 0.0125197 
0.023196 0.0092505 
