6.41057e-16 1.72077e-15 
8.34936e-16 4.75962e-16 
9.52527e-16 1.40903e-15 
-1.18397e-15 1.56725e-15 
8.74554e-16 -6.2716e-15 
8.94191e-16 -5.16333e-16 
6.48294e-16 -1.29665e-16 
-4.06136e-16 1.88196e-15 
1.02932e-15 5.20164e-16 
-8.34752e-17 -9.33123e-16 
1.01346e-15 -7.9861e-16 
5.915e-16 3.98303e-16 
1.11196e-15 3.84913e-16 
8.29476e-16 5.21344e-16 
5.9848e-16 1.13669e-15 
1.21026e-15 3.60186e-16 
6.35125e-16 -6.63949e-16 
1.27812e-15 -9.96627e-16 
8.34164e-16 4.76135e-16 
9.92385e-16 2.41591e-16 
