3.83222e-16 6.22077e-16 
8.34558e-16 3.95277e-16 
8.46261e-16 1.92552e-16 
-1.49822e-15 2.05301e-15 
8.60658e-16 7.66977e-15 
8.57729e-16 5.54837e-16 
3.60567e-16 1.7579e-16 
-6.35713e-16 2.09785e-15 
1.34941e-15 4.97951e-16 
1.08707e-15 -9.31747e-17 
9.05302e-16 -5.10763e-15 
6.79561e-16 7.60084e-16 
1.01489e-15 5.86433e-16 
8.19134e-16 5.08705e-16 
7.25995e-16 9.02893e-16 
1.09557e-15 9.23377e-16 
-2.30474e-15 6.48868e-16 
-2.0564e-16 -9.94528e-16 
8.34164e-16 4.76135e-16 
9.44681e-16 4.75529e-16 
