7.94167e-16 5.19032e-16 
8.34763e-16 4.54071e-16 
9.19279e-16 2.10909e-15 
2.28676e-15 5.82349e-16 
8.39974e-16 -2.6463e-15 
8.26663e-16 -7.4301e-16 
8.60771e-16 2.4425e-16 
-2.172e-15 1.25255e-15 
9.4619e-16 5.45047e-16 
-7.36079e-16 -1.2368e-15 
9.6241e-16 1.61806e-15 
-1.53395e-16 4.80892e-16 
-4.51623e-16 4.00229e-16 
8.41262e-16 2.14509e-16 
8.75414e-16 5.78045e-16 
1.24036e-15 3.97734e-16 
-2.13966e-16 -2.50328e-16 
1.15942e-15 3.11007e-16 
8.34164e-16 4.76135e-16 
1.07851e-15 3.0375e-16 
