5.41301e-16 7.04984e-16 
8.34306e-16 3.91938e-16 
8.62497e-16 7.07609e-16 
1.86657e-15 1.69048e-15 
8.33192e-16 3.72715e-15 
7.88335e-16 -6.26104e-18 
1.08688e-16 1.96437e-16 
-3.26795e-16 7.17673e-16 
1.12027e-15 5.05953e-16 
-4.83751e-16 -1.06879e-15 
1.06935e-15 -1.02036e-15 
-1.13798e-16 4.04787e-16 
2.32259e-16 7.45354e-16 
8.40911e-16 3.77921e-16 
4.96225e-16 6.82173e-16 
1.36119e-15 3.87085e-16 
-2.31008e-15 -6.1353e-17 
4.08092e-16 1.70555e-15 
8.34164e-16 4.76135e-16 
9.44992e-16 5.24771e-16 
