6.60121e-16 1.05984e-15 
8.34429e-16 4.40215e-16 
8.61726e-16 -1.9181e-16 
-8.20449e-16 2.314e-15 
8.60733e-16 -3.04537e-15 
8.41543e-16 3.04801e-16 
3.40543e-16 8.68343e-19 
1.55387e-15 2.88777e-16 
8.89455e-16 4.46229e-16 
7.38532e-16 -4.47747e-16 
1.03689e-15 -4.03125e-15 
2.02576e-16 6.11605e-16 
1.14649e-15 8.89602e-16 
8.14121e-16 5.01462e-16 
6.79692e-16 8.37609e-16 
9.93287e-16 8.29133e-16 
-1.14716e-15 3.26922e-16 
5.32982e-16 2.24333e-16 
8.34164e-16 4.76135e-16 
8.31487e-16 4.19761e-16 
