4.69595e-16 9.78929e-16 
8.34755e-16 4.78439e-16 
9.20786e-16 2.46357e-15 
-3.36564e-16 1.53278e-15 
8.42536e-16 3.6004e-15 
8.76692e-16 1.82161e-16 
5.7823e-16 1.09936e-16 
3.97919e-16 3.02279e-15 
1.30434e-15 4.99106e-16 
-1.19832e-15 -3.35075e-16 
1.02721e-15 -7.78914e-16 
4.38067e-16 4.54403e-16 
-3.67662e-17 4.46214e-16 
8.47252e-16 4.43839e-16 
8.05332e-16 5.29256e-16 
1.4446e-15 7.18861e-16 
-1.50944e-15 5.11658e-16 
7.75841e-16 8.95993e-16 
8.34164e-16 4.76135e-16 
8.44604e-16 6.16786e-16 
