3.52103e-16 9.33916e-16 
8.34391e-16 5.1743e-16 
8.4651e-16 -9.80332e-16 
-1.2784e-15 1.74877e-15 
8.52782e-16 3.7569e-15 
7.89844e-16 -7.61866e-16 
3.75493e-16 -1.56052e-16 
1.5725e-15 -3.17383e-16 
7.00687e-16 5.09803e-16 
-2.27451e-16 -9.94403e-16 
1.10182e-15 -2.80336e-15 
1.25571e-15 5.61391e-16 
7.18878e-16 8.13762e-16 
8.136e-16 4.1894e-16 
9.67181e-16 6.83581e-16 
1.46139e-15 8.67435e-16 
2.06592e-16 -6.59312e-18 
6.83806e-16 1.16999e-15 
8.34164e-16 4.76135e-16 
9.56701e-16 5.28733e-16 
