3.43049e-16 1.58261e-16 
8.33814e-16 4.52695e-16 
8.59181e-16 -1.18527e-15 
2.40908e-15 2.62562e-15 
8.62213e-16 -7.17882e-15 
7.95049e-16 -7.82939e-16 
4.92073e-16 2.22004e-16 
-1.28939e-15 1.22836e-15 
7.03995e-16 4.79615e-16 
1.38479e-15 -2.47258e-15 
8.13146e-16 3.28948e-15 
1.33324e-15 5.15588e-16 
-2.95674e-16 5.51424e-16 
8.23289e-16 2.88869e-16 
9.10305e-16 7.0749e-16 
1.62951e-15 8.93561e-16 
-1.15165e-15 2.78102e-16 
6.36595e-16 -9.11627e-16 
8.34164e-16 4.76135e-16 
1.00319e-15 4.37806e-16 
