0.0115441 0.00917708 
0.00870063 0.00936938 
0.0135785 0.0147186 
0.0169428 0.0107271 
0.0110041 0.0100277 
0.0166339 0.0131015 
0.0168426 0.00407876 
0.0180491 0.0124516 
0.0216749 0.0101296 
0.00747606 0.0120351 
0.0190749 0.00841635 
0.0115565 0.0120831 
0.00767463 0.00946325 
0.0197215 0.0189835 
0.0117012 0.0128086 
0.0230017 0.00791815 
0.00822237 0.0104948 
0.0106834 0.00855018 
0.00848687 0.00953448 
0.0168965 0.00932267 
0.0184873 0.000741242 
0.0124662 0.013087 
0.02039 0.0263684 
0.013235 0.00966188 
0.0135888 0.00991597 
0.0111124 0.0131704 
0.0130299 0.0118144 
0.00881552 0.00926561 
0.0205727 0.00624034 
0.01448 0.00911759 
0.0119435 0.0101003 
0.010479 0.0870201 
0.0103727 0.00997222 
0.0159598 0.00859916 
0.00598752 0.0106814 
0.0116812 0.0083872 
0.0166263 0.00139946 
0.0135268 0.0108033 
0.00924225 0.00913687 
0.00946485 0.0166341 
0.0117253 0.0103191 
0.0131314 0.00845852 
0.020736 0.00960668 
0.0162552 0.0104462 
0.00794645 0.0129336 
0.0110672 0.0105757 
0.0115386 0.0082862 
0.0158834 0.00985417 
0.0206598 0.0168435 
0.0104907 0.0107741 
