0.0148037 0.00536984 
0.00397847 0.00908516 
0.00937704 0.0108447 
0.0164824 0.00744989 
0.00284293 0.00959934 
0.00650395 0.0118032 
0.0126993 0.00738094 
0.0220025 0.00891558 
0.0201458 0.00942156 
0.00480283 0.0110362 
0.0165665 0.00659132 
0.00968974 0.0130893 
0.0103745 0.010287 
0.0141138 0.00552743 
0.00797844 0.0129909 
0.0139471 0.00922718 
0.0113788 0.00806782 
0.00237497 0.00896552 
0.0150402 0.00916511 
0.0176111 0.00955421 
0.0181258 0.00515829 
0.00416405 0.00775695 
0.0117369 -0.00656307 
0.00521977 0.0093726 
0.00927164 0.00749987 
0.00633983 0.0122757 
0.0069128 0.00960952 
0.00813102 0.00861602 
0.00999449 0.00715581 
0.00983263 0.00833898 
0.00610018 0.00887149 
0.0168154 -0.0205311 
0.00276242 0.00665182 
0.014525 0.00640587 
0.00946552 0.0118722 
0.00779799 0.0095637 
0.0100614 -0.0100086 
0.00888109 0.0099309 
0.00682858 0.00732991 
0.00629575 0.00942059 
0.0073432 0.00751753 
0.0103233 0.0100153 
0.0175881 0.00923737 
0.0117277 0.00753614 
0.00488097 0.0122899 
0.00493197 0.00921316 
0.00772631 0.00683971 
0.00716641 0.0101694 
0.0199861 0.00695433 
0.00725361 0.00908035 
