8.18365e-16 7.27421e-16 
8.3487e-16 4.99537e-16 
8.66548e-16 3.46242e-15 
-5.03033e-16 1.88376e-15 
8.5225e-16 3.60139e-15 
8.72908e-16 -3.00683e-17 
1.42474e-15 8.14098e-16 
-4.04688e-16 2.53564e-15 
1.39426e-15 5.95836e-16 
-1.5142e-15 6.0756e-16 
1.00618e-15 6.95482e-16 
-7.16836e-16 5.49794e-16 
1.52436e-15 9.34384e-16 
8.35982e-16 4.51208e-16 
2.26635e-16 5.25142e-16 
1.46441e-15 -9.9558e-18 
3.4449e-16 4.53912e-17 
7.13339e-16 2.30341e-15 
8.34164e-16 4.76135e-16 
9.73222e-16 3.67971e-16 
