0.00883258 0.0139546 
0.00522225 0.013054 
0.00296644 0.00991204 
0.00211247 0.0151108 
-0.000143607 0.0108159 
0.00100739 0.0102694 
-7.5772e-05 0.0137021 
0.00410868 0.0098277 
0.0272014 0.0100202 
0.00485596 0.0113991 
-0.00382244 0.0106578 
0.00674809 0.0127514 
0.00324681 0.0116693 
-0.00108853 0.0130874 
0.00252879 0.00991749 
-0.0106222 0.011974 
0.00218597 0.0119639 
0.0167787 0.0120025 
0.00865055 0.0114563 
0.01204 0.0132849 
0.00815634 0.0199065 
0.00160159 0.0122597 
0.0199106 -0.00493728 
0.00147953 0.0131816 
0.00316019 0.013471 
0.00378853 0.0106653 
0.00376898 0.0104358 
0.00371083 0.00985258 
-0.0022324 0.0200009 
0.00363094 0.0103398 
0.00320394 0.0116326 
0.00816368 -0.0204784 
0.00675875 0.0140719 
-0.00221189 0.0138834 
0.00361843 0.0128819 
0.0021127 0.0119127 
-0.00399006 0.0226862 
0.00267449 0.00993772 
0.00453191 0.0106503 
0.00709222 0.00753525 
0.00283277 0.0115248 
0.00223037 0.0124569 
0.000258723 0.0124818 
0.00225268 0.0126896 
0.0066752 0.0106687 
0.00597059 0.0114255 
0.00194313 0.0103024 
0.000494667 0.0125002 
0.00156377 0.0140145 
0.00260436 0.00974317 
