0.000561849 0.0192118 
0.00435975 0.0141208 
-0.000588058 0.0103143 
-0.00879849 0.0166119 
-0.000779273 0.0125439 
-0.00194632 0.0139974 
-0.00309606 0.0120895 
-0.00442756 0.00943168 
0.00873519 0.0139708 
0.00241242 0.0144129 
-0.00857134 0.0158009 
0.000777023 0.0124326 
-0.0026956 0.0117989 
-0.00266934 0.014982 
0.000978747 0.0124248 
-0.00942449 0.0132933 
-0.00410641 0.0135306 
0.0178327 0.013013 
-0.00243026 0.0135422 
-0.0102388 0.0131107 
0.0116634 0.0141398 
0.00135641 0.0169907 
0.0212412 0.0263765 
0.000944319 0.0140835 
-0.00557345 0.0116238 
0.000585338 0.0115934 
0.00333022 0.0120346 
-0.00222279 0.0124892 
-0.00205613 0.0229625 
-0.00608979 0.0124753 
0.00223345 0.0148559 
0.000309299 0.0308865 
0.00930803 0.0161782 
-0.00648829 0.0163341 
-0.00766661 0.0141786 
-0.000901726 0.0147329 
-0.00582003 0.0325466 
-0.0027847 0.0162098 
0.00332787 0.0139095 
-0.00186227 0.0181805 
-0.00456167 0.015555 
-0.00643829 0.014555 
-0.0132374 0.0143982 
-0.00317489 0.017786 
0.00409107 0.0116066 
-0.000450888 0.0136473 
-0.000799732 0.0117414 
-0.00168414 0.0139272 
0.0231123 0.0162454 
-0.000299242 0.0161865 
