4.79564e-16 1.31197e-15 
8.35398e-16 5.55664e-16 
9.54369e-16 4.74836e-16 
1.30954e-15 2.70529e-15 
8.46769e-16 1.20158e-15 
8.69402e-16 -4.03992e-16 
-1.26873e-16 5.50005e-16 
3.26537e-16 3.32611e-15 
9.22558e-17 4.67748e-16 
1.31903e-15 -1.12451e-15 
8.06362e-16 -3.3555e-16 
2.14422e-16 6.61982e-16 
1.70095e-16 7.21115e-16 
8.41217e-16 4.96869e-16 
8.50461e-16 6.00755e-16 
5.22589e-16 5.14778e-16 
1.52766e-17 -5.25808e-16 
3.37587e-16 3.77839e-16 
8.34164e-16 4.76135e-16 
8.13028e-16 4.39433e-16 
