-0.0146739 0.00294271 
0.00165673 0.0133296 
-0.00739066 0.00160951 
-0.00754675 0.00108653 
-0.00596615 0.0104659 
-0.00734606 0.00523555 
-0.00232065 0.0030883 
-0.00779077 0.00931259 
-0.00355013 0.0196893 
-0.00821 0.0123057 
-0.00333739 0.00415732 
-0.00187315 0.0144843 
-0.0075332 0.0159478 
-0.0077542 0.00541159 
-0.0120674 0.0123705 
-0.0107468 0.00363029 
-0.00848476 0.00235376 
-0.0239637 0.00686197 
0.00544615 0.018574 
-0.021785 0.00229344 
-0.0185405 0.0184649 
-0.0110894 0.00395153 
-0.00437208 -0.00806934 
-0.009354 0.00730466 
-0.002419 0.0173275 
-1.74444e-05 0.0089421 
-0.00947065 0.00519478 
0.00327633 0.00968171 
-0.00777843 -0.00027629 
-0.00176627 0.0101124 
-0.00518709 0.0146363 
-0.00917386 -0.00244446 
-0.00512605 0.0108328 
-0.00449954 0.00570961 
-0.00763913 0.00186498 
-0.0098055 0.00835407 
-0.00563227 0.0146643 
-0.00931766 0.015918 
-0.014228 0.00232256 
-0.0103558 0.00271897 
-0.00571667 0.00155528 
-0.00447226 0.00778592 
-0.00510093 0.00653748 
-0.00904348 0.0121915 
-0.0132362 0.0116969 
-0.00621656 0.00451052 
-0.00500798 0.0124861 
-0.00777829 0.00957872 
-0.0129493 0.0204007 
-0.00249932 0.0101785 
