4.51277 -13.1173 
3.23329 -6.85026 
4.15348 -6.05105 
8.46735 -6.59015 
2.16194 -1.92956 
4.70399 -11.6663 
2.11334 -8.27894 
1.08732 -9.21178 
6.8299 -13.0355 
-0.478584 -7.19548 
5.82173 -10.908 
0.148982 -6.76733 
1.42643 -9.604 
5.03756 -10.5998 
8.61871 -5.58775 
4.23615 -9.45125 
5.92232 -11.683 
11.6443 -18.8603 
6.0319 9.5937 
3.41141 -10.1517 
7.49245 -8.3052 
6.72604 -7.12151 
-6.43501 0.668786 
2.60195 -8.78209 
24.5856 -20.0858 
1.47652 -3.23957 
8.26702 14.8072 
6.70326 -8.0538 
8.73518 7.66506 
-1.9936 32.768 
-0.0605257 -8.85796 
9.42387 -4.49819 
4.83888 -14.4173 
2.51972 -25.6468 
11.8708 -7.62594 
5.30407 -11.3697 
2.66718 -16.1461 
-1.675 -8.90325 
3.93855 -12.4503 
4.23169 10.8628 
0.438251 -6.5798 
5.52541 -19.7809 
19.7177 -6.72321 
10.5253 -20.6314 
5.02118 -5.74819 
6.7277 -7.78316 
5.71503 -6.41595 
3.08689 -8.15519 
15.4192 -11.2286 
5.77376 -7.77575 
