4.54123e-16 1.29646e-15 
8.34288e-16 3.92698e-16 
8.81341e-16 9.85202e-16 
1.35235e-15 5.46956e-15 
8.52757e-16 -1.55778e-15 
8.59302e-16 -3.50955e-16 
1.63017e-18 4.49293e-16 
-3.97367e-16 2.15189e-15 
2.91705e-16 5.32501e-16 
-3.07887e-16 -6.52245e-16 
9.38473e-16 2.34248e-15 
-5.71046e-16 6.4798e-16 
7.16129e-16 9.00735e-16 
8.41447e-16 4.42325e-16 
7.04614e-16 9.16706e-16 
4.67345e-17 7.47621e-16 
-9.18395e-16 4.67026e-16 
8.73451e-16 -1.1078e-15 
8.34164e-16 4.76135e-16 
1.01276e-15 4.43214e-16 
