7.29805e-16 2.97594e-16 
8.33946e-16 4.44015e-16 
8.23831e-16 6.91731e-16 
-1.01543e-15 3.03437e-15 
8.45155e-16 2.66244e-15 
8.98957e-16 9.60196e-16 
4.83332e-16 -6.00403e-16 
2.71353e-16 1.83695e-15 
1.15146e-15 5.68456e-16 
2.71951e-16 -1.92446e-16 
8.77015e-16 -2.21171e-16 
-1.31436e-15 2.91187e-16 
-1.65601e-15 8.00741e-16 
8.3252e-16 2.34928e-16 
8.51437e-16 8.90307e-17 
2.35954e-15 1.50588e-15 
-1.7643e-16 8.22344e-16 
9.29812e-16 -1.35329e-15 
8.34164e-16 4.76135e-16 
7.8086e-16 3.75492e-16 
