2.06637e-16 9.59413e-16 
8.35569e-16 3.47126e-16 
8.94118e-16 4.38405e-16 
-8.8467e-16 -6.49686e-16 
8.6171e-16 -6.13097e-15 
8.21145e-16 -6.85658e-16 
7.85784e-16 1.05591e-15 
-2.42102e-15 1.00657e-15 
1.02478e-15 4.89199e-16 
-5.46508e-16 -1.58171e-15 
8.84642e-16 -1.26726e-15 
-2.19655e-16 7.91597e-16 
4.98518e-16 3.12544e-16 
8.3873e-16 4.59529e-16 
5.72878e-16 1.18067e-15 
-3.03604e-16 -7.53636e-17 
-7.64239e-16 2.03689e-17 
5.24385e-16 -2.8262e-16 
8.34164e-16 4.76135e-16 
8.22237e-16 3.56166e-16 
