1.28138e-15 7.71395e-16 
8.35143e-16 4.29714e-16 
9.12923e-16 2.03155e-17 
-6.69375e-16 3.12135e-15 
8.51303e-16 3.52909e-15 
8.88089e-16 7.79506e-16 
8.09877e-16 -1.95892e-16 
-1.87571e-15 3.03381e-15 
6.63181e-16 5.07103e-16 
7.43342e-16 6.73465e-17 
1.13899e-15 4.39446e-15 
-1.04003e-15 1.5311e-16 
-1.84007e-15 4.25654e-16 
8.30947e-16 1.22207e-16 
6.43459e-16 6.72972e-16 
8.24493e-16 1.14531e-15 
-4.68973e-16 2.87943e-16 
7.73821e-16 -2.93595e-15 
8.34164e-16 4.76135e-16 
8.44066e-16 3.7114e-16 
