4.16576e-16 8.78049e-16 
8.34948e-16 3.46837e-16 
8.6583e-16 1.01766e-15 
-1.52573e-15 3.1922e-15 
8.45862e-16 -5.72616e-15 
8.95589e-16 8.14342e-16 
6.46054e-16 4.89768e-16 
-1.20819e-16 -6.45955e-16 
1.14218e-15 6.18632e-16 
-1.77527e-16 4.1616e-16 
9.60895e-16 2.1157e-15 
9.70683e-17 4.32317e-16 
-5.50323e-16 3.7164e-16 
8.26963e-16 4.10164e-16 
6.43221e-16 7.81507e-16 
3.07068e-16 5.09116e-16 
-1.27554e-15 1.94779e-16 
8.13812e-16 -1.11213e-16 
8.34164e-16 4.76135e-16 
6.42127e-16 2.65443e-16 
