1.68297e-17 4.42359e-16 
8.33593e-16 4.55352e-16 
8.30252e-16 5.36036e-16 
6.9962e-15 -8.33503e-16 
8.48914e-16 1.46979e-15 
8.45524e-16 -6.79174e-16 
4.89642e-16 1.23736e-17 
4.13033e-15 -1.84193e-15 
1.5601e-15 6.02412e-16 
-2.47044e-16 2.78516e-16 
8.16771e-16 -3.64968e-15 
1.75393e-16 7.74499e-16 
4.86367e-16 6.90686e-16 
8.23347e-16 4.70146e-16 
8.46613e-16 5.70262e-16 
1.64654e-15 5.18246e-16 
-1.81514e-16 -2.32329e-16 
2.08904e-16 1.23184e-15 
8.34164e-16 4.76135e-16 
8.27445e-16 7.58674e-16 
