9.45904e-16 1.18631e-15 
8.36097e-16 4.70145e-16 
8.95015e-16 1.45905e-15 
-7.49297e-15 3.36972e-16 
8.50722e-16 1.8752e-15 
8.96341e-16 1.25259e-16 
3.96201e-16 2.7158e-16 
-8.0771e-15 -1.25657e-15 
1.24606e-15 4.81322e-16 
4.53872e-16 -1.02314e-15 
8.73917e-16 -4.06655e-16 
-1.05546e-15 2.69462e-16 
1.68069e-16 7.52399e-16 
8.31332e-16 4.82753e-16 
5.87027e-16 8.656e-16 
1.38337e-15 2.0736e-16 
-8.92995e-16 2.24134e-17 
3.98686e-16 3.10156e-16 
8.34164e-16 4.76135e-16 
1.11982e-15 6.12515e-16 
