-0.00314907 -0.0188899 
0.00470273 -0.0046506 
-0.00244966 -0.00419519 
0.00060637 0.00182585 
-0.000519907 -0.0152785 
-0.00137462 0.000915809 
-0.00152637 0.000768827 
-0.00294628 -0.00385906 
-0.00149269 -0.000682009 
-0.000860677 0.0109703 
0.00531024 0.0143767 
-0.00377197 0.0061812 
-0.00733684 0.00757175 
0.00293661 -0.00413092 
-0.00425196 -0.00340513 
-0.00383895 -0.0107267 
-0.00736226 -0.00388658 
0.00109652 -0.0124898 
-0.00225311 0.00619279 
-0.00471709 0.00702021 
0.00166755 0.00323856 
0.00178154 -0.00336682 
-0.00215 -0.00951127 
-0.00175901 -0.00283524 
-0.00083392 -0.00778461 
0.00218997 -0.0019191 
-0.00326273 -0.00222608 
0.00417833 -0.00175431 
0.000381036 -0.00453405 
-0.00160525 0.00106334 
-0.00706216 -0.026897 
0.000605842 0.000847821 
0.00567891 -0.000644844 
-0.0034425 0.00863023 
0.000324945 -0.0052808 
-0.00241813 -0.00503942 
-0.00362616 -0.00417546 
0.00292368 -0.00541208 
0.00301713 0.0198157 
-0.0082708 -0.00124288 
0.00343288 0.0037843 
-0.00350131 -0.00666474 
-0.00178454 -0.00301549 
-0.00118971 -0.00564707 
-0.00192722 0.00129656 
-0.00356992 -2.99559e-05 
0.000877906 0.0016719 
-0.00502353 -0.00628558 
-0.00961593 0.00052598 
0.00558478 -0.00577999 
