7.61774 -12.2913 
6.33847 -1.60928 
6.07949 -6.25883 
14.1116 -7.28335 
7.72184 -3.72697 
9.14138 -12.6023 
4.18032 -8.61653 
6.51407 -8.68234 
6.09882 -20.0092 
3.56988 -13.5896 
15.6384 -12.2489 
-8.85809 5.25364 
3.58421 -8.1941 
6.2284 -4.87961 
9.8816 -4.2424 
1.96157 -5.8116 
9.56619 -7.57486 
8.69329 9.13531 
5.48416 -5.84276 
5.69467 -11.11 
8.26504 1.66628 
7.43705 -6.1738 
2.56126 -12.7628 
5.12621 -12.653 
9.29907 -10.4092 
4.34785 3.69235 
8.52715 -11.3792 
6.19482 -8.55494 
11.1417 21.7105 
-6.36888 -14.3876 
6.30018 -7.73779 
12.2704 -1.81077 
5.4594 -25.8852 
13.4354 -5.58954 
4.76619 -4.39938 
2.93517 -0.671433 
8.79551 -21.3926 
-3.2684 -15.318 
3.62074 -13.1088 
7.20289 -15.1674 
-2.18168 -4.61521 
5.83564 -16.7064 
2.56875 -7.46318 
8.61919 3.52367 
7.22618 -0.372079 
6.87731 -7.69294 
9.23988 -5.30437 
6.46868 -1.74829 
13.958 -4.08741 
5.61656 -4.77237 
