-8.26789e-17 1.36865e-15 
8.36551e-16 4.53216e-16 
1.09266e-15 1.38967e-15 
-5.3088e-15 1.10579e-16 
8.6582e-16 3.55284e-15 
8.18806e-16 1.72961e-15 
1.12315e-16 1.31084e-16 
-2.04357e-15 -1.43595e-15 
1.40088e-15 7.12085e-16 
3.35231e-16 -1.55261e-15 
9.22752e-16 3.3373e-16 
-5.71435e-16 2.6011e-16 
-1.11942e-15 6.00002e-16 
8.24287e-16 6.89309e-16 
7.3097e-16 7.33264e-16 
9.7747e-16 8.02759e-16 
-4.98679e-16 1.36558e-16 
2.09935e-16 6.5786e-16 
8.34164e-16 4.76135e-16 
9.82265e-16 2.48041e-16 
