1.0905e-15 1.08207e-15 
8.33409e-16 4.37898e-16 
8.55605e-16 4.95897e-16 
-9.71393e-16 4.64567e-15 
8.69005e-16 4.14988e-15 
9.4356e-16 1.06406e-15 
2.77395e-16 1.38278e-16 
7.83086e-16 -2.89894e-15 
7.43559e-16 1.99774e-16 
8.53271e-16 7.48329e-17 
1.05202e-15 -3.49224e-15 
-9.35324e-16 8.49748e-16 
-6.05775e-16 6.71303e-16 
8.34872e-16 1.02228e-16 
7.25296e-16 9.20572e-16 
1.02767e-15 7.1931e-16 
-3.86976e-16 -6.16578e-17 
1.11974e-15 -1.52707e-15 
8.34164e-16 4.76135e-16 
9.68055e-16 8.87397e-16 
