6.79526e-16 9.56297e-16 
8.34655e-16 4.40298e-16 
9.34547e-16 6.23271e-16 
-2.48061e-15 2.03003e-15 
8.30945e-16 4.20639e-16 
8.10764e-16 -4.06066e-16 
-5.52704e-17 5.91843e-16 
-4.16296e-16 5.35225e-16 
1.12534e-15 7.52409e-16 
-1.15707e-16 -1.15072e-15 
8.11648e-16 2.79946e-15 
1.93643e-15 4.1768e-16 
1.31531e-16 7.71028e-16 
8.26677e-16 4.46304e-16 
9.8026e-16 2.51089e-16 
9.47841e-16 4.58147e-16 
-1.2712e-15 2.07839e-16 
5.77399e-16 3.28315e-16 
8.34164e-16 4.76135e-16 
9.25144e-16 -3.41509e-16 
