1.03004e-15 7.89415e-16 
8.34735e-16 3.97906e-16 
8.83848e-16 7.31102e-16 
3.46483e-15 3.71845e-15 
8.52579e-16 -1.8977e-16 
8.23237e-16 -4.69338e-16 
7.80915e-16 -1.53691e-16 
1.08447e-15 6.13302e-16 
5.46485e-16 4.45884e-16 
2.85893e-16 -9.39078e-16 
7.26462e-16 -3.6375e-15 
-1.21167e-15 8.51324e-16 
-1.13446e-16 5.73779e-16 
8.24502e-16 2.79674e-16 
1.09684e-15 8.20555e-16 
1.31517e-15 1.01621e-15 
-1.57455e-15 2.49295e-16 
6.43251e-16 -8.11714e-16 
8.34164e-16 4.76135e-16 
8.97875e-16 5.05507e-16 
