3.42243e-16 7.90503e-16 
8.34467e-16 4.109e-16 
8.66401e-16 6.31018e-16 
-4.24821e-15 -6.67921e-16 
8.65778e-16 -9.48498e-17 
8.82081e-16 -4.34136e-16 
6.37236e-16 -1.58673e-16 
-2.58847e-15 1.71168e-15 
1.35489e-15 2.30918e-16 
-4.87136e-16 5.02837e-16 
1.07403e-15 -3.80711e-15 
-1.03374e-15 3.23047e-16 
-5.00051e-16 4.32516e-16 
8.40956e-16 2.89125e-16 
1.54595e-16 6.79539e-16 
1.0193e-15 5.09348e-16 
9.12053e-16 1.82742e-16 
5.57427e-16 4.54849e-17 
8.34164e-16 4.76135e-16 
1.0053e-15 3.57282e-16 
