7.12639e-16 8.70342e-16 
8.33372e-16 4.07243e-16 
9.23264e-16 5.40992e-16 
-6.38676e-15 1.61686e-15 
8.38996e-16 1.24814e-16 
8.71909e-16 -1.17868e-15 
6.63228e-16 -8.95649e-16 
-1.44859e-15 9.23917e-16 
1.26384e-15 6.16462e-16 
-1.07261e-15 -9.9058e-16 
9.71796e-16 1.08192e-15 
-2.32818e-16 1.1543e-16 
-4.20217e-16 5.9547e-16 
8.2628e-16 2.89938e-16 
2.77697e-15 4.89514e-16 
1.94488e-15 7.32341e-16 
-6.8779e-15 2.772e-16 
4.87639e-16 -1.5236e-15 
8.34164e-16 4.76135e-16 
1.00667e-15 1.3829e-16 
