9.68839e-16 8.50622e-16 
8.33695e-16 4.53069e-16 
9.51088e-16 5.82674e-16 
-4.92668e-15 1.00215e-15 
8.63559e-16 -1.52702e-15 
8.68378e-16 -2.0595e-16 
1.06139e-15 -1.81994e-16 
9.18989e-16 1.5348e-15 
9.29986e-16 5.83182e-16 
-3.79697e-15 -1.58324e-15 
7.68167e-16 -5.50352e-15 
-7.28148e-16 -1.92578e-16 
1.71226e-16 6.4923e-16 
8.16727e-16 1.88426e-16 
3.64995e-15 5.99311e-16 
2.30457e-15 3.96897e-16 
-8.90898e-15 4.86125e-16 
7.91122e-16 -7.40339e-16 
8.34164e-16 4.76135e-16 
1.00795e-15 3.20432e-16 
