-0.00362403 -0.000612102 
0.00175935 -0.00203379 
-0.00530541 -0.0041942 
0.00722903 0.00205224 
-0.00615719 0.00223535 
-0.00718182 -0.00353595 
-0.0035681 0.00128282 
-0.00834302 -0.00385761 
0.00885424 -0.0029557 
-0.0108002 -0.00547297 
-0.00604436 -0.00185074 
-0.00466793 0.000216955 
-0.00637834 -0.000699535 
-0.0102636 -0.00749233 
-0.00254802 -0.00252645 
-0.00714716 -0.00340754 
-0.00762756 -0.000392 
-0.00756171 -0.0139857 
-0.00839959 -0.000891105 
0.00437381 -0.0122887 
-0.00578558 0.00175179 
-0.0123086 -0.0023225 
-0.00436718 -0.00149202 
0.00844166 0.000362538 
-0.00611534 0.000280167 
-0.00622814 -0.00594896 
-0.00751732 0.00735226 
0.0160478 0.00132597 
-0.00805414 -0.0147528 
0.00233665 0.00427082 
0.000706443 -0.00325351 
-0.00475871 -0.00327428 
-0.00487986 0.00129941 
-0.00365574 -0.0451168 
0.00823747 0.00160482 
-0.00661401 -0.00234636 
-0.0041524 0.00219177 
0.00865228 0.00990546 
-0.00535502 -0.00218057 
-0.00298852 0.00396597 
-0.00875881 -0.00159359 
-0.00200752 0.00391656 
-0.00462602 -0.00172221 
-0.0032241 0.00161984 
0.00148112 -0.00122548 
-0.00973387 0.00299212 
-0.00205212 -0.000643355 
-0.00431698 0.00369198 
-0.00476099 -0.00271309 
-0.00839772 -0.0101274 
