8.98466e-16 1.15378e-15 
8.35159e-16 4.78603e-16 
8.31196e-16 -5.50548e-16 
-1.71209e-16 3.90012e-15 
8.8177e-16 -3.6516e-15 
8.26775e-16 9.06074e-17 
8.41638e-16 7.18335e-16 
7.4986e-16 2.28798e-15 
1.01194e-15 5.17566e-16 
2.0808e-15 4.13086e-16 
7.39915e-16 -2.39113e-15 
-1.05774e-15 5.86795e-16 
1.08169e-15 5.86811e-16 
8.244e-16 5.881e-16 
1.52835e-15 -5.25589e-17 
2.79054e-15 7.03353e-16 
-1.60978e-16 1.19595e-16 
6.31781e-16 -7.76864e-16 
8.34164e-16 4.76135e-16 
9.63019e-16 4.05133e-16 
