1.92376e-16 2.13104e-16 
8.34434e-16 4.48993e-16 
8.05582e-16 2.37876e-15 
1.89929e-16 3.6077e-16 
8.86387e-16 -1.92698e-15 
8.58371e-16 -3.80583e-16 
1.28664e-15 -3.19746e-17 
1.00999e-15 3.16372e-15 
1.03288e-15 4.92799e-16 
4.54011e-16 -8.34975e-16 
7.67201e-16 -2.67541e-15 
-6.1066e-16 3.31952e-16 
-6.90323e-16 7.0992e-16 
8.24784e-16 4.92875e-16 
-2.65271e-16 8.52226e-16 
3.36856e-15 4.90746e-16 
-1.23685e-15 4.66829e-16 
6.60168e-16 -2.39217e-15 
8.34164e-16 4.76135e-16 
1.04675e-15 3.90533e-16 
