-0.00363533 0.00198419 
-0.000391557 -0.00416009 
-0.00280583 0.00281117 
0.0018012 -0.00166084 
-0.0010684 0.00477432 
-0.00369553 0.00356417 
-0.000564 0.00231371 
-0.00369889 -0.00102699 
-0.00338226 0.00341342 
-0.00675682 0.00203428 
-0.00374507 -0.0016209 
-0.0023216 0.00252004 
-0.00504411 0.00442274 
-0.00725293 0.000294897 
-0.00154092 0.000483355 
-0.00380229 -0.0030372 
-0.00554312 0.00194288 
-0.00259687 -0.00384578 
-0.00362356 0.00360692 
-0.00362894 -0.00214258 
-0.00379966 0.00582694 
-0.00838837 -0.00272865 
-0.00181922 0.00081554 
0.0208861 0.00143119 
0.000215519 0.00363009 
-0.00577209 0.00223727 
-0.0023169 0.0125279 
0.0117391 0.000695264 
-0.00443144 -0.00546304 
0.0133482 0.00811328 
0.000839183 -0.00837848 
-0.0038045 -0.00441771 
-0.00423568 0.00309838 
-0.00112166 -0.0280972 
0.017167 0.002168 
-0.00179382 0.00230934 
-0.00066556 0.0113072 
-0.00123743 0.0133153 
-0.00258884 -0.00282722 
-0.00492934 0.0013213 
-0.00344154 0.00245023 
-0.0025826 -0.000188879 
-0.00808504 -0.00256403 
0.00226711 0.00123592 
0.000193359 -0.000262776 
-0.00412661 0.00272278 
0.0020864 -0.000426953 
-0.00499886 0.00168984 
-0.00478079 -0.00236687 
-0.00549902 0.00560869 
