6.8278e-16 1.04117e-15 
8.34454e-16 4.07497e-16 
8.71346e-16 -3.77195e-16 
-8.67564e-17 7.53351e-16 
8.36006e-16 -3.37455e-15 
8.40271e-16 2.15847e-16 
2.21934e-16 8.78556e-17 
-7.98705e-16 -8.10179e-16 
1.12616e-15 5.52475e-16 
-1.19001e-15 3.93052e-16 
1.21228e-15 3.39577e-15 
1.67248e-15 8.09659e-16 
1.90105e-15 5.22255e-16 
8.25365e-16 2.83345e-16 
9.70968e-16 8.84599e-16 
-4.08489e-16 5.9112e-16 
4.02602e-16 -1.91016e-16 
6.62555e-16 1.45432e-15 
8.34164e-16 4.76135e-16 
9.49057e-16 4.20355e-16 
