7.82868e-16 8.95174e-16 
8.34679e-16 4.35371e-16 
9.47111e-16 7.89744e-16 
5.25865e-16 1.8834e-15 
8.52459e-16 3.81498e-15 
7.65559e-16 -1.34299e-15 
1.99415e-16 6.26664e-16 
-1.21456e-15 3.35453e-15 
9.46443e-16 5.21996e-16 
-1.53444e-15 -1.50259e-15 
6.9709e-16 -9.37845e-15 
-1.50655e-16 3.60197e-16 
-9.37099e-16 6.44126e-16 
8.4157e-16 6.33143e-16 
5.48452e-16 6.11287e-16 
1.9915e-16 6.61491e-16 
-4.36841e-16 5.56403e-16 
7.87697e-16 1.73111e-15 
8.34164e-16 4.76135e-16 
9.8234e-16 4.17637e-16 
