-2.61593e-05 0.00626876 
-0.00263423 0.0122391 
-0.00115785 0.00188429 
-0.00436177 0.00215502 
-0.000426417 0.00267932 
-0.00147186 0.00699182 
-0.000798457 0.00342574 
-0.00315499 -0.000845907 
-0.00272524 0.00423823 
-0.000366205 0.00490418 
-0.00207622 -0.000626171 
-0.00328841 0.000685954 
-0.00493862 0.000686981 
-0.0023009 0.00853842 
-0.00265805 0.00188758 
0.00036315 -0.00268247 
-0.000265571 0.00590175 
-0.00923409 -0.0106678 
-0.00412205 0.00484906 
-0.00361317 0.00804462 
-0.00197194 0.00545881 
-0.00413468 -0.00253074 
-0.00165998 0.00587633 
0.00881167 0.00346552 
-0.00159899 0.00519649 
-0.00141446 0.00695505 
0.000229405 0.00394072 
-0.0113995 0.00665847 
-0.00278584 0.0165271 
0.00581414 0.00747535 
-0.00114189 0.00383509 
-0.000237115 0.00440169 
-0.00407588 0.00451771 
0.000316052 0.0235712 
0.0127569 0.00411637 
-0.00148931 0.00432072 
-0.00120549 0.00894295 
-0.00665699 0.00653733 
-0.000474918 0.00243566 
-0.00125131 0.00491983 
-0.00732115 0.00648138 
-0.00164611 0.0064267 
-0.000319544 0.00328589 
0.00165391 0.0061258 
-0.00796278 0.00516407 
0.000279464 0.00440152 
0.000539312 0.00741655 
0.00180515 0.00234304 
-0.0094961 0.00312574 
-0.00503019 0.00159461 
