9.00159e-16 6.70624e-16 
8.34603e-16 4.84159e-16 
8.52942e-16 1.15549e-15 
9.28588e-16 1.06759e-15 
8.38192e-16 -1.27432e-15 
9.42984e-16 3.95858e-16 
6.07592e-16 -6.01248e-16 
-1.99475e-16 8.39203e-17 
1.40356e-15 4.55792e-16 
1.67865e-15 -4.2796e-16 
1.13387e-15 8.60572e-15 
9.74301e-16 6.24717e-16 
8.10807e-16 5.84169e-16 
8.16427e-16 1.03672e-16 
6.82433e-16 5.84197e-16 
2.59464e-15 4.62534e-16 
-1.07986e-15 -5.82625e-16 
4.29791e-16 -4.00189e-15 
8.34164e-16 4.76135e-16 
8.21346e-16 3.54343e-16 
