6.28641e-16 9.8332e-16 
8.34435e-16 5.15321e-16 
9.70854e-16 1.28378e-15 
-6.02287e-16 1.0775e-15 
8.31405e-16 -8.13681e-15 
9.64759e-16 -1.67611e-16 
1.78396e-16 6.37293e-16 
-1.98182e-15 -5.65873e-16 
1.27009e-15 4.18242e-16 
3.81842e-16 9.82905e-16 
1.01234e-15 5.33846e-15 
7.25858e-16 3.92842e-16 
1.17853e-15 4.62339e-16 
8.35873e-16 6.02432e-16 
6.45472e-16 3.34962e-16 
4.22151e-15 1.10104e-15 
-1.81764e-15 -1.56907e-16 
7.12069e-16 -1.15672e-15 
8.34164e-16 4.76135e-16 
9.99907e-16 4.75749e-16 
