9.50029 0.554729 
6.2468 0.55254 
8.92909 1.05994 
1.32756 -3.04532 
1.77355 0.386009 
7.62511 2.06946 
6.99974 1.29875 
8.35803 -0.969906 
6.17559 -2.87877 
7.57857 5.64441 
5.35721 4.91794 
22.2474 -15.4447 
8.25194 -3.1496 
6.45536 -3.04898 
5.45582 5.87814 
7.16703 -4.92671 
6.94456 0.969574 
3.27528 -1.45969 
5.99671 -2.96598 
4.66634 -3.5043 
7.11141 -2.36972 
4.84639 -4.07319 
18.1188 17.6528 
10.5377 9.57557 
21.6611 30.2267 
5.07774 -3.67494 
11.488 -2.16608 
5.12551 -1.32696 
4.55684 -15.348 
6.63047 -1.07144 
14.0416 0.691389 
6.85457 -4.32409 
7.22871 26.9432 
3.26809 -9.83622 
8.6532 -2.76894 
9.33013 0.843438 
8.52448 23.9059 
9.29895 -1.56982 
6.73015 2.48267 
6.59097 2.77601 
13.5948 -2.95214 
6.05024 12.5296 
1.68527 -6.56218 
8.52326 -0.195286 
7.32063 -3.51996 
5.18206 -0.839435 
3.84453 -4.13274 
2.05411 -5.2108 
2.97412 0.451146 
9.33915 3.71066 
