1.05588e-15 1.00965e-15 
8.33754e-16 5.46143e-16 
8.8838e-16 1.42121e-15 
9.14256e-16 2.0315e-15 
8.14093e-16 -3.84115e-15 
9.04518e-16 2.73235e-16 
9.43316e-16 9.57109e-16 
-3.53129e-15 1.34553e-15 
1.04257e-15 5.04646e-16 
6.14709e-16 -4.89621e-16 
1.07418e-15 1.37651e-14 
6.6949e-16 4.72236e-16 
1.32361e-15 5.62451e-16 
8.32021e-16 3.75223e-16 
6.83693e-16 5.0636e-16 
-7.01043e-16 1.21904e-15 
-1.56317e-15 -7.27472e-17 
5.81678e-16 -4.59036e-15 
8.34164e-16 4.76135e-16 
8.77515e-16 4.0727e-16 
