-0.00248081 0.00553049 
0.00221374 -0.00799622 
-0.00327168 0.0159791 
0.000222633 0.00373667 
-0.00145795 0.00639308 
-0.00459036 0.00458093 
-0.00181218 0.00430205 
-0.00281415 -0.00189152 
0.0017058 0.00366603 
-0.002206 0.00465264 
-0.00100774 0.00739681 
-0.000521811 0.0074779 
-0.000314029 -0.00432104 
-0.00297909 -0.00422086 
-0.00367161 0.0041761 
-0.00187518 0.00129916 
0.00166831 0.0034736 
-0.00614021 0.0122308 
-0.00183523 0.0025732 
-0.00274745 0.00280831 
-0.00445775 0.00547991 
0.000223307 0.00545216 
-0.00286405 0.00594078 
-0.000664286 0.00328443 
-0.000804571 0.00597398 
0.000542115 0.0125266 
-0.000880963 0.00326471 
0.0164711 0.0105818 
-0.00419051 0.00316902 
-0.00627686 0.00749366 
-0.00132393 0.00505154 
-0.00112063 0.00157894 
-0.00384344 0.00334775 
8.84889e-05 -0.0245297 
0.00154753 0.00423631 
-0.00138734 0.00529152 
-0.00205658 -0.00976546 
-0.00294876 0.0121983 
-0.00152229 -0.0041983 
-0.0025522 0.00489609 
-0.00658567 -0.00292898 
-0.00119639 0.00431634 
0.00464936 -0.0017171 
-0.0014843 -0.0157104 
0.00113414 0.0057547 
-0.000301616 0.00503726 
-0.00263918 0.0024925 
0.00436165 0.00749227 
-0.00102402 -0.0111144 
-0.000810853 0.0048021 
