2.53005e-16 1.18959e-15 
8.34278e-16 6.10655e-16 
9.85638e-16 -5.95107e-16 
2.98991e-15 1.48643e-15 
8.37381e-16 -1.73344e-15 
8.5239e-16 3.73248e-16 
4.40067e-16 -1.55981e-15 
-1.89044e-15 5.88625e-16 
1.02388e-15 4.41313e-16 
1.18182e-15 -6.45566e-16 
9.56995e-16 6.77808e-15 
-5.9194e-16 4.93707e-16 
9.70552e-16 6.20436e-16 
8.31425e-16 -8.44601e-17 
4.79405e-16 7.91192e-16 
7.51426e-16 4.83227e-16 
-3.62878e-15 2.23734e-16 
6.38117e-16 -2.48794e-15 
8.34164e-16 4.76135e-16 
9.39506e-16 5.04941e-16 
