-0.00171949 0.00549629 
-0.000172304 0.0149285 
-0.00152063 0.0158666 
-0.00479396 0.00724387 
-0.00117747 0.0052262 
-0.00176847 0.00404562 
-0.00178254 0.003783 
-0.00148779 0.00167115 
-0.0022983 0.0055294 
-0.00174115 0.00506468 
-0.0015837 0.00694177 
-0.000479376 0.00335016 
-0.00105395 0.00503237 
-0.000861918 -0.00438632 
-0.00430216 0.00216783 
-0.00120483 0.000542131 
0.000845913 0.00453928 
-0.01317 0.00897593 
-0.00196125 0.00667568 
-0.00227827 0.00358494 
-0.00334742 0.00560902 
-0.00148314 0.00648713 
-0.00193618 0.00593434 
0.00703748 0.00330704 
-0.00196791 0.00631366 
-0.00214582 0.0156903 
-0.00179814 0.00461637 
0.00766333 0.00157212 
-0.00457124 0.0221941 
9.41801e-06 0.00623372 
-0.00204585 0.00628623 
-0.00301653 0.0065898 
-0.00404147 0.00343548 
-0.00126545 -0.0035986 
0.00850914 0.00324624 
-0.00245784 0.00544436 
-0.00176858 0.0142215 
-0.00529551 0.00565863 
-0.00209242 -0.000860277 
-0.00313294 0.00454329 
-0.00139956 0.00351415 
-3.79198e-05 0.00587796 
-0.00272513 0.00258215 
0.00197538 0.0192345 
-0.0034445 0.00647203 
-0.0013203 0.00501123 
-0.00462691 0.00802219 
0.00762217 0.00291594 
-0.00403522 0.001811 
-0.00271831 0.00381667 
