1.01387e-15 7.53727e-16 
8.34859e-16 2.89152e-16 
7.31106e-16 1.24122e-15 
-2.11638e-16 6.69314e-16 
8.52545e-16 -7.3872e-17 
9.11093e-16 -6.10603e-16 
7.75633e-16 9.07197e-17 
2.31421e-15 2.17596e-15 
1.00169e-15 5.46299e-16 
-1.40004e-15 8.97214e-17 
1.03289e-15 -5.28439e-15 
7.69852e-16 5.59154e-16 
-6.58894e-16 5.71696e-16 
8.2187e-16 7.15831e-16 
7.64427e-16 7.61018e-16 
2.49342e-15 8.04823e-16 
3.01527e-15 1.1555e-16 
5.79201e-16 1.02868e-15 
8.34164e-16 4.76135e-16 
9.11951e-16 4.558e-16 
