4.68783e-16 8.234e-16 
8.34535e-16 4.98394e-16 
6.49544e-16 4.13123e-16 
6.19703e-16 1.16739e-15 
8.67887e-16 -9.72107e-16 
8.55355e-16 -2.5351e-15 
1.26592e-15 -7.20592e-16 
4.24181e-15 3.24972e-15 
1.19462e-15 5.58121e-16 
8.56819e-16 -1.38863e-15 
9.77447e-16 1.56486e-15 
-5.09776e-18 4.88705e-16 
5.54998e-16 5.4888e-16 
8.1445e-16 -2.31286e-16 
6.57787e-16 8.60171e-16 
1.45004e-15 7.89625e-16 
7.49315e-15 1.98961e-16 
4.95659e-16 -1.21261e-15 
8.34164e-16 4.76135e-16 
9.70263e-16 3.37863e-16 
