-0.00217217 0.00543392 
-0.00308335 0.0287683 
-0.000205339 0.0106226 
0.000464127 0.0042256 
-0.00201381 0.00485605 
-0.00286534 0.0035315 
-0.00166994 0.00510808 
-0.00271611 -0.000667568 
0.0012933 0.00350277 
-0.00122482 0.00514662 
-0.0016734 0.00574069 
-0.00142236 0.0012854 
-0.00147454 0.00114044 
-0.00306787 0.0022857 
-0.00360828 0.00404973 
-0.00183395 -0.000117324 
-0.00200563 0.00507406 
-0.00836657 0.00604707 
-0.00205278 0.00867306 
-0.00163569 0.004616 
-0.00225657 0.00501284 
-0.000870841 0.00526151 
-0.0017593 0.00631989 
0.00642158 0.00493982 
-0.00188227 0.00623786 
-0.00130199 0.0116967 
-0.00139738 0.00251089 
0.00842457 -0.000597652 
-0.00330361 0.0097638 
-0.00318885 0.00648143 
-0.00187333 0.0069733 
-0.00101881 0.000931889 
-0.00147389 0.00556985 
-0.00172456 -0.000616094 
0.00753739 0.00430071 
-0.00186709 0.00515088 
-0.00199109 -0.000404712 
0.00124078 0.0130193 
-0.00174675 0.00741737 
-0.00201705 0.00352399 
-0.00780636 0.0022414 
-0.00201533 0.00412356 
0.00139715 0.00625355 
0.00205939 0.00881634 
0.00366099 0.00586418 
9.41995e-05 0.00519993 
-0.00315791 0.000871843 
0.00270157 0.00460726 
6.31111e-05 0.00109829 
-0.00194461 0.00428848 
