-0.00082676 0.00550776 
-0.0037311 0.0492939 
0.00247214 0.0056322 
-0.002181 0.00660676 
-0.000119513 0.00444933 
0.0012245 0.00566243 
0.0005488 0.00571273 
0.000946714 0.00701627 
0.00170495 0.00526582 
-0.000370981 0.0052904 
-0.000344362 0.00612887 
0.00104764 0.00385719 
-0.000921956 0.00110555 
-8.82796e-06 0.0024083 
0.00217749 0.00129403 
0.000783781 0.00520157 
0.000541808 0.00546047 
0.00712108 0.00791064 
-0.000106584 -0.000447305 
-0.00126065 0.00478027 
-0.00164784 0.00512492 
-0.000723319 0.00502878 
-0.000872217 0.00503996 
0.00486502 0.00485581 
0.000170968 0.00547014 
-0.00482103 0.00620967 
-0.00197849 0.00424431 
-0.00151302 0.0043897 
0.00150989 0.0217662 
0.00383446 0.00747915 
8.58938e-05 0.00639812 
0.000303284 0.00418713 
-0.00237192 0.00533625 
-0.00169413 0.00625748 
0.00579101 0.00495688 
-0.00137885 0.00517856 
0.000312158 0.00165658 
-0.00225481 0.0128118 
-0.000438655 0.00905058 
-0.00171282 0.00457667 
-0.0013895 -0.00251903 
0.000168172 0.00461648 
-0.0029125 0.00495912 
0.00164544 0.0220331 
0.00164032 0.00557402 
0.000882803 0.00515453 
-0.000678463 0.00266677 
0.00286265 0.0045012 
-0.000916633 0.00367502 
-1.82901e-05 0.00534927 
