0.000366375 0.00516572 
0.00414944 0.00723605 
-2.21857e-05 0.00487081 
-0.00374856 0.00627911 
0.00137014 0.00481759 
0.00280084 0.00692264 
0.00141926 0.00570193 
0.0025475 0.0119988 
0.000678685 0.00443722 
0.000325442 0.00530515 
0.00109994 0.00621469 
-0.00215062 0.00806328 
2.72008e-06 0.00293599 
0.00236863 0.00431582 
0.00361753 0.00561101 
0.00266286 0.00908187 
0.00219942 0.00564849 
-0.000773933 0.00587551 
0.000569065 -0.00338405 
-0.000398057 0.00866539 
0.00137274 0.00523663 
0.000576687 0.00499752 
0.000132081 0.00512893 
-0.0124368 0.00505197 
0.00162728 0.00471036 
-0.00140357 0.00145099 
-0.0010253 0.00484532 
-0.000638777 0.0049208 
0.00116598 0.000810809 
0.00802191 0.00785409 
0.000649921 0.00451989 
0.00125 0.00802175 
-0.00432012 -0.000146222 
0.00312659 0.0194425 
0.000520703 0.00394395 
0.00104722 0.00520499 
0.00172098 0.00551459 
-0.0116253 0.00318736 
-0.00075908 0.00507517 
0.000843458 0.00604302 
0.00365676 0.00493488 
0.0015093 0.00497634 
-0.00565684 0.00547518 
6.83252e-05 -0.0131078 
-0.000440871 0.00544393 
0.000443408 0.00519428 
-0.000594083 0.00677079 
-0.000741793 0.00672039 
-0.000851002 0.00200188 
0.00136712 0.00690389 
