-0.000199481 0.00473284 
0.00911098 -0.0259556 
-0.00201369 0.0101149 
0.00290936 0.00368092 
0.00149236 0.00469166 
0.00164039 0.00444175 
-0.00188216 0.00466533 
0.0005712 0.00660622 
-7.03276e-05 0.00383247 
0.000593595 0.00492704 
0.00139344 0.00492817 
-0.00232108 0.00518602 
0.000726691 0.00625452 
-0.000781545 0.00557511 
0.00259703 0.00518627 
-0.000731989 0.00512621 
0.00180326 0.00562333 
-0.00664841 0.00330579 
-0.00233069 0.00194016 
0.00115338 0.00604887 
0.00269333 0.00439324 
0.000121885 0.0047739 
0.001009 0.00529014 
-0.00322205 0.00426157 
0.00106156 0.00465239 
0.00163676 0.00602264 
0.000268339 0.00427577 
0.00169972 0.00484437 
0.000829231 -0.011602 
-0.00126757 0.00299665 
-0.00153893 0.00359166 
0.000365368 0.00141723 
-0.000447765 0.000480894 
0.00383035 0.0208306 
-0.00313996 0.00365701 
-0.000961341 0.00476822 
0.000713935 0.00581148 
-0.0013986 0.00368603 
0.000721708 0.00463445 
0.000485307 0.00477648 
0.00309961 0.00701609 
0.000221409 0.0035251 
-0.000911838 0.00489888 
-5.54386e-05 -0.0168332 
-0.000130539 0.00472654 
-0.000106874 0.00477786 
-0.00185889 0.00346038 
-0.00118757 0.00684028 
0.00103376 -0.00151085 
0.000589561 0.00560177 
