-0.00184954 0.00446802 
-0.00494847 0.00541764 
-0.003996 0.00721345 
-8.29618e-05 0.00276613 
-0.000661744 0.00360832 
-0.00169547 0.00275572 
-0.0020428 0.00612815 
4.7183e-06 0.00356866 
-0.000602086 0.00340245 
-0.000450559 0.00274446 
0.00170437 0.00498077 
-0.00219423 0.000748204 
0.00122431 0.00382079 
-0.000818943 0.00511242 
0.0012308 0.00419405 
-0.000651881 0.000845941 
-5.21186e-05 0.00618707 
-0.00208243 0.00176545 
-0.00348815 0.00292893 
0.00113084 0.00338786 
0.00128493 0.00457748 
-0.000558002 0.0029902 
-0.00194345 0.00357347 
0.00081356 0.00296682 
0.000871387 0.00363108 
-0.000718136 0.00250402 
-0.00335508 0.00236097 
0.000704327 0.00322794 
0.000832036 0.0140232 
-0.00513228 0.00226738 
-0.000965624 0.00323526 
-0.00114831 -0.00201264 
-0.000622567 0.00270927 
-0.000464693 0.0197058 
-0.000531514 0.00371471 
-0.00194139 0.00358957 
-0.00111433 0.00145288 
0.00597595 0.00687759 
4.64914e-05 0.00141039 
0.000193152 0.00511588 
0.000204271 0.00584117 
-0.000238139 0.00332889 
-0.00263148 0.00483586 
-0.00290348 0.00594952 
0.000657208 0.0047148 
-0.000143486 0.00376049 
-0.00173641 0.000990815 
-0.000855914 0.00316793 
-0.00320306 -0.00310576 
3.23308e-05 0.00386791 
