-0.00278454 0.00479011 
-0.00992665 0.00275974 
-0.0026269 0.0074199 
0.00155847 0.00202972 
-0.00129995 0.0024787 
-0.00119078 0.00243644 
-0.00357628 0.00136163 
-0.000100347 0.00104554 
-0.00104054 0.00310448 
-0.00113803 0.00209461 
-0.00184031 0.00339245 
-0.0019175 0.000324577 
-0.00276188 0.00327858 
-0.000522264 0.00488296 
-0.00415725 0.00317028 
-0.000955326 0.00275272 
-8.64999e-05 0.00150816 
-0.00506508 0.00163699 
-0.00395558 0.00458951 
0.00248043 0.00242182 
-0.00240394 0.00289979 
-0.000636239 0.00242969 
-0.00319321 0.00481641 
-0.00343827 0.00201418 
-0.000843431 0.00249135 
-0.000803453 0.00263659 
-0.00381677 0.00128028 
-0.0011514 0.00429942 
-0.00237094 0.0135895 
-0.00786683 0.00147965 
-0.00231245 0.00287827 
-0.00196524 -0.001778 
-0.000443153 0.00312774 
-0.00118506 0.00335017 
0.000425002 0.00289162 
-0.00329102 0.00223331 
-0.000473561 0.00163021 
-0.00455955 0.00541184 
-0.000708108 0.00471976 
-0.00146861 0.00371805 
-0.00109232 0.00101845 
-0.00227379 0.00233496 
-0.00270322 0.00268591 
-0.00173446 0.0179169 
-0.0013074 0.00317383 
-0.00116041 0.00276201 
-0.00280187 0.000921201 
0.00148537 0.000524905 
-0.00592639 0.00322302 
-0.0029842 0.00652892 
