-0.00245656 0.00493024 
-0.00368229 0.00248797 
-0.00119243 0.00451453 
-0.00294971 0.00276858 
-0.00176574 0.00165425 
-0.000995284 0.0023623 
-0.00435579 -0.00060582 
-0.00167896 0.00111879 
-0.000924831 0.00314954 
-0.00056178 0.00500655 
-0.00394827 0.00583429 
-0.00124379 0.00114302 
-0.00137915 0.0022199 
0.00201656 0.000848733 
-0.00695586 0.00134006 
-0.00140379 0.00747193 
-0.000522183 -0.00164124 
-0.00213175 0.00300102 
-0.00112574 0.00215659 
0.00255944 0.00186649 
-0.00448645 0.00198892 
-0.00131211 0.00248106 
-0.00386014 0.0043844 
-0.00449328 0.00275374 
-0.00209985 0.00306878 
-0.000756586 0.00257081 
-0.000442592 0.00234284 
0.000962868 0.00376368 
-0.00175666 -0.00957247 
-0.00170969 0.0032386 
-0.00175814 0.00248829 
-0.00036654 0.00221215 
-0.00127237 0.0025116 
-7.25603e-05 -0.00646782 
-0.00134938 0.0024611 
-0.000875308 0.00291961 
0.000375289 0.00223613 
-0.00920866 0.000125783 
-0.0013292 0.0039749 
-0.00243861 0.00342914 
-0.00219237 -0.00075651 
-0.000604835 0.00209792 
-0.00287752 0.00359321 
-0.00125641 0.00211217 
-0.002509 0.00243576 
-0.00169902 0.00278661 
-0.00155592 0.00458536 
0.00151099 0.00278079 
-0.0067011 0.00769269 
-0.00462295 0.00223386 
