0.000223222 0.00436321 
0.0034619 0.00487209 
-0.00338939 0.00530743 
-0.000740788 0.00338775 
-0.00124251 0.00176795 
-0.000642015 0.00228759 
-0.000337004 0.00136874 
-0.00168807 0.00153 
0.000200878 0.00303052 
0.000560096 0.00664962 
0.000831137 0.00373844 
-0.000290865 0.00182199 
0.00163095 0.00273645 
0.00107386 -0.000915358 
0.00507302 0.00138634 
-0.000906366 0.00339626 
-0.000496013 0.000287918 
0.00119622 0.00282409 
-0.00242432 0.000983809 
-0.00236378 0.00282896 
-0.00412913 0.00149115 
-0.00128762 0.00240076 
-0.000302444 0.00389825 
-0.00259993 0.00330277 
-0.00145566 0.00280682 
-0.000564082 0.0022694 
0.000214487 0.00256125 
0.000220779 0.00214082 
-0.000216687 -0.013557 
0.00480753 0.00344825 
-3.1854e-05 0.00204937 
0.000345533 -0.00125699 
-0.000952351 0.00194388 
0.00109421 -0.00930134 
-0.00179418 0.0019166 
0.000363029 0.00309955 
0.000616516 0.00188782 
-0.00310154 0.000367841 
-0.00173522 0.00154884 
-0.000497711 0.00215176 
-0.000382363 -0.000187618 
0.000613243 0.00192492 
0.000310149 0.00759888 
-0.00141348 -0.00420833 
0.00176822 0.00299898 
-0.00161432 0.00312131 
0.00037562 0.00535709 
0.000583763 0.00344025 
-0.00411246 0.0014519 
-0.000992699 0.00457805 
