0.00104775 0.00378331 
-0.00307697 0.00569348 
-0.00426291 0.0106522 
0.000736651 0.0028732 
-0.000574501 0.00300179 
-0.000568744 0.00221712 
0.0024598 0.00368645 
-0.000671152 0.00185218 
9.48797e-05 0.00300423 
0.000208742 0.000419512 
0.00206535 0.00423833 
0.000122423 0.00395513 
-0.00105189 0.00318111 
-0.00102403 0.00505149 
0.000187082 0.00260681 
-0.000386973 -0.000207257 
-0.000558415 0.0026249 
-0.000241475 0.00155826 
-0.00257702 0.000346609 
-0.00242266 0.00344765 
0.00052032 0.00316557 
-0.0012414 0.00234761 
0.00213102 0.00318895 
0.000293383 0.00338416 
0.000803635 0.00407934 
-0.000429321 0.00186666 
-3.76865e-05 0.00211238 
-0.000251562 0.00329845 
0.000134174 -0.00677605 
-0.00631252 0.00259745 
0.000835644 0.00324207 
-0.000488507 -0.000410489 
-0.000360736 0.00166358 
0.00166302 0.000553025 
-0.000428253 0.00217764 
-0.00197308 0.00262247 
3.88639e-05 0.00153589 
0.00176062 0.00240504 
-0.001579 0.00307859 
-0.000110015 0.00256997 
0.000783784 0.00351693 
0.000430746 0.00186026 
0.000933997 0.00580498 
-0.000736033 -0.00744821 
0.00246212 0.00301345 
0.00126184 0.00295823 
-0.00114215 0.00360427 
0.000647359 0.00148893 
0.00251809 -0.00304111 
0.00182907 0.0077349 
