-0.00261687 0.00254053 
-0.00757996 0.0035445 
-0.0037767 0.00946737 
-0.000612541 0.00206364 
-0.000126623 0.00304831 
-0.00066691 0.00213029 
0.00026881 0.00523785 
-0.00164395 0.00173086 
-0.00116428 0.00266752 
4.26176e-05 -0.00053001 
-0.00150895 0.00351297 
-0.00127225 0.00534151 
-0.00128521 0.00380133 
-0.00229632 0.00539626 
-0.00343748 0.00321918 
-8.59426e-05 -0.000521833 
-0.000558638 0.00235239 
-0.00166308 0.0013599 
-0.00306021 0.00185514 
0.000403701 0.00177006 
0.000602349 0.00382972 
-0.000810075 0.00224598 
0.00168667 0.00362152 
-1.64726e-05 0.00290652 
0.000312335 0.00202941 
-0.000527012 0.00213604 
-0.000399016 0.00241772 
-3.7203e-06 0.0036518 
-0.000151527 0.00100977 
-0.0114594 0.00197466 
-0.00102756 0.00339546 
-0.000916067 0.00329627 
-0.000273868 0.00158817 
-0.00130557 0.0103108 
0.000417469 0.00235304 
-0.00219992 0.00309044 
-0.000760555 0.00163599 
-1.2344e-06 0.00267916 
-0.00102221 0.00346991 
-0.000136043 0.00367012 
-2.6697e-06 0.00414245 
-0.00112434 0.00216196 
-0.00120438 0.00259395 
-0.000936047 -0.00213661 
0.000684029 0.00256891 
0.000736805 0.00185763 
-0.00191038 0.00214944 
0.000571079 0.00010139 
0.00316537 0.00249725 
-0.00084823 0.00815375 
