6.73502 -8.01944 
-2.13152 -11.961 
-4.12563 -0.287559 
3.32513 -12.726 
1.1316 -7.35846 
-0.258121 -6.26884 
-4.45093 -8.04979 
-9.085 -6.21542 
-1.93677 -31.4337 
-2.79618 -6.0194 
4.10717 -16.1026 
-20.2869 1.59783 
-1.39424 -12.1157 
0.231688 -3.77083 
1.61327 -3.57203 
-4.53182 -3.45226 
5.17595 -8.4598 
-5.32208 -6.41786 
3.03013 -11.003 
-2.96165 -4.68216 
8.76213 -1.04852 
-6.21948 -6.60361 
-8.87191 -14.321 
-1.4826 -6.98585 
-5.03321 -26.5994 
3.31693 -5.4886 
5.43837 -9.75386 
-5.56573 -8.12158 
5.37619 13.0216 
11.1078 9.10858 
-6.2179 -2.99178 
-2.954 -4.64141 
1.82576 -32.768 
0.431434 -2.34751 
-6.7839 -4.98836 
6.32663 -13.431 
4.62606 4.38793 
-11.3419 -6.74286 
-6.88224 -0.356553 
-9.60342 -4.69433 
-10.3009 -5.37063 
3.02739 -16.1598 
-2.01847 -6.58952 
-5.51058 0.14959 
11.8217 -5.22573 
0.78151 -11.0067 
-7.82802 -4.72262 
0.809517 -9.88618 
4.00689 -4.68867 
-1.91779 -17.6849 
