-0.000105152 0.005207 
0.00149216 0.00300661 
-0.000479706 0.00302831 
-0.000299457 0.00224029 
-0.000677374 0.00273826 
-0.000607076 0.00224504 
-7.79575e-05 -0.000391829 
-0.00134382 0.00207419 
-0.00163307 0.00251135 
-0.000512328 -0.00179495 
-0.000958135 0.00239787 
-0.000491669 0.0024079 
-0.00026079 0.00240985 
-0.00193041 0.00457173 
-0.00274032 0.00274096 
-0.000274657 0.0047092 
-0.000894055 0.0025386 
-0.00149701 0.00239118 
-0.000416063 0.00178195 
-0.00032872 0.00335952 
-0.00117168 0.00417728 
-0.00109568 0.00248013 
-0.00166736 0.003028 
0.000419747 0.00522334 
-0.000243303 0.00386801 
-0.000879958 0.00239629 
0.000182577 0.00219786 
-0.00283772 0.004239 
-8.00929e-05 0.000647616 
-0.006433 0.00302977 
-0.000237197 0.00240444 
-0.00158008 0.00208482 
-0.000990705 0.00149265 
-0.00136838 0.00575879 
-0.0003068 0.00233864 
-0.00295783 0.00265319 
-0.00105558 0.0024418 
-0.000721144 0.00240554 
-0.000475428 0.00205991 
-0.00141922 0.00256208 
-0.000970434 0.00276211 
-0.000618857 0.00217926 
-0.000695097 0.00244204 
-0.00082927 -0.00726223 
-0.000674241 0.00276983 
-0.000303615 0.00257019 
-0.000543254 0.00192561 
-0.0012432 8.77796e-06 
0.00209284 0.00407178 
-0.00136711 0.00103674 
