-0.00159156 0.00287061 
-0.00610141 -0.000435337 
-0.000924484 0.00143038 
-0.000391841 0.00242484 
-0.000276993 0.00210402 
-0.000706928 0.00245756 
-0.000845576 0.00192385 
-0.000782371 0.00159857 
-1.55946e-05 0.00216128 
0.000376614 0.00721179 
-0.000213372 0.00244251 
-0.000652499 0.00579786 
1.02003e-05 0.00281023 
0.000249791 0.00310378 
0.00210725 0.0021273 
-0.000512364 0.000622699 
-0.000369518 0.00243339 
-0.000441688 0.00304021 
-0.000207324 0.00189717 
0.000265589 0.00196639 
0.00150224 0.00230843 
-6.51639e-05 0.00231042 
-0.000708223 0.00286558 
-0.00363534 0.00123319 
-0.00026302 0.00237366 
-0.001083 0.00238528 
-0.00279984 0.00270197 
0.00394474 0.00257432 
-0.000376486 -0.00447826 
-0.00126068 0.00221857 
-0.00119951 0.00262633 
0.00239619 0.00105053 
-8.06262e-05 0.00297533 
-6.84738e-05 0.00126796 
-0.00051331 0.00220827 
0.000328212 0.00254035 
0.000795655 0.00206458 
-0.000427989 0.00254396 
-0.000215178 0.00270448 
0.000160143 0.00232762 
-0.000995494 0.00293598 
-0.000549135 0.00254777 
-0.00209369 0.00108513 
-0.000107094 0.00622604 
-0.00078154 0.00225069 
-0.000132878 0.00174334 
-0.000174704 0.00220471 
-0.00129321 0.00247305 
-0.0049038 0.00569887 
-0.00155432 0.00463506 
