-0.00121024 0.00122473 
0.000352341 0.000433695 
-0.00114615 0.00148439 
-0.00136536 0.00254569 
-0.000636564 0.00233714 
-0.00111957 0.00262008 
-0.00199124 0.0010624 
-0.00115237 0.00215582 
-0.00259525 0.00232737 
-0.00115581 0.013473 
-0.000461945 0.00249979 
-0.00208637 0.00518571 
0.000630172 0.00232959 
-0.00236109 0.00334863 
-0.00195564 0.00223258 
-0.00159571 0.00445013 
-0.00117829 0.00254767 
-0.00106598 0.00288111 
-0.000240336 0.00279376 
-0.00147025 0.00216774 
-0.00131163 0.00226925 
-0.0010331 0.00246026 
-0.000950349 0.00227295 
0.000397557 0.00215038 
-0.000688421 0.0025599 
-0.00120088 0.00241721 
-0.0016369 0.00227974 
-0.00176939 0.00276535 
-0.00120611 -0.00231477 
-0.00133326 0.00216507 
-0.00161358 0.00253123 
0.00187693 0.00173074 
-0.00164171 0.00257673 
5.00524e-05 0.000239543 
-0.00151719 0.00260431 
0.00195181 0.00258996 
-0.00117351 0.00230067 
-0.00116018 0.00247597 
-0.00111924 0.00254216 
-0.00126943 0.00231217 
-0.00137591 0.00281505 
-0.000467646 0.0026731 
-0.0011292 0.00303851 
-0.000176581 -0.00219981 
-0.00106982 0.00236121 
-0.00057757 0.0024288 
-0.00147216 0.00263192 
-0.00145654 0.00133291 
-0.00464281 0.00379538 
-0.00131071 0.00179445 
