-0.00118568 0.00724189 
-0.00554428 0.00249106 
-0.00270653 0.00168663 
-0.00211348 0.00115759 
-0.000754417 0.00217 
-0.00191735 0.00136298 
-0.00189011 0.00168747 
-0.00178564 0.00122695 
-0.00200534 0.00183361 
-0.00072727 -0.00285372 
-0.00337756 0.000931699 
-0.00153355 0.00177332 
-0.000287207 0.00173435 
-0.0017856 0.00274184 
-0.00127328 0.00159576 
-0.00103607 -0.000291839 
-0.00110875 0.00253083 
-0.00223957 0.000664913 
-0.00194716 0.00213892 
-0.00055425 0.00164401 
-0.000335699 0.0016426 
-0.00202434 0.00176333 
-0.00191385 0.00161189 
-0.00407188 0.00132403 
-0.00225511 0.00134572 
-0.00195617 0.00123876 
-0.00186358 0.00220956 
-0.00286045 0.00168264 
-0.00231387 0.00133502 
-0.0021241 0.00205118 
-0.00186298 0.00167856 
-0.00364392 0.00129368 
-0.00206894 0.00146137 
-0.00221799 0.0021974 
-0.00214021 0.00174183 
0.000193573 0.00154399 
-0.00028772 0.00144856 
-0.000757494 0.00161612 
-0.00231857 0.00166758 
-0.00160475 0.0016616 
-0.0020522 0.00135174 
-0.00145715 0.0016043 
-0.00222261 0.00174686 
-0.00175126 0.00295143 
-0.00160742 0.0014253 
-0.00202846 0.0011527 
-0.00193817 0.00105088 
-0.00284585 0.00239514 
-0.00318802 0.000522017 
-0.00184563 0.00271584 
