14.1014 -1.41116 
-6.66989 -13.1496 
-1.2314 3.4494 
-2.91486 -6.32472 
-4.24706 -4.99505 
0.297872 -12.927 
-5.38203 -3.33978 
-9.99497 -3.84663 
3.37516 -19.6869 
3.52932 -4.97542 
1.46726 0.779059 
1.73129 10.7649 
0.455265 -4.55605 
-2.56116 0.744379 
-6.13456 -12.3445 
-4.15482 -1.65642 
4.01454 -2.35934 
-3.49921 -3.77894 
-2.3358 -7.93742 
-5.06786 -6.03909 
-2.09483 -1.64495 
-4.75138 -6.27075 
14.0128 -15.7516 
-7.40067 -1.32127 
9.10625 16.4324 
2.25139 -1.81981 
2.36136 -9.31238 
-2.94326 -6.00306 
7.15906 17.7355 
9.55535 -4.61545 
-13.5787 -3.23218 
-0.820447 -4.49541 
0.984509 24.0579 
14.245 2.83667 
-8.54502 -5.44733 
13.3825 -6.99526 
-1.00982 5.69148 
-5.16421 -7.01597 
0.827451 -0.995369 
-6.11254 -1.75187 
-15.2244 -4.15295 
-4.55886 -18.2959 
-8.43247 -3.66731 
9.55279 6.54501 
-1.19764 -3.96192 
-4.1372 -10.753 
-2.89275 -4.52293 
0.0692983 1.17317 
10.359 -3.36202 
5.14716 -3.34267 
