-0.000587655 0.00543594 
-0.000158403 0.00332952 
-0.00162034 0.000622665 
-0.00159385 0.0011667 
-0.000360981 0.00159675 
-0.00142787 0.00132232 
-0.000899465 0.00104792 
-0.00149257 0.000746736 
-0.00176297 0.000946976 
-0.00150124 -0.00219845 
-0.00116739 0.000870465 
-0.00159704 0.00144468 
-0.000937967 0.00129532 
-0.00198359 0.00415413 
-0.00409512 0.000541656 
3.52564e-05 -0.000434353 
-0.000127606 0.00254947 
-0.00139917 0.000917499 
-0.00181027 0.00285117 
-0.00123051 0.000559272 
-0.00160815 0.00103448 
-0.00196571 0.000762567 
-0.00119064 0.000489034 
0.000519537 0.000789195 
-0.00182664 0.00108179 
-0.00176524 0.00106362 
-0.00101197 0.00160563 
0.000703622 0.00148201 
-0.00195662 0.00128004 
-0.00176514 0.00199508 
-0.0018993 0.000775988 
-0.0035786 0.00179083 
-0.00130649 0.00121829 
-0.0014076 0.00121187 
-0.00145367 0.00155412 
-0.001757 0.000461921 
-0.00132264 0.00174118 
-0.00107873 0.00136735 
-0.0019913 0.00094314 
-0.00298457 0.000974681 
-0.00174214 0.00294349 
-0.0024226 0.000832578 
-0.000639586 -0.000584066 
-0.0011207 0.00281367 
-0.00108975 0.00190989 
-0.00165471 0.0012057 
-0.00120709 0.000988417 
-0.00168987 0.00135463 
-0.00173667 0.000302241 
-0.00224391 0.00195928 
