-0.00151163 0.00539496 
-0.000652673 0.00364501 
-0.00190457 0.00138741 
-0.000826053 0.00117733 
-0.00101085 0.00192901 
-0.00117574 0.00103631 
-0.00179098 0.00113413 
-0.00130243 0.00157742 
-0.000344424 0.00161823 
-0.00159029 -0.00149938 
-0.00135676 0.00104498 
-0.00117222 0.00148258 
0.000744193 0.00125816 
-0.00273471 0.00173264 
-0.00200607 0.000649961 
0.000938608 0.00090828 
0.000973804 0.00166413 
-0.00122561 0.00109551 
-0.00141739 0.00127999 
-0.00129111 0.000906009 
-0.000293662 0.00112964 
-0.00120301 0.000854067 
-0.00197528 0.000796377 
0.000173332 0.00131979 
-0.0012037 0.00121376 
-0.000715368 0.00125842 
-0.000508533 0.000916399 
8.76591e-05 0.00191852 
-0.00116834 0.000964613 
-0.00141815 0.00256758 
-0.0014335 0.00157442 
-0.00296875 0.000303438 
-0.00120486 0.00131938 
-0.000916813 0.00108576 
-0.000855703 0.00134394 
0.00126186 0.00146038 
-0.00170486 0.00193383 
-0.000953302 0.00218152 
-0.00166322 0.000897961 
-0.000968748 0.00150246 
-0.000971617 0.00420399 
-0.00186299 0.000838205 
-0.00156514 0.00180483 
-0.00163726 -0.000185801 
-0.00142354 0.00133529 
-0.00117967 0.00120415 
-0.00166533 0.000974411 
-0.00114009 0.00159677 
-0.000384362 -0.000718018 
-0.000878162 0.00129032 
