-0.00214314 -0.000652798 
-0.00181575 -0.00146051 
-0.00244292 0.000875741 
-0.000802957 0.000818734 
-0.000871537 0.00104956 
-0.00127462 0.00135596 
-0.00147952 0.00100242 
-0.00168917 0.00084345 
-0.00142739 0.000750169 
-0.00124826 0.00200901 
-0.00135032 0.00102352 
-0.00166495 0.000957758 
0.00204826 0.00105151 
0.00031824 0.00128964 
-0.000832002 0.00120217 
1.45157e-05 -0.000705498 
-0.00310485 0.00115423 
-0.00171462 0.00107222 
-0.00141794 0.00159779 
-0.00133123 0.00110958 
-0.00267443 0.00105823 
-0.00220451 0.00164921 
-0.00219776 0.000412142 
-0.002909 0.00125968 
-0.00139565 0.000814879 
-0.00117525 0.000875504 
-0.000797379 0.000668064 
-0.00067892 0.000964421 
-0.00108424 0.000977311 
-0.00126003 0.000878519 
-0.00162167 0.000116795 
-0.00132673 0.000819802 
-0.00242329 0.000818635 
-0.00136672 0.00103058 
-0.00238487 0.00192247 
0.000580166 0.000344498 
0.000160153 -5.66397e-05 
-0.0014288 0.00146955 
-0.00087274 0.0011106 
-0.00404213 0.00179504 
-0.00212866 -0.00181819 
-0.00108954 0.000904597 
-0.000961219 0.00212797 
-0.00124371 0.00112802 
-0.00152385 0.00063565 
-0.00120616 0.00108503 
-0.00158018 0.00101462 
-0.0010866 0.00140984 
-0.00106376 0.00125483 
-0.00145216 0.0019633 
