-0.00116705 0.00210179 
-0.00197141 -0.00148679 
-0.00172184 0.000783209 
-0.00110192 0.000893762 
-0.00149576 0.000899353 
-0.00137318 0.00125952 
-0.000666698 0.000868106 
-0.00114732 0.00111547 
-0.00170432 0.000798902 
-0.00113497 0.00139306 
-0.00127177 0.000953336 
-0.00161686 0.00103448 
-0.00260963 0.00102462 
8.2631e-05 0.00248317 
-0.000997097 0.0010135 
-0.00241339 -0.0010836 
0.000159085 0.00134635 
-0.00113168 0.00101444 
-0.00154292 0.00183674 
-0.0013163 0.00102291 
-0.00298871 0.00105971 
-0.00231633 0.00140903 
-0.0014435 -9.16483e-05 
0.00220488 0.000724401 
-0.00134079 0.000983543 
-0.00108542 0.00119397 
-0.0012505 0.000804896 
-0.00141999 0.000544104 
-0.00119353 0.000936991 
-0.00141592 0.000456638 
-0.00152477 0.000173721 
-0.000561964 0.00172537 
-0.00190596 0.00137003 
-0.00173725 0.00110591 
-0.00185136 0.000964677 
0.000761887 0.00133267 
-0.00142989 0.000904508 
-0.00166103 0.00018888 
-0.0011538 0.00112973 
-0.00512848 0.000972347 
-0.00238078 -0.00323705 
-0.00168635 0.00094145 
-0.000530182 -0.000250852 
-0.00152278 -0.00101992 
-0.00133383 0.000782442 
-0.00137614 0.00108574 
-0.00112371 0.00103916 
-0.00139267 0.00134376 
-0.00213194 -0.000455176 
-0.00162442 0.00104641 
