-0.00100663 -0.00264208 
-0.000472691 -0.00109287 
-0.000965446 -0.00037904 
-0.00115036 0.000304642 
-0.0010362 -0.00180976 
-0.00102336 6.96398e-05 
-0.00124598 0.000625051 
-0.00170079 -0.00145127 
-0.000761577 -0.00061597 
-0.000911134 -0.000402305 
-0.00135218 -0.000784635 
-0.00124061 -0.00117585 
0.0010109 0.00117121 
-2.15379e-05 0.00266573 
-0.000923784 -8.86133e-05 
0.00352688 -0.00327549 
-0.00177336 0.000196651 
-0.00178177 -0.000651978 
-0.00117819 0.000923748 
-0.00126762 -0.00109333 
-0.000118303 -0.00114629 
-0.00156534 -0.00153511 
-0.00189473 -0.00322175 
0.000271522 0.000799693 
-0.00112739 0.000341689 
-0.000840092 -0.000713733 
-0.00119769 -0.00109563 
-0.000618771 -0.000570379 
-0.000673819 0.000806466 
-0.000992188 -0.00157795 
-0.00127283 -0.000413209 
-0.000769145 0.000784907 
-0.00133996 -8.37531e-05 
-0.000530287 -0.000529987 
-0.00205726 -0.000185983 
0.000204132 0.000781003 
-0.00193584 -6.00557e-05 
-0.00110203 0.00155049 
-0.00138874 -0.00156695 
-0.00411487 0.00145635 
-0.00123917 -6.14543e-05 
-0.000697452 -0.000154115 
-0.000969588 -0.00098145 
-0.000792589 0.000380779 
-0.00107912 -0.00017686 
-0.000837344 -0.000780952 
-0.0014607 0.000268641 
-0.00132558 -0.00106853 
-0.00155864 -0.00197024 
-0.00122117 0.00198336 
