-0.00139259 -0.00274052 
-0.00212177 0.00065644 
-0.00131499 0.00011693 
-0.00128117 -0.00067094 
-0.00104592 0.00151646 
-0.00107615 -0.000122803 
-0.00112483 -0.000541872 
-0.00139313 0.00209423 
-0.00113549 -0.00162336 
-0.00153855 0.00075049 
-0.0012189 0.000106252 
-0.00172778 0.00323317 
0.000845597 -0.000271561 
-0.00211626 0.00322786 
-0.00168589 -0.00059835 
-0.00381332 0.00142661 
-0.00226617 -8.10831e-06 
-0.000742267 -0.00123214 
-0.00199915 0.000467145 
-0.00126618 0.00187966 
0.000273019 0.000560959 
-0.00123462 0.00059643 
-0.0018657 0.00354838 
-0.0012952 -0.00053742 
-0.00122786 0.000468587 
-0.00124853 0.000107474 
-0.00147364 0.000711104 
-0.00123723 5.58331e-06 
-0.00112075 -0.000869667 
-0.00139621 -0.000714578 
-0.00140662 -0.000559719 
-0.000920319 4.91676e-05 
-0.00232873 0.00153162 
-0.00130725 -0.000290908 
-0.00085515 0.00117407 
-0.00164089 -0.000552234 
-0.00103617 0.000218252 
-0.00118677 -0.000226973 
-0.00121695 -0.00247372 
-0.00629239 0.000244791 
-0.00105596 -0.000569478 
-0.000721014 -0.000237468 
-0.00139875 -9.02771e-05 
-0.00120072 -0.000491614 
-0.00136867 -0.0013128 
-0.00108118 0.00047691 
-0.00123021 0.000407264 
-0.00120796 1.84799e-05 
-0.00112506 0.000861809 
-0.00140237 -0.000734772 
