-1.17066 -9.42829 
-1.93695 0.0392102 
5.0171 -5.66463 
-3.49156 2.5559 
2.78964 -0.796625 
-6.14664 1.85691 
10.2777 -0.776699 
4.40278 -3.89169 
3.72923 -26.9178 
-4.62282 -0.642052 
-3.19411 -1.20982 
-3.68468 -14.8991 
-1.88089 -0.11276 
-2.24563 -7.95128 
0.0924412 2.29431 
4.14464 -6.02141 
-4.29158 -3.70627 
-2.4919 -2.22827 
-8.84625 -2.15049 
-2.62598 -2.52671 
20.6002 0.621726 
-3.63365 -3.19833 
-7.87178 6.80285 
-2.57887 -6.13616 
-4.16493 -27.4543 
-6.45685 -9.28759 
3.63041 10.3816 
-3.33844 -4.10475 
-2.57979 14.1027 
-12.621 0.517182 
11.9006 -4.07967 
-1.17716 -4.08093 
-3.80348 -3.94568 
-2.89851 -21.4524 
25.32 0.48035 
4.83248 3.29552 
2.12944 -11.2212 
-7.36367 -3.4839 
-2.01174 7.90783 
-2.62746 -3.14863 
0.779022 -3.58228 
-2.92647 -3.27753 
1.83566 -4.96067 
-6.76403 2.35745 
2.95901 -3.71585 
0.142482 2.10837 
-1.53219 -3.55986 
-0.243924 3.51607 
17.7189 -2.53166 
-7.22866 -12.188 
