-0.000852304 -0.00135727 
-0.000769733 0.000477862 
-0.000331218 0.000271431 
-0.00106368 0.000307242 
-0.00071035 0.000908919 
-0.000586547 0.000566091 
-0.000529558 0.00245868 
-0.00098074 0.00100051 
0.000337747 0.000536322 
-0.000638606 0.000210041 
-0.000565526 -4.91877e-06 
0.000523749 0.000844915 
-0.000486532 -0.000173387 
-0.000523796 0.00188604 
-0.000844859 0.000360162 
-0.00290321 -0.00224628 
-0.000855423 -0.000537196 
-0.000634671 0.000906538 
-0.000728089 -2.2605e-05 
-0.000551232 -0.00034335 
-0.000648651 -6.46211e-05 
-0.000988236 0.000772032 
-0.000794554 -0.00228243 
-0.00109654 -0.000164838 
-0.000383179 0.000384337 
-0.000802745 0.000560487 
-0.000413077 -0.000278753 
-0.000579336 0.000661222 
-0.000549282 0.000323629 
-0.00114194 -0.000948248 
-0.000606431 -0.000116578 
-0.000660817 0.00165912 
-0.000714889 0.000240466 
-0.000579187 0.00127313 
-0.000418782 0.00236316 
-0.000251948 0.00196025 
-0.000673936 0.00266076 
-0.000723092 0.000169443 
-0.000807326 9.99909e-05 
-0.000389468 0.00479152 
-0.000594933 -0.00228756 
-0.00074065 0.000801739 
-0.000227514 -0.00159548 
-0.000576813 0.000345639 
-0.0004167 0.00022299 
-0.00101326 -0.000916511 
-0.000362372 8.67624e-05 
-0.000597779 0.00123542 
-0.000278133 -0.000291115 
-0.000775303 0.00127462 
