-0.00146243 -0.00279871 
-0.000921279 -0.000120352 
-0.000826695 0.00012149 
-0.000692827 -6.73951e-05 
-0.000652741 -0.000355173 
-0.000421652 -0.000995541 
-0.000581191 0.000490854 
-0.000875514 0.000857336 
0.000340765 -0.000664113 
-0.000896028 0.000330793 
-0.000803732 -0.000896717 
-0.00103656 0.000422889 
-0.00059564 -0.00133686 
-0.000750159 -0.000156225 
-0.00118339 -0.000453081 
-0.00160061 -0.00480818 
-0.00119635 -4.90742e-05 
-0.000823025 -4.0087e-05 
-0.000522649 0.000438971 
-0.000600092 -9.87734e-05 
-0.000828695 -0.00107792 
-7.05787e-05 -9.8064e-05 
-0.00114471 -0.0024977 
-0.00145782 -0.00088074 
-0.000905456 -0.000986342 
-0.000854902 -0.00028043 
-0.00114843 -0.000319662 
-0.000411426 -0.00128577 
-0.000805546 -0.000803343 
-0.000557328 0.0003332 
-0.000594748 0.000349701 
-0.000610078 0.000418874 
-0.000135799 0.000133354 
-0.000667844 0.000738635 
-0.000848967 -0.00109257 
-0.000323088 -0.000527593 
-0.000664535 -0.00130111 
-0.000820053 9.40884e-05 
-0.000826115 0.000213399 
-0.00457813 -0.00189453 
-0.000617856 0.00304996 
-0.000977457 0.000204232 
-0.000756408 -0.00251094 
-0.000404938 -0.000257585 
-0.00070139 -0.00022403 
-0.00149431 -0.00151651 
-0.00026305 -0.000321026 
-0.00105254 0.000937442 
-0.00133152 -0.00136526 
-0.000921363 0.0018872 
