-0.000876508 0.000598765 
-0.000602222 6.62171e-05 
-0.000950408 0.00010469 
-0.00102331 -2.95616e-05 
-0.000612238 -0.000773265 
-0.000820241 -3.52568e-05 
-0.000723801 -0.00119357 
-0.000664052 -6.43218e-05 
-0.000576572 -0.00107193 
-0.000548871 0.000540014 
-0.000632621 0.000582255 
-0.002293 0.00179517 
-0.000686921 7.966e-05 
-0.000819476 0.00134025 
-0.000687696 0.000122958 
-0.00125854 4.71083e-06 
-0.00110031 0.000339781 
-0.000521836 0.000627039 
0.000404269 0.000951805 
-0.000791489 0.000587965 
-0.000763194 -0.000284641 
-0.00053133 0.000318417 
-0.000324239 0.000219588 
-0.000603413 0.00020539 
-0.000232812 -0.00105478 
-0.000804344 0.000337499 
-0.000807129 0.000365231 
-0.000411614 0.000330737 
-0.000891017 0.00103698 
-0.0001573 0.000693903 
-0.000678946 0.000338576 
-0.000593199 -0.000689172 
-0.00173908 0.000434699 
-0.000723027 -5.29493e-05 
-0.000784726 -0.00116618 
0.000313529 -0.00225426 
0.000761792 -0.00261446 
-0.000895739 7.64198e-05 
-0.00048257 0.00017777 
-0.00529569 0.000154398 
-0.000478381 0.00229869 
0.000104766 0.000803438 
-0.00106127 -0.000640433 
-0.000356657 -0.00038474 
-0.000753285 -0.000308363 
-5.93873e-05 -0.000724077 
-0.000256855 8.63751e-05 
-0.00101381 0.000781329 
-0.00123998 -0.000270004 
-0.000154859 0.00139628 
