2.07331 -5.12514 
-2.03753 2.68306 
1.08568 2.927 
-3.52557 -6.39151 
3.42789 -2.54687 
0.655485 -7.15401 
2.31871 -7.01632 
-3.16787 -4.98446 
-2.23594 -14.1606 
-4.87051 -4.02369 
-8.34623 -2.10805 
-8.77032 -19.7536 
-2.55737 -5.26048 
-1.38195 -0.306849 
4.09407 0.356694 
3.49623 -4.38292 
-3.41034 -6.01658 
-3.26721 -5.19927 
-6.31156 -4.87365 
-2.62386 -5.18876 
32.768 -0.14671 
-5.9389 -7.9863 
-9.91815 -3.43706 
-4.82538 -4.93821 
-1.11701 -32.768 
-1.27214 -4.39317 
14.2278 -0.14999 
-4.58959 -5.47844 
5.43157 29.2924 
-7.66481 -4.24935 
3.08263 -4.13019 
-3.28866 -4.22989 
-2.75564 -17.0699 
-10.8315 -8.47227 
-18.9547 -0.0153352 
1.81682 -6.75322 
-4.75924 -7.70528 
-10.4166 -5.20544 
-5.05201 5.25678 
-5.6915 -5.97486 
3.09848 -4.02893 
-3.50033 4.38388 
1.59004 -8.0439 
2.30888 -7.06837 
-1.55237 -3.88021 
-3.12526 -4.43654 
-4.1271 -4.70935 
-1.40816 -6.2477 
12.9075 -3.73553 
3.63708 -13.3918 
