-0.000316145 -0.00230898 
-0.000676684 -0.000495859 
-0.000697083 -0.000464578 
-0.000859774 -0.000381998 
-0.000528563 0.000410893 
-0.000340489 -0.00372362 
-0.000583029 0.0016429 
-0.000531906 -8.05549e-05 
0.001428 -0.00185674 
-0.000795031 0.000315382 
-0.000506118 -0.000531601 
-0.000182591 0.000610325 
-0.000516408 -0.000397925 
-0.00052298 -9.67602e-05 
-0.00085605 0.00103776 
-0.00261178 -0.00514467 
-0.000304437 0.000236457 
-0.00062635 0.000259276 
-0.00125442 0.000238307 
-0.000815073 -0.000854504 
-0.00054911 -0.00119402 
-0.00067027 0.000157902 
-0.000731016 0.000703525 
-0.000278793 -0.000718967 
-0.000730912 0.00036815 
-0.000470535 -0.000560409 
-0.00103276 -0.000102491 
-0.000179038 -0.000536995 
-0.000440128 0.000548354 
-0.000549613 0.000398083 
-0.000489585 0.000770057 
-0.000479936 -0.00107355 
-0.000760637 0.000341635 
-0.000395086 0.000231355 
-0.000645462 -0.00277454 
-0.000125146 -0.00210821 
0.000372195 -0.00206236 
-0.000822624 -0.000237954 
-0.000562475 3.54886e-05 
-0.00547647 -0.00240669 
-0.000481469 4.94394e-05 
0.000358534 0.000362364 
-0.000877089 -0.000787413 
-0.000459789 0.000242583 
-0.000572069 0.000605388 
-0.0016473 -0.00108991 
-0.000201529 0.000317226 
-0.000191659 0.000585302 
-0.000306886 0.00087001 
-7.67587e-05 0.00202422 
