-0.000455102 -0.000312084 
-0.000772876 0.00054614 
-0.00105117 0.000548861 
-0.000959188 -0.000127093 
-0.000556521 -0.000119537 
-0.000423858 -0.000514918 
-0.000469001 0.000748408 
-0.000473879 0.000875723 
-0.000652288 -0.000225309 
-0.000503489 0.000567712 
-0.000664439 -0.00022409 
-0.00116668 0.00153612 
-0.000453244 -0.000400047 
-0.000395601 0.00109832 
-0.000268819 0.00118896 
-0.0023021 -0.00117456 
-0.00113408 0.000715554 
-0.000331148 0.000465347 
-0.000496205 0.000472611 
-0.000611355 0.000417365 
-0.000792465 -0.00300537 
-0.000759706 0.000213006 
6.95046e-06 0.000908014 
-0.00073463 0.00241282 
-0.000165156 0.000229469 
-0.000564613 0.000720104 
-0.000197462 -4.66224e-05 
-0.000876233 0.00113913 
-0.000417805 0.000101777 
-0.0004179 0.000264245 
-0.000495481 0.000251614 
-0.00054002 0.00189232 
-0.000582655 0.000590115 
-0.000480839 0.00108047 
-0.000328411 0.00142829 
-0.000538911 -2.39275e-05 
-0.000949552 0.00269164 
-0.000697036 -6.36122e-05 
-0.000455565 6.71142e-06 
0.0023311 -0.00155533 
-0.000474645 0.00119859 
-0.000952487 0.000328088 
-0.000193195 0.00120487 
-0.000542662 0.000227493 
-0.000480154 -0.000358774 
-0.000713973 -0.00100006 
1.74556e-05 0.000231181 
-0.000641701 0.00119587 
-0.000513545 -7.72394e-05 
-0.000773711 -0.000397923 
