4.73333e-05 -0.00149837 
-0.000522612 -0.000110993 
-0.000583639 -0.000112828 
6.45431e-05 -0.000512407 
-0.000337658 0.000459705 
-0.000321509 -0.00434287 
-0.000302895 0.00113654 
-0.00032646 0.000216067 
-0.000751772 -0.00178161 
-0.000595215 0.000307339 
-0.000414026 0.000292285 
-0.000191334 0.0002866 
-0.000228795 0.000478925 
-0.00016027 -0.000429445 
-0.00019345 0.000419495 
-0.0026544 -0.00302945 
-0.000902108 0.000341809 
-0.000116746 0.000549222 
-0.000449587 0.000402008 
-0.00010669 -4.32285e-05 
-0.000144168 -0.00451669 
-0.000887939 1.11391e-05 
-0.00030785 0.00141815 
0.000456376 0.000187174 
-0.000146396 0.000385476 
-0.000328042 0.000147605 
9.43213e-05 -0.000420088 
-0.000233417 0.00138983 
-0.000244496 -0.000612774 
-0.000320454 0.000461967 
-0.000160628 0.000649457 
-0.000430351 -0.000427281 
2.60114e-05 0.000381998 
-0.000430748 0.000226262 
-0.000194283 -0.000945477 
-0.000796411 -0.00143072 
-3.80073e-05 0.00123705 
9.38517e-05 -0.000141178 
-0.000414471 -0.000309455 
-0.00131743 -0.00246309 
-0.000474838 0.000112812 
-3.00535e-05 8.7387e-05 
-0.000177381 0.000489485 
-7.08776e-05 0.000287164 
-0.000124293 0.000541574 
-0.000871804 -0.00019969 
0.000166744 -3.26762e-05 
-2.59572e-05 0.000123575 
-0.000507009 0.000243926 
0.00027745 0.000562689 
