-0.000524268 0.00105721 
-0.000568734 0.000443989 
-0.000567726 0.000154089 
-0.000685084 0.000430384 
-0.000196463 0.000638375 
-0.000745891 0.004255 
-0.000693151 -0.000152013 
-0.00056074 0.000347424 
-0.000478097 0.00162439 
-0.000448924 0.000588573 
-0.000436096 -0.000142186 
-0.00130364 0.00198632 
-0.000626279 0.000311382 
-0.000585754 0.000586178 
-0.000307352 0.000292069 
4.9563e-06 -0.000495804 
-0.000721086 0.000691359 
-0.000491384 0.000324315 
-0.00046275 0.000399208 
-0.000789637 0.00109742 
-0.000902159 0.00344934 
-0.000428629 0.000522578 
-0.000815734 0.000149128 
-0.000301904 0.000936182 
-0.000548799 0.000158816 
-0.000267881 0.000180195 
-0.000655203 0.00133168 
-0.00042248 0.00015183 
-0.000494388 0.00016763 
-0.000380233 0.000350989 
-0.000565656 0.000369842 
-0.000470307 -0.000810734 
-0.00085866 0.000533643 
-0.00043032 -4.87341e-05 
-0.000783098 0.00135156 
-0.000266852 0.000857699 
0.000452179 -0.000529306 
-0.000775626 7.82785e-05 
-0.000583471 0.000514547 
-0.000917364 0.00247713 
-0.000461872 0.000900127 
0.000387549 0.00109118 
-0.000311079 0.00119184 
-0.000781942 0.000231376 
-0.000511845 0.000867022 
-0.00045884 -0.00113039 
-0.000646083 0.000650812 
-0.000743184 -0.000133559 
-0.000434713 0.000481741 
-0.000466725 -0.000430839 
