7.15649 5.62824 
-2.11095 4.61266 
1.29581 6.71144 
-2.07767 2.43027 
2.76399 3.53611 
4.76455 -13.7104 
-5.19182 -5.38766 
-4.84104 4.40597 
-3.13218 7.93245 
0.43533 1.68843 
-7.22048 -0.384048 
-3.90862 -14.2209 
-0.470026 -0.56122 
-0.51128 2.64088 
2.49269 -3.79899 
0.346029 3.91093 
9.4129 8.99969 
-3.22087 2.83892 
2.94286 -3.5268 
-1.98088 -4.96938 
8.17264 2.0397 
-1.86489 -4.24539 
16.4605 -4.88454 
-3.09794 1.2205 
9.18302 10.4009 
0.563565 -2.88323 
-3.39987 -6.10755 
-4.15954 3.12085 
21.4945 -9.27058 
3.53052 -4.93329 
-2.61574 6.07127 
-3.40053 4.88706 
-1.18438 -0.181104 
-1.03053 10.8175 
-32.768 -1.41123 
0.329418 -3.702 
-6.93973 -0.994759 
-7.41621 3.97588 
7.20622 0.511221 
-1.50313 -2.2584 
-1.05471 1.91522 
-3.1006 8.59013 
-1.86601 -5.65555 
14.9977 -2.99613 
-5.06471 4.25526 
-1.83527 -1.13432 
-3.90819 5.54208 
-2.11049 12.3983 
-6.80018 2.77677 
3.73392 -11.9391 
