-0.000180675 -0.00300954 
-0.000557793 -0.000376431 
-0.000340878 0.000619967 
-0.000397227 -3.74811e-05 
-0.000559881 -0.000473446 
-0.000120772 0.00305239 
-0.000334715 -0.00103398 
-0.000338765 0.000398222 
-0.000359818 -0.000582333 
-0.000541944 -0.000209835 
-0.000392977 -0.000452607 
-0.000633564 -0.000254026 
-0.000463949 -0.000283442 
-0.000398223 0.000567969 
-0.00045823 -0.000357298 
-0.00175002 -0.00224573 
-0.000406466 -6.00744e-05 
-0.000367452 0.000319392 
-0.000407727 -0.000573194 
7.29526e-05 5.17474e-05 
-0.000421738 -0.0015398 
-0.000406685 -0.00020825 
-0.000317807 0.000332549 
-0.000704188 0.000130389 
-0.000397425 -1.22903e-05 
-0.000345973 0.000132008 
-0.000122315 -0.00149743 
-0.000657271 -0.000242325 
-0.000316156 0.000353281 
-0.000400973 8.28327e-05 
-0.000501605 -0.000238363 
-0.000407219 -0.000132367 
-0.000457355 0.00159414 
-0.000300747 -1.09037e-05 
-0.000212567 -0.00040076 
-0.000418897 -0.000604679 
-0.000263711 0.00035489 
-0.000859284 0.000497814 
-0.000573263 -0.000327479 
-0.000884782 -0.00297918 
-0.00036732 -0.00100454 
-0.000884134 0.00100428 
-0.000248777 -0.000561417 
-0.000237105 -0.000402414 
-0.000263703 0.000303767 
-0.000799262 -0.000447469 
-0.000463353 -0.000471137 
-0.0003478 0.000899797 
-0.000329003 0.000404946 
-0.000754011 -0.000458125 
