7.78889 -7.61269 
-2.12449 1.04214 
0.159642 4.64726 
-0.983278 9.08956 
-2.13978 1.7009 
-6.39807 1.92149 
-4.22419 8.13145 
3.69231 7.10249 
-2.52552 21.9723 
4.07651 3.21352 
-5.66004 4.28181 
2.37384 24.9745 
-0.352612 5.32731 
-0.868058 4.55243 
-5.14159 1.71324 
-2.90976 7.54182 
10.3507 9.5724 
-1.54002 1.57009 
-0.644585 -2.58492 
-2.22831 2.16676 
-19.1174 3.89428 
0.355697 -1.79476 
30.4945 6.89327 
-1.6266 7.76327 
6.46954 29.8505 
-1.88557 2.29544 
-15.2653 -4.01501 
-2.97672 4.18598 
17.5073 -24.0936 
3.50856 3.94129 
-5.98525 3.1495 
2.73369 6.47048 
-0.491951 12.6729 
4.79419 19.2018 
15.3396 -2.67583 
0.744309 4.11408 
-3.93027 3.05075 
0.388905 3.36879 
5.92692 0.551181 
0.412804 6.71044 
-3.49522 -0.267894 
-1.91298 8.9176 
0.108286 4.45555 
7.0492 3.8521 
-6.5114 8.41148 
-0.932295 6.92428 
-0.959199 9.0053 
-2.59001 13.1039 
-15.7602 7.43446 
-0.597745 6.38094 
