-0.000302329 0.002144 
-0.000588116 -0.000147017 
-0.000504656 0.000776642 
-0.000414325 -0.00012595 
-0.000299331 -6.68972e-05 
-0.000413921 0.00310196 
-0.000772916 2.08202e-05 
-0.000432064 -0.000366608 
-0.000503041 5.25738e-05 
-0.000449996 -0.000344367 
-0.000576016 0.000177293 
-0.000623229 -0.00103478 
-0.000339691 -9.87485e-05 
-0.000535794 -0.000198123 
-0.000473588 -0.000149689 
-0.00195685 0.000168525 
-0.000497939 -0.000313525 
-0.000528288 -0.000396224 
-0.000475295 -0.000782811 
-0.000561992 -4.74536e-05 
-0.000657987 -0.000280663 
-0.000538922 0.000182422 
-0.000605542 -0.000579963 
-0.000516626 -0.000238282 
-0.000502137 -0.000184436 
-0.000374825 0.000133851 
-0.000426748 -0.000499519 
-0.000580476 -0.000269046 
-0.000516678 -0.000468736 
-0.00054553 0.000115217 
-0.000494713 -7.62681e-05 
-0.000495056 2.5056e-05 
-0.000905431 0.000461801 
-0.000519408 -0.000134786 
-0.000535073 3.97062e-05 
-0.000324695 -8.54399e-05 
-0.000404869 -0.000459245 
-0.000367613 -0.000835783 
-0.000535298 -0.000176716 
-0.000365482 -0.000315567 
-0.000496185 -0.00069829 
-0.00047435 -6.59416e-05 
-0.000559209 0.000179035 
-0.000529608 7.65491e-05 
-0.000623104 0.000235029 
-0.000926927 -8.56488e-05 
-0.000499361 -0.000267159 
-0.000460313 0.000128105 
-0.00052107 -0.000219004 
-0.000521747 0.00019326 
