-0.000804363 0.00246213 
-0.000357158 -0.000279057 
-0.000383874 0.000524078 
-0.000384084 8.60059e-06 
-0.000419565 -5.1123e-05 
-0.000340144 0.00687576 
-0.000393561 0.000189151 
-0.000395176 0.000398821 
-0.000422501 0.000144154 
-0.000389021 0.000284062 
-0.000354798 0.000215507 
-0.000174714 -0.00108423 
-0.000548353 -7.33091e-05 
-0.000263306 -0.000207165 
-0.000388106 -1.15701e-05 
-0.00189383 0.00111099 
-0.000418662 0.000426625 
-0.000453572 9.60849e-05 
-0.00041447 -0.000159464 
-0.000326746 0.000119122 
-0.000308663 -0.000135753 
-0.000256651 0.000555109 
-0.000254211 -0.000111574 
-0.00033725 0.000231003 
-0.000280674 -4.87172e-05 
-0.000302094 0.000584363 
-0.00040154 0.000170203 
-0.000390381 0.000166043 
-0.00032121 -0.000141573 
-0.000384524 -0.000151642 
-0.000441376 0.00035724 
-0.000335634 3.06092e-06 
-0.000133433 -8.65302e-05 
-0.000325223 0.000113861 
-0.000363682 5.9178e-05 
-0.000222047 -0.000693396 
-0.000446348 -6.8846e-06 
-0.0004259 -0.000576944 
-0.000364592 4.98591e-05 
0.00105107 -0.00248755 
-0.00033714 -0.000189301 
-0.000412346 0.000630429 
-0.000349339 -0.000273007 
-0.000339005 0.000123184 
-0.000466526 0.000216626 
-0.000797702 0.00016931 
-0.000321896 -0.000226047 
-0.000471827 0.000223233 
-0.000434366 -0.000121544 
-0.000351069 0.000743821 
