-0.00043436 -0.00196185 
-0.000133349 -8.70723e-05 
-9.73795e-05 0.000438045 
-0.000339953 -0.000186712 
-0.000527455 0.000291074 
-0.000259608 -0.00568413 
-0.000205019 9.01049e-05 
-0.000255286 -0.000461598 
-0.000185652 0.000168974 
-0.000100225 0.000265945 
-7.71254e-05 0.000180723 
-0.000216749 -0.00101213 
-1.64843e-05 0.00013811 
-0.000442569 0.000115482 
-0.000192312 0.000348035 
-0.00288403 -0.0026309 
-0.000112805 -0.000512313 
-0.000301235 0.000448648 
-0.000169678 0.000483828 
-0.000443122 1.69783e-05 
-0.000519973 -9.37609e-05 
-0.000432845 -0.000724216 
-0.000149737 -3.38414e-05 
-0.000121887 0.000195737 
-0.000331333 -1.79205e-05 
-0.000241246 0.000144944 
-7.55965e-05 6.31872e-05 
-0.000201895 -9.0844e-05 
-0.000528736 -0.000393288 
-0.000129496 0.00053907 
-0.000189467 0.000452325 
-0.000117396 0.000106989 
2.04551e-05 0.000276647 
-0.000352507 -0.000109769 
-0.000164497 -7.65804e-05 
-0.000458177 0.00086381 
0.000202998 -0.00105504 
-0.000166896 0.00029403 
-0.000362917 0.000266279 
0.00109077 0.00203637 
-0.00011899 0.000520469 
-0.000234225 0.000735806 
-0.000205739 0.000136964 
-0.000185273 0.000212752 
-0.000222932 0.000229376 
-8.22687e-05 0.000172582 
-0.00038127 0.000421872 
-0.000219528 0.000162394 
-0.000314415 0.000319826 
-0.000296315 -4.66585e-05 
