-0.000545539 0.00065426 
-0.000329366 -0.000307494 
-0.000337133 0.000310213 
-0.000276578 -0.000187798 
-7.96671e-05 0.00019182 
-0.000333973 0.00344156 
-0.000177739 0.00014753 
-0.000204316 0.000158751 
-0.000240211 0.000180697 
-0.000196686 0.000782291 
-0.00014556 0.00016682 
-0.00029903 -0.000605181 
-0.000164522 0.000135612 
2.16118e-05 0.000207803 
-0.00031481 -0.000127868 
-0.00298137 -0.00276507 
-0.000204291 -0.000355713 
-0.000213426 0.000185343 
-0.00025238 0.000357446 
-0.00039071 9.75801e-05 
-0.000264546 2.29214e-05 
-0.000170039 -0.00115127 
-6.25211e-05 0.000403251 
-0.000193061 0.000289927 
-0.000265821 8.73555e-05 
-0.000354434 -0.000137355 
-2.93655e-05 0.000524801 
-0.000198254 0.000467639 
-0.000592465 -0.000647531 
-0.000130224 0.0001165 
-0.00021259 0.000481569 
-0.000310658 7.70094e-05 
6.82967e-05 0.000155629 
-0.000331787 -0.000242978 
-0.000246939 0.000238939 
-0.000147899 3.6584e-05 
-0.000391808 0.00140357 
-0.000282467 0.000942201 
-0.000262953 0.000166903 
0.00114247 -0.00111671 
-0.000183015 0.000414398 
-0.000184458 0.000861849 
-0.000196307 0.000220999 
-3.63869e-05 0.00021389 
-0.000517576 0.000196607 
0.000218836 7.89883e-05 
-0.00032531 0.000460883 
-0.000148574 0.000169825 
-0.00019428 0.000209668 
-0.000269875 -0.000215294 
