-0.00039947 -0.000937311 
-0.00038529 0.000225748 
6.20988e-05 0.000427479 
-0.000190491 -0.000407414 
-0.000372452 0.000234032 
-0.000207599 -0.0018346 
-0.000196391 0.000115641 
-0.000118619 -0.000200877 
-0.000203254 0.000183611 
-0.000260925 -6.09569e-05 
-0.000152188 0.000174692 
-0.00031895 0.000441924 
-0.000253601 0.000119265 
-0.000430618 0.000574558 
-0.000182677 -0.000216191 
-0.00361749 -0.00179835 
-9.45979e-05 -0.000705715 
-0.000158993 0.000226487 
-0.000179765 0.000211951 
-0.000514216 6.98003e-05 
-0.000521384 -3.85862e-05 
-0.000537769 -0.000470071 
-0.000254865 5.91116e-05 
-0.000175729 0.000119013 
-0.000111763 -5.62804e-05 
-0.000256043 0.000575027 
0.000196407 0.000624918 
-0.000191637 0.000516037 
-0.000651062 -0.00033307 
-0.000199334 -0.000140915 
-5.41318e-05 0.000137649 
0.000128873 0.000155391 
9.68742e-05 0.000328493 
-0.000210022 -0.000236162 
-0.000245435 0.000145807 
-0.000162423 1.53238e-05 
-2.77505e-05 1.89138e-05 
-0.000439856 -0.00186147 
-0.000331136 0.000236972 
0.000481269 0.00119218 
-0.000165648 0.000562971 
-0.000221519 -0.000560468 
-0.000190807 -8.50374e-05 
-0.000338018 0.000237666 
-0.000144811 0.000206848 
0.000271622 7.664e-06 
-0.000253401 0.000296026 
-0.000162395 0.000164566 
-0.000146956 0.000218423 
-9.4544e-05 -0.000319592 
