-0.604917 -16.3049 
-1.93356 2.36488 
-2.41502 1.86478 
-1.0514 3.7391 
-5.58797 0.541122 
-4.77111 -1.27114 
-0.628597 2.44051 
4.07833 -4.55651 
-2.18756 -0.582208 
7.3178 0.290857 
-3.12383 7.53445 
0.988993 -13.0669 
-2.28272 4.46943 
-2.17245 -3.26244 
-3.67704 4.83219 
-3.66507 -13.7287 
-5.4912 -6.30056 
-2.22209 -2.30308 
-5.49603 -3.89331 
-2.35717 5.29901 
19.9472 4.16875 
-4.57127 1.6332 
3.54202 11.6667 
-1.46146 3.72119 
-3.55168 -2.80493 
-3.82663 6.11498 
-5.40493 -0.882726 
-1.34039 3.65209 
-2.27808 -9.99858 
-11.2958 4.97432 
8.99904 -6.36068 
4.69629 6.15993 
-2.52738 12.1469 
-0.877403 1.15642 
27.1113 4.51315 
0.43496 6.66781 
5.75013 4.30433 
4.97865 2.49062 
-0.597476 8.56394 
-2.48276 -2.35719 
-0.937489 -5.64789 
-1.24445 6.06546 
1.58189 2.19532 
-5.16728 7.24904 
-4.78073 4.87256 
-0.860511 4.86369 
-1.23603 7.49102 
-2.02927 1.51209 
-7.46884 0.858769 
-5.59009 16.4159 
