-0.000682047 5.67287e-05 
1.88019e-07 0.000394548 
-0.000183969 0.000290417 
-9.14654e-05 0.000267045 
-0.000635103 0.000206401 
-0.000149277 0.00133914 
-0.000186807 0.000159971 
-0.000196702 0.00012049 
-0.000177522 9.29108e-05 
-0.000223672 3.15329e-05 
-0.000141367 9.93031e-05 
-0.000330447 0.000441699 
-0.000293327 2.79372e-05 
1.10563e-05 0.000893021 
-0.000196046 0.000158629 
-0.00313681 -0.000742081 
-0.000189529 -0.000279274 
-0.00016076 8.26276e-05 
-0.000237567 0.000198905 
-0.000351796 3.8374e-05 
-0.000185537 -0.000288635 
-3.3619e-05 0.00033926 
-0.000521649 0.000116539 
-0.000228152 0.000123486 
-0.000245531 0.00010152 
-0.000345686 0.000334303 
3.41957e-05 0.000251678 
-0.000199667 0.000225452 
-0.000544121 -0.000549158 
-0.000179248 0.000141855 
-0.000192999 0.000136279 
0.000121793 9.13714e-06 
-0.000183785 0.000263389 
-0.00025131 -0.000474169 
-0.000141179 7.65105e-05 
-0.000108643 0.000126295 
-0.000136511 0.000239738 
-9.65511e-05 -0.00114402 
-0.000325367 0.000203335 
-0.000481142 -0.00028731 
-0.000184358 0.000660728 
-2.03301e-05 0.000876873 
-0.000175076 -4.16199e-05 
-0.000322631 0.00021655 
-9.73012e-05 -4.89898e-06 
-0.000142823 -0.000174276 
-0.000108795 0.000118773 
-0.000183155 0.00014671 
-0.000201994 0.000171285 
-0.000242301 -0.000672092 
