-0.000316091 -5.95711e-05 
-2.04248e-05 8.99768e-05 
6.43935e-06 5.86869e-05 
-0.000163541 0.00031679 
0.000920747 -5.96494e-05 
1.56236e-05 -0.00021679 
-3.15606e-05 -0.00013926 
-0.000133027 0.000106976 
-7.7312e-05 5.3054e-05 
-2.2066e-05 0.000236349 
-8.82528e-05 0.000367428 
-0.000154274 -0.000480365 
-5.72961e-05 0.000143415 
-0.000120067 2.04209e-05 
-0.00019666 7.39333e-06 
0.00254051 0.000965273 
-4.66239e-05 0.000239878 
-5.48637e-05 0.000161015 
-7.7685e-05 8.71161e-05 
-0.000393019 9.77716e-05 
-2.95651e-06 0.00025551 
-5.3145e-05 0.000157883 
-0.000169209 -3.64785e-05 
-1.54162e-06 7.89561e-05 
-0.000305961 0.000148963 
-0.000345512 0.00040995 
1.46483e-05 0.000113174 
-0.000312307 -0.000228702 
-5.84467e-06 -0.000282425 
-6.56953e-05 7.28996e-05 
1.94682e-05 3.6839e-05 
6.0407e-06 -0.000149644 
-3.24985e-05 1.05267e-05 
-0.000118388 -0.000126047 
-2.03735e-05 0.000137296 
2.35764e-07 -9.36538e-06 
-1.46743e-05 0.000301079 
-3.96036e-05 0.000235763 
-1.74984e-05 -8.80957e-05 
0.000147496 0.000443126 
-5.42296e-05 3.87572e-05 
-0.000131166 0.000268855 
-0.000240136 4.64323e-05 
-0.000272002 0.000120918 
-4.65021e-05 3.95938e-05 
-8.76597e-05 -2.18262e-05 
-8.80649e-05 0.000116667 
-6.01428e-05 -0.000102545 
-0.000272681 0.000165197 
-0.000316834 -0.000162307 
