-0.000633622 -0.000242947 
7.34008e-05 0.000100191 
-0.000165785 0.000134959 
-4.23825e-05 0.000115249 
0.000218053 2.20098e-05 
-3.37861e-06 -3.17774e-05 
5.29188e-05 2.96451e-05 
-0.000188492 6.45679e-05 
1.75416e-05 0.000139113 
-1.07586e-05 0.000124232 
6.03359e-06 0.000322205 
-8.79104e-05 6.87858e-05 
-7.77265e-05 2.59164e-05 
-0.000174914 0.000165875 
-5.14354e-05 6.8697e-05 
0.00107511 0.000563108 
-2.39271e-05 0.000175281 
-4.04028e-06 0.000144697 
-9.50675e-05 0.000256583 
-0.00043648 6.59467e-05 
-2.34694e-05 -0.00060688 
-4.00096e-05 -0.000317342 
-0.000181639 -5.57898e-06 
-2.81636e-05 5.09095e-05 
-0.000329374 0.000109426 
-0.000189893 0.000521771 
-6.62775e-05 -1.20196e-05 
-0.000248253 -0.000133079 
7.19288e-05 0.00014298 
3.7185e-05 -4.95589e-05 
-0.000120426 0.000198374 
2.88404e-05 0.000305949 
1.11398e-05 0.000126864 
7.19864e-05 -9.20995e-05 
-5.32968e-05 8.05362e-06 
6.877e-05 5.09534e-05 
0.00018064 0.000315267 
4.32126e-06 -0.00076335 
7.76605e-05 0.000161601 
-0.000147024 0.000346202 
-6.65245e-05 0.00014857 
8.13358e-06 0.00012364 
-0.000302998 7.11776e-05 
-0.000368352 0.000224211 
9.52128e-05 1.87113e-05 
6.75532e-05 7.69348e-05 
-8.759e-05 0.000152102 
-3.93662e-05 -5.79015e-05 
-5.42099e-05 0.000252697 
7.9729e-05 7.78271e-06 
