4.75728 4.78592 
-1.86775 3.73924 
-3.62611 2.3724 
-2.00349 -2.06359 
-0.977797 2.28215 
4.23759 -10.8103 
2.66863 -9.26653 
-3.04244 -1.84233 
-1.77535 -14.7699 
4.0272 -2.108 
-0.454556 3.80364 
-2.26604 -23.2971 
-3.45828 1.389 
-0.880531 -8.28735 
2.54842 2.68002 
0.142549 6.1027 
1.92391 -5.40248 
-4.27608 -0.464856 
-5.50281 2.11801 
-2.13152 5.2559 
27.8302 0.444494 
-5.55751 0.800893 
-22.7298 4.57668 
-3.57617 -1.69929 
5.74664 -18.8416 
-3.72653 3.7155 
2.63628 1.75301 
-2.15966 2.32057 
-6.62844 19.6109 
-8.86037 -5.32384 
3.68076 -2.24012 
-1.59743 -0.41377 
-1.9054 6.27599 
-6.64075 -9.8013 
21.6711 7.81863 
1.1045 5.24375 
2.42828 -0.508704 
-2.13737 2.40633 
1.12607 7.7126 
-4.38261 -7.95925 
0.540212 -2.9762 
-0.772293 1.639 
0.293721 -6.62139 
-12.4596 7.6235 
-1.06235 -0.806199 
-1.37157 1.86147 
-4.90582 -12.6825 
-1.74792 5.85943 
6.42917 -2.06639 
0.380604 -3.56095 
