-0.000309023 -7.42755e-05 
0.000136216 0.000105086 
0.000120862 4.38797e-05 
3.8523e-05 -8.868e-06 
1.9404e-05 7.38585e-05 
-3.73389e-05 8.38097e-05 
9.90487e-05 0.000164951 
-0.000113131 0.000307743 
0.000113714 0.000311702 
0.00029182 0.000179489 
2.54351e-05 0.000328677 
-7.62129e-05 9.36537e-05 
0.000112489 0.000231055 
0.000105836 0.000179521 
-8.22478e-07 -7.5645e-05 
0.00074008 -0.000719584 
6.74786e-05 5.3747e-05 
0.000114489 8.96928e-05 
-0.000165163 0.000134941 
0.000213325 0.000219934 
0.000161261 -0.000117198 
9.35481e-05 -0.000139238 
0.000109365 0.000151133 
6.89999e-05 0.000210736 
8.24615e-05 0.000122227 
0.000152152 0.000496073 
0.000192892 -7.80324e-05 
-9.29183e-05 1.97714e-05 
5.43481e-05 0.000156404 
7.04849e-05 0.00025041 
0.000118651 9.0727e-05 
-4.67288e-05 -2.53279e-05 
0.000151948 0.00017851 
-4.56391e-05 0.00021878 
7.1512e-05 0.000203393 
9.38723e-05 0.000104429 
0.000275452 0.000256183 
1.682e-05 -0.000685528 
6.26144e-05 0.00016076 
-0.000205055 0.000428602 
0.000208114 0.000354121 
9.0925e-05 0.000276351 
-0.000138322 0.000227946 
-7.36908e-05 0.00019869 
-8.57333e-05 0.000121112 
8.26945e-05 9.67664e-05 
-0.000228006 0.000180871 
0.000109803 0.000115127 
-9.47033e-05 0.000243815 
-1.13931e-05 0.000167671 
