-8.78965e-05 2.36202e-05 
9.40787e-05 0.000153337 
-0.000195989 -2.95776e-05 
-1.3613e-05 6.66896e-05 
3.13699e-06 0.000150774 
-0.000135532 6.26181e-05 
7.69549e-05 0.000175803 
-0.000230198 4.19621e-05 
2.69871e-05 0.000268536 
0.000303773 0.000212197 
8.97089e-05 8.68485e-05 
-0.000115423 -9.48941e-05 
4.8648e-05 0.00021562 
9.53926e-05 0.000150741 
8.21195e-05 -0.00019271 
0.00056504 0.000644397 
7.92408e-05 0.000473541 
4.16699e-05 5.92767e-05 
-7.96341e-05 7.18647e-06 
4.43433e-05 -7.60877e-05 
-6.9205e-05 -0.000538336 
6.08789e-05 0.000117327 
0.000132008 0.000135523 
-1.51444e-05 -0.000156257 
0.000110572 7.78031e-05 
-0.000124871 0.000411269 
-4.91756e-05 -1.81854e-05 
0.00014389 0.000175774 
6.96409e-05 0.000161941 
5.88214e-05 0.000169683 
-0.000326251 -3.80332e-06 
-0.000245128 0.000237726 
2.79476e-05 0.000162695 
2.84786e-05 -1.47031e-05 
6.28858e-05 3.14466e-05 
7.24596e-05 -8.08009e-06 
-0.000102362 0.00030111 
-5.2236e-05 -0.000878701 
5.0932e-05 0.000195514 
0.000509908 0.000413292 
-1.48632e-05 8.8949e-05 
7.12781e-05 8.89568e-05 
-0.000149528 4.26485e-05 
-0.000310223 3.58453e-06 
4.66684e-05 5.91174e-05 
4.52156e-05 8.62324e-05 
-0.000226412 2.83664e-05 
0.000133477 0.000164617 
7.55213e-05 0.000145272 
6.19803e-06 0.000165154 
