-6.59195e-07 -7.23851e-05 
0.000113402 0.000175653 
3.40121e-05 -2.34639e-08 
5.07856e-05 -9.44403e-05 
0.000359645 -9.71548e-05 
-1.27112e-05 8.57049e-05 
8.2215e-05 6.44759e-05 
1.47643e-05 4.68003e-05 
7.07471e-05 2.15838e-05 
-3.6294e-05 0.000134931 
5.28767e-05 0.000105937 
2.44587e-05 0.000324439 
6.77491e-05 0.000216445 
7.70537e-05 0.000150405 
1.70662e-05 -0.00021314 
0.000987342 -0.00224711 
7.86097e-05 5.10433e-05 
5.78223e-05 5.3272e-05 
-9.72144e-05 0.000142154 
-0.000138633 -7.65847e-05 
0.000260187 0.000420441 
5.04724e-05 -0.000100155 
7.77921e-05 -9.03521e-05 
2.89704e-05 0.000253225 
0.000145731 -9.1768e-06 
-8.4401e-05 2.5966e-06 
0.000165852 -5.98974e-06 
2.69103e-05 -6.4271e-05 
8.15596e-05 5.84539e-07 
6.38281e-05 0.000129878 
0.000220669 4.78886e-05 
-0.000165767 -4.00218e-05 
0.000115911 0.000357683 
-6.9515e-05 7.85185e-05 
-0.000108457 5.91066e-05 
9.06554e-05 5.35575e-05 
2.81286e-05 -9.81453e-05 
2.46985e-06 -0.000322055 
7.55794e-05 -0.000122657 
-0.000361114 -0.000280502 
0.000235403 0.000151387 
8.80024e-05 0.000155575 
-2.14846e-05 7.71194e-05 
4.39515e-05 0.000202641 
-6.0789e-05 6.6463e-05 
0.000115019 1.70649e-05 
9.12143e-05 -2.65701e-05 
-7.44119e-05 0.000221207 
-0.000107209 1.99974e-05 
5.79155e-05 -8.34295e-05 
