4.09731e-05 -6.8933e-06 
8.77253e-05 0.00027271 
-8.8916e-05 -4.60089e-06 
9.28606e-05 -1.41169e-06 
-6.588e-06 -2.52669e-05 
-8.08659e-05 -3.03518e-05 
9.33584e-05 0.000124549 
6.66869e-05 -2.62879e-05 
7.37951e-05 0.000154179 
0.000235103 9.53635e-05 
3.85194e-05 0.000170074 
-0.00030743 0.000212202 
5.47356e-05 0.000364713 
9.57366e-05 0.000155513 
2.29854e-05 -6.34337e-05 
0.000106955 0.00391744 
9.40964e-05 0.000568298 
0.000147765 4.36322e-05 
-0.000269501 3.33851e-05 
-0.000108423 0.000103927 
4.30401e-05 0.000126513 
9.0504e-05 -6.16548e-05 
0.000104044 -5.08477e-05 
4.41051e-05 -0.000492587 
0.000163256 -0.000180505 
9.2231e-05 5.83362e-05 
0.000184524 -2.216e-06 
-0.000171043 -6.96559e-05 
8.10662e-05 0.000107127 
6.60014e-05 0.000157528 
0.000366045 0.000132553 
0.000232307 8.41077e-05 
9.19616e-05 4.62159e-05 
9.43419e-06 6.69394e-05 
-2.43556e-05 2.59628e-05 
7.31672e-05 -1.54734e-05 
3.95242e-05 -0.000131745 
-6.30731e-05 -0.000605749 
7.8759e-05 -0.00011064 
7.33524e-05 -1.99581e-05 
4.14069e-05 3.92356e-05 
7.56347e-05 8.26597e-05 
6.68899e-05 8.50897e-05 
-0.000172857 3.42602e-05 
2.98072e-05 6.18485e-05 
0.00013485 5.07093e-05 
-5.37702e-05 2.94336e-05 
-2.07354e-05 0.000364715 
-0.000147067 1.305e-05 
1.32357e-05 0.000204238 
