3.93023e-05 -6.03484e-05 
-4.77702e-05 -0.000396744 
-0.000334824 -3.43885e-05 
1.531e-06 -0.000100385 
0.000484208 -0.000116542 
-3.76741e-05 -0.000124162 
-2.19011e-05 -1.6902e-05 
-1.47767e-05 -0.000123184 
-0.000107923 -0.000223778 
-0.000113931 0.000103453 
4.71186e-05 -0.000138668 
0.000181248 -0.000661329 
-3.0333e-06 -9.00026e-05 
-6.66374e-06 9.85607e-05 
2.43556e-05 -0.000120236 
0.000353333 -0.00528014 
-8.21948e-05 -0.000496861 
-7.14266e-05 -0.000139883 
0.000298416 0.000131294 
-1.23144e-05 -0.000252479 
-0.000219965 -0.000168922 
-2.88498e-05 -5.17039e-05 
-1.16856e-05 -6.42558e-05 
-7.81214e-05 0.000104446 
-0.000291558 -0.000158112 
9.9834e-05 -0.00015032 
-0.000169895 -2.0096e-05 
8.10098e-05 -6.39061e-05 
-2.97715e-05 -1.27695e-05 
-3.59889e-05 -8.64223e-05 
-0.00037058 -0.000298615 
-0.000464071 -8.99152e-05 
-0.000109591 -0.000401297 
-2.44277e-05 -0.000167813 
7.57983e-05 -4.84929e-05 
-2.12133e-05 -2.55126e-05 
2.64511e-05 -2.10749e-05 
-7.97097e-07 0.000714661 
-8.3982e-05 -8.68657e-05 
-0.000198879 -0.000157341 
0.000319486 4.97604e-05 
-5.76655e-05 1.06822e-05 
-7.65935e-05 -0.000161309 
-7.60047e-05 -0.000265037 
-0.000173008 -5.67685e-05 
-0.000117938 -7.94578e-05 
-0.00017566 -0.000115631 
-8.2676e-05 1.90711e-05 
-9.15156e-05 -0.000131328 
-2.5861e-05 -0.000104415 
