0.544661 23.9378 
-14.8303 9.83631 
29.1832 5.5222 
-11.8543 14.574 
-10.8933 0.125 
-17.6249 -6.04184 
-9.37728 -24.3103 
-9.59179 25.8777 
-19.3817 0.621599 
-15.6231 -0.130361 
-17.0317 20.7356 
-12.0257 10.0911 
-16.5338 14.9395 
-24.0925 0.348214 
1.62224 1.53888 
-13.0255 12.5404 
-24.9839 6.60027 
-20.6595 19.9349 
-32.768 23.8309 
-17.4095 13.7078 
-18.6558 6.09032 
-11.5371 7.41142 
-7.66543 1.21895 
-2.85539 0.473895 
-3.64979 8.95569 
1.59917 -1.18407 
-13.728 28.177 
-14.4242 7.47983 
-21.1944 -7.79685 
-17.2137 2.33365 
-12.0613 13.8847 
-6.12206 3.33589 
-13.3564 2.74987 
-17.3144 24.0786 
-20.7792 10.7987 
-14.7646 12.0333 
-21.5188 8.32609 
-15.7007 7.92505 
-22.2651 2.41148 
-16.4513 12.4766 
-12.4388 -22.4954 
15.9919 1.15157 
-4.50914 10.1114 
23.6504 11.0773 
-25.5651 -6.23868 
-15.216 -12.6921 
2.63735 14.3313 
-8.03663 7.20464 
-11.4617 9.79246 
11.7155 -2.17195 
