7.9531e-05 -8.61654e-05 
3.11316e-05 -0.000227196 
0.000108134 -0.00033525 
6.24682e-05 -0.00024911 
-0.000120571 -0.000149076 
0.000119645 -0.000266223 
5.144e-05 -5.29412e-05 
9.88563e-06 -0.000163325 
2.46163e-06 -0.000124679 
8.34873e-05 -0.000371497 
7.9561e-05 -3.43285e-05 
-0.000415367 -5.92984e-05 
4.75808e-05 0.000107559 
9.17706e-05 -0.000233868 
1.71032e-05 -0.000197842 
0.000196392 0.00726588 
9.2695e-05 2.31266e-05 
0.000127689 -0.00025674 
0.000192527 0.00011836 
-5.92844e-06 -0.000189446 
-7.22775e-05 -0.000103276 
3.0484e-05 -0.000241579 
0.000113513 -0.000250138 
5.93557e-05 -0.000894374 
-3.83258e-05 -0.000199002 
0.000201674 -0.000171242 
0.000101363 -0.000161089 
-0.000222571 -0.000299038 
8.63637e-05 -2.86007e-05 
5.07778e-06 -0.000216686 
0.000840747 -0.000112235 
-2.1329e-05 3.39338e-05 
6.80437e-05 -0.000251927 
2.9305e-06 -0.000161922 
7.72196e-05 -0.000259024 
-2.14001e-05 -0.000189064 
8.05829e-05 -0.000298223 
-2.80129e-05 -0.000155209 
4.88855e-05 -0.00023413 
2.91538e-05 4.88444e-05 
0.000219632 -0.00031962 
0.000198491 -0.000219857 
8.33948e-05 -0.000323996 
4.17306e-05 -0.000193324 
7.15343e-06 -0.000229245 
8.30216e-05 -0.000218203 
-3.52289e-05 -9.95905e-05 
-5.01639e-05 -0.000274153 
9.2141e-05 -0.000215728 
0.000179389 -0.000127268 
