4.39559e-05 -0.000137221 
4.88824e-05 0.000104963 
7.59074e-06 -0.000115708 
8.34041e-05 -2.09315e-05 
-0.000267798 -6.88345e-05 
-2.15714e-05 -0.0001206 
7.96667e-05 2.10325e-05 
2.52152e-05 -6.80428e-05 
6.04161e-05 -0.000105825 
3.0219e-05 -7.73233e-05 
-2.40853e-05 -0.000259573 
0.000528271 -0.000151859 
-3.29972e-06 5.82704e-05 
7.14626e-05 0.000104921 
3.42806e-05 -6.74501e-05 
0.000494978 -0.00394047 
1.19888e-05 -0.000129084 
1.99895e-07 0.000151345 
-0.000244315 -8.14827e-05 
1.08231e-05 3.63268e-05 
0.000210468 0.000236438 
2.75412e-06 -0.000227519 
-1.29728e-05 4.80082e-06 
5.73878e-05 -0.000217305 
9.09509e-05 -7.21894e-05 
-6.766e-05 -2.76725e-05 
-0.000234028 5.49899e-05 
-3.26285e-06 -0.000172574 
2.70263e-05 -3.08124e-05 
4.76293e-05 -2.56985e-05 
-0.00178625 8.17576e-05 
-9.85878e-05 3.19822e-06 
-8.99056e-05 -5.02728e-05 
2.36419e-05 1.25698e-05 
5.51903e-05 -1.53655e-08 
0.000105481 0.000116133 
-1.38091e-05 -9.36117e-05 
-1.05342e-05 -0.000223913 
0.000102565 -2.18974e-05 
-0.000207035 -0.00039692 
0.000120093 3.27951e-06 
-8.87037e-06 -0.000191671 
8.65324e-05 -5.17362e-05 
-1.17901e-05 0.000207556 
0.0001397 0.000170579 
3.80921e-06 -3.3493e-05 
7.72301e-05 -2.56016e-05 
9.21076e-05 -5.15784e-05 
-2.19586e-05 -0.000153569 
0.000115297 4.56463e-05 
