8.07914e-05 -3.98241e-05 
-3.76874e-06 -7.5725e-06 
-5.49274e-06 -0.000102009 
8.93719e-05 -5.88391e-05 
-1.43668e-05 -8.00078e-05 
2.19773e-05 -0.000122456 
1.94756e-05 1.17941e-05 
3.38583e-05 -8.21644e-05 
5.2928e-05 -6.89393e-05 
5.50358e-05 -6.12879e-05 
7.55317e-05 -9.06233e-05 
0.000164365 -7.73499e-05 
1.93082e-05 0.000351867 
4.6655e-05 -0.000166229 
1.8447e-05 -1.44902e-05 
-0.000233104 0.00554442 
1.56193e-05 -5.67189e-05 
-3.39956e-05 -1.33252e-05 
-6.28426e-05 -3.55594e-05 
-7.52216e-05 9.5646e-05 
-5.67694e-05 0.000258747 
6.23197e-06 -0.000134434 
6.78009e-05 -0.000212029 
7.55211e-05 -0.000470085 
-1.90203e-05 -6.41403e-05 
1.45859e-05 6.23744e-05 
8.65784e-05 -7.55058e-05 
-0.00015424 -0.000171997 
2.90949e-06 -5.81134e-05 
5.18912e-05 -4.77222e-05 
0.0005801 0.000101531 
-1.5385e-05 4.32391e-05 
-4.39443e-05 -2.72164e-05 
7.43026e-06 -0.00016987 
2.14814e-05 -5.99556e-05 
3.20624e-05 7.58653e-05 
8.93306e-05 -0.000207599 
-6.80184e-05 -1.38469e-05 
0.000301209 -3.31672e-05 
0.000278445 -0.0003244 
0.000312119 0.00020582 
6.0657e-05 -3.63451e-05 
0.000164397 -9.95661e-05 
0.0001866 -7.99556e-05 
-2.46558e-05 -0.000185024 
3.85906e-06 -8.20295e-05 
0.000140985 -1.40791e-05 
-2.07477e-05 -1.27332e-05 
-1.55395e-05 -6.72118e-05 
0.000160074 9.97062e-06 
