-4.50862e-05 -4.72376e-06 
-0.000109758 -8.48862e-05 
-6.39267e-05 5.94619e-05 
-9.51838e-05 -7.45609e-05 
-7.71674e-05 1.03113e-05 
-0.000110476 -2.751e-05 
1.76757e-06 -6.73915e-05 
-0.000106998 6.53066e-05 
-9.57417e-05 -2.37351e-05 
-0.000168707 -1.5175e-05 
-1.98372e-05 8.77531e-05 
-0.000495178 7.25635e-05 
-0.000122766 3.93509e-05 
-1.84679e-05 0.000176129 
1.87305e-05 -1.52314e-05 
0.00128463 -0.00727259 
-2.8772e-05 5.53178e-05 
-8.66871e-05 -0.000109147 
-4.7863e-07 1.82397e-05 
-0.00011374 1.16299e-05 
-0.000113596 -0.000407336 
-8.90305e-05 1.61377e-05 
2.38528e-05 -0.000206478 
-0.000184595 2.29083e-05 
-0.000116507 -0.00019866 
-5.62479e-05 -4.84563e-05 
-3.94591e-05 6.83513e-05 
-6.18239e-05 -0.000107859 
2.58359e-05 4.54085e-05 
-9.74217e-05 -3.84897e-05 
-0.000550322 -2.7108e-05 
4.67958e-06 5.31947e-05 
-0.000128282 -1.01933e-05 
-7.17868e-05 -9.42397e-05 
-0.000112137 -5.35042e-05 
-0.000106292 -0.000185155 
-0.000104278 -0.000268254 
-4.2571e-05 0.000235337 
-0.000259564 1.00379e-05 
0.000117866 0.000218453 
-0.000362354 1.17065e-06 
-4.30668e-05 3.59759e-05 
-0.000101767 2.52718e-05 
-0.00038909 7.43919e-05 
-0.00013091 7.63242e-05 
-0.000128441 -2.1429e-05 
-0.000295538 -4.48752e-05 
-0.000152486 3.56231e-05 
-8.22488e-05 4.23525e-05 
-5.95327e-05 -3.49429e-05 
