-1.0755 -1.9606 
-1.89741 2.90313 
-1.98519 3.78645 
-2.07868 5.51624 
-3.71941 1.83485 
-4.11766 -8.60631 
2.63058 10.0211 
-1.03166 -2.9074 
-2.00883 12.5801 
-6.94513 1.2869 
-4.34762 4.57828 
1.07001 9.15638 
-0.99952 2.77935 
-0.369501 10.809 
-1.04396 1.48277 
-0.914813 5.54163 
7.73434 8.12146 
-1.33841 0.63156 
0.092589 -12.0566 
-1.73052 1.36044 
-5.57667 0.982799 
-2.30031 1.02892 
13.2329 -1.101 
-0.986916 6.7278 
12.4673 14.8108 
-0.115435 -1.69895 
-8.47969 -0.413242 
-2.72724 2.40092 
11.6479 -3.24361 
-2.34595 -1.6856 
-0.39431 6.10389 
3.53165 3.74238 
-1.04605 -6.56378 
1.33443 7.4401 
15.6058 -7.2749 
8.18589 -1.38891 
-5.41588 -3.39941 
-8.57047 3.42787 
3.35648 -3.68901 
-0.916909 3.46285 
-1.72868 8.24406 
-2.17383 5.06829 
1.98036 -0.353142 
9.37476 5.67433 
-4.28631 1.19677 
-1.49323 5.28827 
-0.13362 6.56068 
-2.39288 8.94319 
7.44028 0.933171 
-3.16075 17.0844 
