-0.00013656 -9.00646e-05 
-1.80385e-05 -2.68518e-05 
-0.000103433 -6.34991e-05 
-4.71954e-05 -9.38069e-05 
-5.0003e-05 -0.000102643 
3.51183e-05 -6.85982e-05 
-0.000131877 -3.05197e-06 
-6.61397e-05 -7.86233e-05 
-6.60579e-05 -3.03287e-05 
-0.000198469 5.86942e-05 
-0.000116485 -6.34188e-05 
0.000116546 -8.21156e-05 
-4.29961e-05 -3.29026e-05 
-0.000157276 8.14522e-05 
-4.94959e-05 -0.000124089 
0.000533264 0.000928286 
-0.000197944 -5.88235e-05 
4.02914e-05 8.8034e-06 
-4.31219e-05 -9.70111e-05 
-6.64092e-05 3.92359e-06 
-0.000122212 -1.63563e-05 
-0.000100203 -3.47385e-05 
-7.12347e-05 -0.000273964 
8.83042e-05 -0.000101023 
-7.39954e-05 -0.000145963 
-0.000100568 0.000109434 
2.46904e-05 1.50054e-05 
-0.000158412 -0.000142762 
-0.000106164 -8.96916e-05 
-6.5484e-05 -1.66824e-05 
0.000546437 -7.08407e-06 
-0.000133068 6.83857e-05 
-0.00026453 -3.86838e-05 
-4.71377e-05 -5.85884e-05 
-3.29206e-05 0.000142323 
-1.46643e-05 -4.07107e-05 
0.00029991 -2.18882e-05 
-3.86586e-05 3.13269e-05 
-5.54207e-05 3.93613e-05 
-0.00011624 0.000307501 
-8.16843e-05 -0.000186915 
-0.000169481 -7.88391e-05 
7.6365e-05 -4.03806e-05 
7.87127e-06 -9.3634e-05 
-0.00010559 -3.00669e-06 
-0.00012127 8.93434e-05 
-2.40234e-05 -6.11742e-05 
-0.000153357 -6.48686e-05 
-0.000127274 -3.16376e-05 
-0.000163736 -2.44495e-05 
