4.37656e-05 -3.85632e-05 
-8.27315e-06 -5.5104e-05 
-5.04086e-05 -0.000174366 
-4.40832e-05 2.36266e-05 
-5.32072e-05 3.66296e-05 
-9.38556e-05 0.00013745 
-5.00273e-05 -7.39964e-05 
-4.09448e-05 -0.000119542 
-8.12092e-05 -0.000178211 
9.72336e-06 -0.000279235 
-3.49911e-05 -6.46021e-05 
-0.000301849 -3.03421e-06 
2.3071e-06 -0.000171462 
2.37067e-05 -0.000161341 
-4.31962e-05 -2.71148e-05 
0.00100249 -0.00275169 
7.43867e-05 -0.000146325 
2.523e-05 -0.000172992 
-5.07768e-06 7.24163e-05 
-3.9524e-05 -0.0001634 
-4.41944e-05 7.16253e-05 
-1.21811e-05 -0.000177909 
-1.2982e-05 -3.38301e-05 
-5.5335e-05 -1.64515e-05 
-3.23528e-05 -0.000164838 
-6.88911e-05 -9.16238e-05 
-7.52554e-05 -0.000271697 
6.13515e-05 -0.000136171 
-5.69804e-06 -0.000125999 
-9.79724e-05 -0.000147968 
-0.000697813 -0.000270973 
2.08543e-05 -0.000235744 
0.000275627 -0.000128181 
-3.74783e-05 -0.000202998 
-1.83164e-05 -0.000335827 
3.49462e-05 -0.000155309 
-0.00021437 -0.000130533 
-5.06739e-05 0.000333194 
-4.28786e-06 -0.000180831 
-0.000196549 0.000391966 
-3.05491e-05 -0.000105931 
-9.63843e-05 -0.000146133 
-6.30936e-05 5.47899e-05 
-5.31606e-05 0.00011902 
-3.4037e-05 -7.27699e-05 
-5.28085e-05 -0.000177753 
-9.85362e-06 -0.000114082 
-7.94098e-05 -0.000181383 
-4.54136e-05 -0.000160218 
-9.03932e-06 -0.000122961 
