-9.099 -22.5665 
-1.90654 2.64566 
-1.32973 4.16516 
-1.30323 7.09387 
-3.72213 1.0407 
1.02567 0.0593735 
-1.29273 7.22206 
1.97488 -3.27501 
-1.87579 1.32206 
2.2725 2.66617 
-2.54818 7.49975 
-0.842716 12.6553 
-0.481379 3.5808 
-2.9865 20.3373 
-5.16067 5.02976 
-2.60338 -3.14682 
7.73062 9.10327 
-3.95049 1.60289 
-3.83817 -10.2735 
-1.94747 2.82043 
31.7431 5.22096 
-4.24428 -0.61129 
4.33143 3.89104 
-1.82468 4.69319 
7.96421 26.8341 
-0.833274 7.36867 
-1.83085 -1.46996 
-2.28811 3.23603 
3.65216 -21.8016 
-6.83316 0.385889 
0.269893 3.09581 
3.71156 7.77565 
-1.3971 11.5212 
0.419382 -1.56362 
20.8552 -9.96709 
6.54807 0.129785 
-2.75136 2.45487 
-3.51995 2.89137 
-1.24418 4.17666 
-0.661993 -4.73966 
-1.87562 8.15951 
-1.68261 4.29863 
-2.11008 12.3157 
11.3804 3.56587 
-4.15001 10.2305 
-0.776324 4.92824 
1.47222 12.9304 
-2.11939 -1.5999 
-0.580858 1.69113 
-4.80153 12.0476 
