2.09055e-05 -0.000275011 
-3.25186e-05 -0.000163863 
-5.73322e-05 -0.000194637 
1.30572e-05 -4.26603e-05 
-5.49955e-05 -0.000251951 
-4.87994e-05 -0.000124439 
1.31431e-05 -8.60945e-05 
-6.56971e-05 -5.39313e-05 
-7.34324e-05 -0.000126042 
-0.000110586 -0.00012916 
-2.41646e-05 3.75415e-05 
0.00015204 -0.00021796 
-5.73941e-05 -0.000178694 
-2.24978e-05 1.43307e-05 
-4.97288e-05 -0.000103614 
0.00119562 -0.00107505 
-0.000140739 -0.000156696 
-0.000107005 -0.000183649 
-2.58864e-05 -0.000206582 
3.44741e-05 -0.00017132 
-0.000105112 -2.75943e-05 
-5.40216e-05 -0.000114533 
8.69458e-05 -0.00024824 
-3.577e-05 -0.000140553 
-3.834e-05 -0.000166759 
-5.01969e-05 -0.000152176 
-6.9156e-05 0.000201683 
-9.06085e-05 -0.000194893 
-2.54829e-05 7.76369e-05 
-5.1349e-05 -0.000155424 
-1.86747e-05 -0.000140691 
-1.06123e-05 -0.000160943 
-0.000273033 -0.000217405 
-4.92237e-05 -0.000155188 
-7.88205e-05 -0.000109115 
-0.000103173 -0.000185354 
1.39729e-05 -0.000236274 
-3.80463e-05 0.000213268 
-3.87657e-05 -0.000166422 
9.64885e-05 -0.000174859 
-6.89118e-05 -0.00024395 
-9.56009e-06 -0.000113125 
-5.88732e-05 8.26497e-05 
-5.01225e-05 -0.000189198 
-0.000180526 -0.000238575 
-3.7058e-05 -0.000116242 
-3.05164e-05 -0.000194556 
1.63552e-06 -0.000177911 
-3.92123e-05 -0.000143998 
-5.72669e-05 -0.000168176 
