1.56084e-06 5.40808e-05 
-3.80679e-05 4.7768e-05 
-5.36178e-05 -2.21876e-05 
-3.59255e-05 8.10686e-06 
-5.11685e-05 -6.63234e-05 
-7.81755e-05 0.00011254 
-3.84163e-05 -0.000140037 
-3.59614e-05 -7.4033e-05 
-6.35073e-05 -0.000110275 
-6.98956e-05 -5.32855e-05 
-3.15789e-05 0.0001898 
-7.40953e-05 -0.000120077 
-5.85994e-05 -0.000164586 
-4.62184e-05 -0.000147359 
-4.72421e-05 4.47695e-06 
0.00118678 -0.00234486 
-3.46653e-05 -8.40697e-05 
-9.17451e-05 -0.000198689 
-2.53548e-05 -9.42162e-05 
-4.61417e-05 -0.000148268 
-0.000111609 -9.55014e-05 
-1.09297e-05 -5.56792e-05 
-7.76953e-05 -0.000147538 
-3.70876e-05 -3.19196e-05 
-3.29751e-05 -0.000154351 
-4.18839e-05 -0.000127445 
-6.21025e-05 -0.000114991 
-3.26912e-05 -4.63516e-05 
-9.80255e-06 0.000108849 
-0.000118547 -9.56604e-05 
-0.000220142 -5.45334e-05 
-7.07087e-05 -7.79354e-05 
-0.000119731 -0.000137594 
-4.90838e-05 -9.19997e-05 
-4.18027e-05 -0.000107583 
-3.94427e-05 9.37719e-06 
-0.000105455 -0.000225408 
-5.21972e-05 0.000491965 
-2.84222e-05 -0.000160304 
-0.00010305 -0.000123527 
-7.4157e-05 -0.000224091 
-3.24497e-05 -0.000127223 
-4.35966e-05 0.00014207 
-4.52763e-05 -5.75354e-05 
-6.00527e-05 -5.94517e-05 
3.54539e-07 -0.000123176 
1.51943e-05 -0.000105923 
-3.38219e-05 -9.17357e-05 
-4.56325e-05 -5.88975e-05 
-1.94709e-05 -9.22625e-06 
