-3.84583e-05 0.000118839 
-7.51077e-05 8.07966e-05 
-5.65916e-05 3.50144e-05 
-3.08709e-05 1.9539e-05 
-6.10612e-05 -8.06462e-05 
-5.04989e-05 0.000210394 
-6.2649e-05 -0.000144233 
-3.82392e-05 -8.15972e-05 
-0.000104514 -5.56016e-05 
-4.01982e-05 2.09131e-06 
-6.76563e-05 0.000218998 
-0.000234985 1.90628e-05 
-6.82279e-05 -8.65234e-05 
-9.18696e-05 -3.57636e-05 
-6.7049e-05 2.9236e-05 
-0.00124979 -0.00100822 
-4.15823e-05 -1.44423e-05 
5.95036e-05 -0.00018676 
-6.96642e-05 -1.7125e-05 
-0.000127347 -2.67158e-05 
-0.000107281 -8.98073e-05 
-3.02347e-05 -1.14975e-05 
-0.000145621 1.84297e-05 
-7.57209e-05 2.71726e-05 
-3.32123e-05 -9.4423e-05 
-5.7871e-05 -7.44038e-05 
-4.64495e-05 -0.000175188 
-2.65381e-05 6.12782e-05 
-5.14878e-05 3.79145e-06 
-0.000143551 -0.000104874 
-0.00053795 5.55331e-05 
-0.000121647 -8.54759e-05 
3.07217e-05 3.78546e-05 
-4.8976e-05 -5.49719e-05 
-8.76762e-05 -5.25747e-05 
-3.88317e-05 6.54632e-05 
-8.91167e-05 -3.56497e-05 
-7.41479e-05 0.000158763 
-7.5202e-05 -0.000119575 
-0.000134853 -6.21891e-05 
-7.22408e-05 -0.000195778 
-7.28402e-05 -9.59068e-06 
-5.63887e-06 -4.01255e-05 
-6.77071e-05 4.05608e-05 
2.03908e-05 7.57571e-05 
-8.8875e-05 -2.49762e-05 
-5.06746e-05 -6.78345e-05 
-8.62257e-05 -2.56809e-05 
-5.14528e-05 -8.98723e-05 
1.01522e-05 8.81563e-06 
