-0.00011816 -0.000344058 
-8.54278e-05 -5.59996e-05 
-8.35412e-05 -4.38159e-05 
-6.12728e-05 -5.53468e-05 
-7.19268e-05 -8.34373e-05 
-7.39428e-05 -2.17032e-05 
-9.0868e-05 -7.53409e-05 
-9.52438e-05 -6.70673e-05 
-8.21398e-05 -8.73823e-05 
-0.000104568 -2.73659e-05 
-7.95012e-05 9.47019e-06 
-6.1159e-05 -7.55131e-05 
-7.77365e-05 -9.61978e-05 
-8.49628e-05 -2.80014e-05 
-7.6818e-05 -4.22062e-05 
-0.00301699 -0.000183767 
-6.93954e-05 -5.41916e-06 
3.98014e-05 -0.000165036 
-7.93548e-05 -5.33073e-05 
-0.00016881 -7.81985e-05 
-6.06605e-05 -1.33838e-05 
-7.57506e-05 -7.62532e-05 
-7.65182e-05 -8.27179e-06 
-8.99702e-05 -6.9901e-05 
-7.66725e-05 -9.72096e-05 
-8.67977e-05 -4.71602e-05 
-9.92246e-05 -4.0871e-05 
-3.90317e-05 3.27604e-05 
-8.77448e-05 -5.81648e-05 
-0.000136904 -9.19728e-05 
-0.000514758 -0.000132587 
-9.74437e-05 -4.69675e-05 
-0.000133369 -7.0624e-05 
-7.69338e-05 -9.11344e-05 
-8.09232e-05 -1.05761e-05 
-8.50307e-05 -0.000182408 
-0.000123184 -0.000110149 
-6.22543e-05 -0.000164235 
-8.22601e-05 -5.38145e-05 
-0.000247177 -0.000139501 
-8.83972e-05 -7.0148e-05 
-0.000135841 -3.54609e-05 
8.12386e-05 8.42878e-05 
-7.96038e-05 -9.2578e-05 
2.65286e-05 -6.67702e-05 
-0.000103976 -0.000159803 
-0.000103294 -6.37293e-05 
-9.2742e-05 -8.42818e-05 
-6.47572e-05 -8.97293e-06 
-9.28507e-06 -8.25565e-05 
