-0.000107731 -0.000150565 
-8.13052e-05 -3.31173e-05 
-9.63459e-05 -8.80856e-05 
-3.17385e-05 -0.000112499 
-6.62135e-05 -1.49443e-05 
-5.64656e-05 4.87756e-05 
-8.08278e-05 -0.000113192 
-6.47878e-05 -5.38079e-05 
-8.92446e-05 -7.16401e-05 
-8.73436e-05 -4.64347e-05 
-8.11658e-05 -0.000128587 
6.25666e-05 -2.1153e-05 
-7.06846e-05 -7.86415e-05 
-0.00010579 -5.0579e-05 
-7.15501e-05 -7.02082e-05 
0.00279636 -0.000990012 
-7.3629e-05 2.26778e-05 
-8.67459e-06 4.43836e-05 
-7.27413e-05 -6.92989e-05 
-0.000104536 -4.93269e-05 
-5.43379e-05 -2.02581e-05 
-7.75555e-05 -5.30751e-05 
-7.70719e-05 -4.61051e-05 
-8.04744e-05 -7.55143e-05 
-8.89388e-05 -6.27169e-05 
-6.19308e-05 -5.45964e-05 
-7.75886e-05 1.2034e-05 
-5.19134e-05 -4.96169e-05 
-8.67622e-05 -1.06868e-05 
-0.000132229 -7.17363e-05 
0.000391022 -8.53131e-05 
-5.65035e-05 -6.06241e-05 
-0.00020024 -8.70842e-05 
-7.22927e-05 -7.18539e-05 
-8.27362e-05 -2.75529e-05 
-7.59456e-05 -7.94392e-05 
-5.22801e-05 -0.000172129 
-2.49822e-05 -0.000302992 
-8.31748e-05 -4.66223e-05 
-0.000136384 -5.66562e-05 
-8.28943e-05 -9.56041e-05 
-6.22452e-05 -7.92548e-05 
-5.52757e-05 -0.000120811 
-8.19843e-05 -4.11323e-05 
-0.000110199 -9.91099e-05 
-8.96606e-05 -8.19774e-05 
-5.58586e-05 -3.80929e-05 
-6.09594e-05 -7.6826e-05 
-8.68794e-05 -6.79597e-05 
-8.06237e-05 -0.000138519 
