0.0378993 -22.8704 
-1.89515 2.80442 
-1.35223 4.24643 
-1.10414 6.56658 
-2.79077 3.50046 
3.63514 6.8812 
-3.64717 -2.30072 
0.118549 -0.850937 
-1.80563 -4.98646 
3.42087 4.00496 
-1.55545 4.22734 
-2.32665 6.81202 
-1.27403 2.46933 
-1.12942 7.00609 
2.15554 1.14994 
-3.61751 -9.26511 
4.91676 -10.4073 
-2.91876 2.18082 
-2.24086 0.796054 
-2.03728 3.90471 
19.0623 3.54989 
-4.62946 1.52185 
-3.10615 6.91229 
-2.45453 1.99867 
-7.51015 -6.24493 
-2.50409 11.47 
1.61695 1.50719 
-1.41074 3.78088 
4.84816 0.952936 
-6.07849 -0.161649 
1.70362 -0.84245 
-4.43347 -0.326172 
-2.16999 18.8137 
-3.21963 -3.71907 
-8.14647 4.75057 
-3.28351 3.26628 
-0.631262 5.01285 
2.03668 2.50642 
0.112647 5.3135 
-2.86273 -8.34792 
-1.8876 3.84344 
-1.47064 4.38608 
-0.966441 2.47635 
1.28262 3.14571 
-1.48323 2.85084 
-1.66444 4.41729 
-1.7291 1.96928 
-2.10179 -3.41291 
-6.78275 -1.71282 
-0.859481 -3.04562 
