-7.63197e-05 2.99752e-05 
-8.04397e-05 -5.57576e-05 
-8.30048e-05 -3.24355e-05 
-3.06895e-05 -7.45664e-05 
-8.65664e-05 -0.00011522 
-9.24541e-05 -3.45756e-05 
-7.83851e-05 -8.68993e-05 
-5.1907e-05 -4.15311e-05 
-9.25409e-05 -2.9977e-05 
-7.09569e-05 -6.04101e-05 
-8.28853e-05 -1.24586e-05 
-4.28958e-05 -6.6964e-05 
-7.75448e-05 -7.07844e-05 
-8.18533e-05 -4.66711e-05 
-8.10791e-05 -3.50546e-05 
0.000719094 -0.000750467 
-8.30044e-05 1.05906e-06 
-0.000136224 -0.000175516 
-7.17125e-05 -6.93272e-05 
-3.25661e-05 -2.73895e-05 
-7.19814e-05 -2.82867e-05 
-8.37647e-05 -3.38332e-05 
-8.16487e-05 -7.38767e-05 
-8.23773e-05 -3.05279e-05 
-9.29612e-05 -2.1486e-05 
-5.16835e-05 -5.36404e-05 
-8.14494e-05 -3.20752e-05 
-0.00012726 -9.9724e-05 
-8.3984e-05 -2.53566e-05 
-0.000108667 -5.44256e-05 
0.000290524 -3.24498e-05 
-3.97202e-05 -1.59316e-05 
-0.000173398 -5.70627e-05 
-7.28739e-05 -4.35811e-05 
-8.40928e-05 -4.15369e-05 
-7.98044e-05 1.69923e-05 
-6.80047e-05 -4.81202e-05 
-7.08181e-05 -0.000254269 
-8.38424e-05 -4.13731e-05 
-4.18412e-05 1.56916e-05 
-7.91498e-05 -7.51186e-05 
-2.48433e-05 -7.83726e-05 
-5.29803e-05 -9.16452e-05 
-8.75326e-05 -8.96686e-06 
-0.000169549 -8.47706e-05 
-7.51373e-05 -6.01226e-06 
-5.20495e-05 -2.08117e-05 
-3.43393e-05 -6.69791e-05 
-0.000100778 -8.67975e-05 
-0.000117065 -0.000106448 
