-7.32966e-05 -0.000150707 
-8.19695e-05 -5.49597e-05 
-9.01375e-05 -6.96538e-05 
-0.000135814 -1.88375e-05 
-6.27644e-05 -0.000108327 
-9.51654e-05 -3.26073e-05 
-8.56728e-05 -1.95305e-05 
-9.38534e-05 -4.65366e-05 
-7.67625e-05 -5.56213e-05 
-9.89418e-05 -3.71077e-05 
-8.33449e-05 8.00211e-05 
-0.000180035 -3.81058e-05 
-8.71939e-05 -3.76654e-05 
-6.59303e-05 -4.36613e-05 
-8.66953e-05 -3.11644e-05 
-0.00135152 0.000254744 
-9.07048e-05 -3.09475e-05 
5.1118e-05 -0.000218009 
-9.3566e-05 -4.0974e-05 
-0.0001224 -2.38487e-05 
-8.66519e-05 -3.74784e-05 
-8.46974e-05 -4.63077e-05 
-8.298e-05 -3.02791e-05 
-8.53933e-05 -2.00155e-05 
-8.41953e-05 -0.000122588 
-8.26309e-05 -4.55267e-05 
-0.00011614 -6.60474e-05 
-0.00011046 -6.22446e-05 
-8.26041e-05 -6.09255e-05 
-0.000108002 -4.74483e-05 
-0.00132353 -1.38508e-06 
-0.000105437 -2.60102e-05 
-5.77321e-05 -4.38947e-05 
-8.62756e-05 -4.54207e-05 
-8.21811e-05 -2.24663e-05 
-8.28975e-05 -9.1447e-05 
-7.62146e-05 2.28329e-05 
-0.000138226 7.03241e-05 
-8.36779e-05 -5.04498e-05 
-0.000108115 -8.35755e-05 
-8.56454e-05 -1.70408e-05 
-0.000107154 -6.38189e-05 
-2.54185e-05 0.000130411 
-8.47145e-05 -3.17887e-05 
-7.0309e-05 -6.24604e-05 
-6.68767e-05 -9.41644e-05 
-8.73899e-05 -3.66908e-05 
-7.30562e-05 -7.49514e-05 
-7.34867e-05 -3.24514e-05 
2.21376e-05 7.02689e-06 
