-7.91112e-05 -9.06192e-05 
-8.95447e-05 2.25345e-05 
-8.58349e-05 -3.6821e-06 
-5.49311e-05 -1.51187e-05 
-0.000101144 -3.65024e-05 
-7.68528e-05 8.9912e-06 
-8.72938e-05 2.73903e-05 
-6.57886e-05 -2.40974e-05 
-8.67002e-05 -1.41012e-05 
-8.05163e-05 -7.91508e-06 
-8.69712e-05 -5.54525e-05 
9.30678e-05 1.42424e-05 
-8.66651e-05 -2.41925e-05 
-7.57863e-05 -2.64865e-05 
-8.50301e-05 -1.18014e-05 
-4.57213e-05 -4.4762e-05 
-8.79342e-05 -2.55308e-05 
-5.69434e-05 4.31187e-06 
-8.52761e-05 2.61888e-05 
-6.30311e-05 -1.11168e-05 
-5.21646e-05 3.96294e-05 
-8.53199e-05 -2.77938e-05 
-8.1821e-05 -1.51386e-05 
-8.68831e-05 -1.43052e-05 
-8.73093e-05 8.85496e-05 
-8.56023e-05 1.03722e-06 
-9.24655e-05 -5.67603e-05 
-0.000132338 -8.69837e-05 
-8.70484e-05 -5.11029e-06 
-0.000106205 -3.2633e-05 
0.00115914 -4.61021e-05 
-7.41203e-05 2.85206e-06 
-8.81523e-05 -8.72322e-06 
-9.33418e-05 -2.46242e-05 
-8.48585e-05 -6.63854e-06 
-8.80105e-05 3.75781e-05 
-8.05499e-05 -4.77479e-05 
-2.87381e-05 -0.000201351 
-8.5978e-05 1.05049e-05 
-0.000109969 -1.48822e-05 
-8.51598e-05 -2.10611e-05 
-5.13818e-05 2.64274e-05 
-9.47899e-05 -0.000127937 
-8.06627e-05 -1.71446e-05 
-0.000136965 8.96281e-06 
-0.000103034 2.52936e-05 
-5.02994e-05 -2.16463e-05 
-7.5025e-05 -5.65964e-05 
-9.46006e-05 -6.06358e-05 
-4.60332e-05 -2.93635e-05 
