-6.87593e-05 -1.92709e-05 
-7.36931e-05 1.04671e-05 
-7.30813e-05 -1.79209e-05 
-4.28682e-05 -1.7845e-05 
-0.00010212 -0.000165395 
-7.80396e-05 -1.98198e-05 
-7.52064e-05 2.25382e-05 
-6.20933e-05 -2.47756e-05 
-7.23136e-05 -5.55317e-05 
-7.42611e-05 -3.05116e-05 
-7.40252e-05 -5.51876e-05 
-0.00016571 9.54652e-06 
-8.34111e-05 -3.00812e-05 
-6.63877e-05 -2.14e-05 
-8.17173e-05 -8.62384e-06 
5.82549e-05 -0.000412586 
-7.55168e-05 -4.71511e-05 
-0.00018268 8.1576e-05 
-7.64942e-05 -6.79447e-06 
-8.91541e-05 -1.7457e-05 
-8.54745e-05 5.71827e-05 
-7.16365e-05 -2.18323e-05 
-7.80987e-05 -6.72868e-05 
-8.75143e-05 -2.63055e-05 
-7.21596e-05 -6.70013e-05 
-8.58343e-05 -3.9878e-05 
-6.61962e-05 -2.5593e-05 
-0.000113654 -6.04093e-05 
-7.95323e-05 -3.53238e-05 
-0.000114287 -1.1912e-05 
0.000828863 -2.15652e-05 
-7.03668e-05 -2.62723e-05 
-0.000133093 -1.02884e-05 
-7.68738e-05 -1.91555e-05 
-7.26659e-05 -3.49226e-05 
-7.51742e-05 4.58488e-05 
-7.44002e-05 -3.34913e-05 
-3.97376e-05 -3.71024e-05 
-8.04613e-05 -5.11519e-05 
-9.42749e-05 -5.12024e-05 
-7.37423e-05 -2.99871e-05 
-8.34477e-05 -3.6398e-06 
1.41561e-05 -7.48274e-05 
-7.72062e-05 -1.93035e-05 
-0.000213866 -2.36612e-06 
-9.85086e-05 1.85521e-05 
-6.31851e-05 -3.31213e-05 
-5.39988e-05 -5.61005e-05 
-7.07385e-05 -3.00983e-05 
-7.09792e-05 -2.27499e-05 
