-6.52378e-05 -5.08903e-05 
-6.44159e-05 -1.66738e-05 
-6.4712e-05 -1.88063e-05 
-3.88827e-05 -1.59855e-05 
-6.30525e-05 -0.000161997 
-7.77104e-05 1.56669e-05 
-8.3157e-05 1.10308e-05 
-8.14677e-05 -1.1647e-05 
-7.08395e-05 -1.89357e-05 
-7.44513e-05 -2.20437e-05 
-6.92494e-05 2.55991e-05 
-2.34865e-05 -7.82522e-06 
-7.8451e-05 -1.13278e-05 
-6.73824e-05 -6.12129e-06 
-8.15385e-05 -8.21905e-06 
4.84616e-05 -0.000398984 
-7.3104e-05 -2.62842e-05 
-4.46304e-05 7.38409e-05 
-7.00848e-05 -3.08671e-05 
-0.000101918 -1.55334e-05 
-0.000100101 1.84061e-05 
-6.74209e-05 -3.85885e-06 
-7.75477e-05 -5.05485e-05 
-8.05642e-05 2.85718e-06 
-6.54942e-05 -0.000153485 
-7.78038e-05 -2.68531e-06 
-6.17976e-05 -5.45832e-05 
-7.57901e-05 2.69133e-05 
-7.86236e-05 -2.07397e-05 
-8.93782e-05 -2.15668e-06 
-0.00187137 6.06434e-06 
-0.00010238 4.14065e-06 
-0.000157033 -6.6283e-06 
-6.4652e-05 2.01065e-06 
-6.93699e-05 -3.32285e-05 
-7.73087e-05 2.46072e-08 
-7.05699e-05 8.97818e-05 
-7.98603e-05 9.09382e-05 
-7.16091e-05 -6.59997e-05 
-7.13822e-05 -3.23326e-05 
-8.15122e-05 1.45146e-05 
-7.4406e-05 -2.37967e-05 
7.92107e-05 9.58029e-05 
-7.95958e-05 -3.85037e-07 
-4.33427e-05 -1.44266e-05 
-8.40952e-05 1.06332e-05 
-7.35453e-05 -2.96788e-05 
-9.11569e-05 -4.09801e-05 
-5.6928e-05 -1.98045e-06 
-9.04859e-05 -6.00492e-06 
