-8.21404e-05 -7.83799e-06 
-7.54532e-05 2.51278e-05 
-6.16312e-05 1.66209e-05 
-6.94624e-05 3.107e-05 
-7.13106e-05 -0.000115603 
-6.90221e-05 1.35762e-05 
-6.94851e-05 5.29876e-07 
-8.83119e-05 2.6036e-05 
-7.24092e-05 3.60628e-05 
-7.81913e-05 3.76694e-05 
-8.50487e-05 2.50837e-06 
-3.72356e-05 1.56218e-05 
-7.18115e-05 2.92202e-05 
-7.11946e-05 2.53265e-05 
-8.0274e-05 8.01928e-06 
-0.000234423 0.000307958 
-7.14694e-05 -3.95686e-07 
-1.94939e-05 -7.98625e-05 
-7.39284e-05 1.66389e-05 
-4.90501e-05 1.83966e-05 
-5.63813e-05 -1.87159e-05 
-7.29127e-05 2.1894e-05 
-7.68966e-05 1.12355e-05 
-8.25568e-05 -1.69373e-05 
-8.70122e-05 -6.94617e-08 
-6.92231e-05 3.31955e-05 
-6.52907e-05 2.25985e-05 
-6.43248e-05 7.0857e-06 
-7.72094e-05 -6.76814e-06 
-0.000125999 -7.13925e-05 
0.00126197 -2.74957e-05 
-9.56174e-05 1.27932e-05 
-7.74291e-06 1.00098e-05 
-7.40804e-05 -2.67728e-06 
-7.25662e-05 3.17768e-05 
-7.86473e-05 -1.76116e-07 
-7.83477e-05 -4.14011e-05 
-4.8226e-05 -0.00011002 
-7.69439e-05 -2.53984e-06 
-8.1279e-05 4.94536e-06 
-7.31754e-05 2.23634e-05 
-7.47828e-05 -1.97352e-05 
-9.10387e-05 -9.49292e-05 
-8.03047e-05 7.81497e-06 
-8.39257e-05 -1.29837e-05 
-6.07773e-05 4.30742e-06 
-7.28105e-05 4.15777e-05 
-7.65232e-05 3.85064e-06 
-9.28527e-05 3.16079e-05 
4.55093e-05 2.73616e-06 
