-7.40698e-05 -1.92985e-06 
-8.02921e-05 4.63419e-05 
-7.25191e-05 1.86204e-05 
-8.85999e-05 3.53484e-05 
-9.058e-05 -0.000185592 
-7.61336e-05 1.45667e-05 
-6.02087e-05 5.83864e-06 
-6.05109e-05 2.92895e-05 
-7.15171e-05 1.48714e-05 
-5.78128e-05 5.32486e-05 
-7.45422e-05 -2.33535e-05 
-0.000149126 1.28058e-05 
-7.32195e-05 1.04917e-05 
-7.0516e-05 3.82502e-06 
-7.57154e-05 2.18951e-05 
-8.63066e-06 0.00044418 
-7.34814e-05 4.98459e-06 
-8.60173e-05 6.72389e-05 
-6.7041e-05 1.7987e-05 
-6.9233e-05 2.13486e-05 
-6.24357e-05 4.32653e-05 
-6.94067e-05 1.31224e-05 
-7.2905e-05 4.32474e-05 
-8.03932e-05 -3.8302e-05 
-6.23956e-05 5.0753e-05 
-6.8706e-05 1.04656e-05 
-5.96492e-05 7.34384e-05 
-7.09535e-05 1.75357e-06 
-7.14191e-05 -2.82136e-05 
-0.000128688 -7.55165e-05 
0.00243595 2.76726e-06 
-8.99237e-05 3.89319e-06 
-4.66207e-05 1.98454e-05 
-7.45104e-05 1.07779e-05 
-7.2252e-05 4.985e-05 
-7.23813e-05 3.10516e-05 
-7.40191e-05 -3.84868e-05 
-4.9866e-05 3.50195e-05 
-7.38692e-05 -4.87418e-06 
-7.78617e-05 -7.09566e-05 
-6.25072e-05 6.20506e-06 
-7.53712e-05 -1.46171e-05 
-1.86018e-05 -6.91359e-05 
-7.28824e-05 -5.28133e-06 
-0.000193774 2.00968e-05 
-6.52599e-05 1.369e-05 
-7.08295e-05 1.93995e-06 
-7.52923e-05 -1.35125e-05 
-6.67479e-05 1.51915e-05 
-4.93625e-05 -5.0237e-06 
