-5.53441e-05 -5.71327e-05 
-6.87005e-05 4.31669e-05 
-6.93097e-05 1.27385e-05 
-6.06787e-05 5.39238e-05 
-8.85742e-05 -0.000122574 
-6.64049e-05 2.72967e-05 
-6.56861e-05 3.44263e-05 
-5.6715e-05 5.32131e-05 
-6.45818e-05 -1.80975e-06 
-5.82505e-05 5.17906e-05 
-6.2097e-05 2.75505e-05 
5.54887e-05 4.21889e-05 
-6.40909e-05 5.08353e-05 
-6.17943e-05 5.03818e-05 
-6.29713e-05 6.82649e-05 
0.000149466 0.000175057 
-6.76211e-05 4.53149e-05 
-0.000124922 0.000168277 
-6.5541e-05 -3.85922e-06 
-7.63402e-05 1.31381e-05 
-7.63543e-05 5.59979e-05 
-6.33954e-05 3.54749e-05 
-6.8221e-05 4.64903e-05 
-7.44996e-05 8.94706e-05 
-4.44293e-05 8.78455e-05 
-6.11419e-05 1.48177e-05 
-6.71218e-05 9.98261e-06 
-7.1644e-05 2.40593e-05 
-6.93631e-05 1.47622e-06 
-6.61643e-05 -4.09597e-05 
0.000682299 7.50542e-05 
-6.2297e-05 6.74333e-05 
-7.91909e-05 4.68101e-05 
-5.99171e-05 4.49931e-05 
-6.87708e-05 6.77507e-06 
-6.2979e-05 7.28189e-05 
-6.72681e-05 0.000147905 
-6.26243e-05 0.000131191 
-7.3438e-05 7.05179e-06 
-7.21213e-05 -2.78778e-05 
-6.59308e-05 4.79568e-05 
-6.98097e-05 3.24531e-05 
-9.28994e-07 0.000215213 
-7.00719e-05 6.75481e-05 
-0.000219925 5.49926e-05 
-6.21101e-05 3.64942e-05 
-7.06374e-05 3.82749e-06 
-6.35497e-05 6.47825e-05 
-4.44221e-05 1.93012e-05 
-8.99997e-05 3.35407e-05 
