20.5464 32.768 
-1.99851 3.80109 
-1.44893 4.17278 
-1.64572 2.53421 
-1.93737 5.26522 
-0.448244 -3.97129 
1.56301 -3.67852 
-4.0843 6.18613 
-1.94038 1.30509 
-3.45341 4.36298 
-3.2919 1.6911 
-0.333114 -17.7935 
-2.03192 3.62714 
0.105883 -3.12575 
6.94633 -7.0735 
-1.88211 8.07421 
-0.170253 -24.3645 
-2.40304 -2.12945 
-1.06705 1.42135 
-2.10282 4.69606 
-4.97805 2.1022 
-1.24884 -3.96794 
-7.72665 7.50674 
-2.20682 5.09512 
-2.38322 -19.3687 
-3.27358 -0.96825 
0.339884 1.23206 
-1.9618 4.00401 
-2.83998 17.8268 
-4.30058 0.248309 
4.24419 -7.51128 
-8.00644 -5.18283 
-1.7635 4.26756 
-3.87165 5.42827 
-5.26893 8.74074 
-3.01009 2.87977 
-5.96316 -4.96234 
2.33061 2.85004 
-1.37322 5.72608 
-4.05944 -5.1498 
-2.03231 6.58255 
-2.2548 4.45714 
-1.0512 -3.54514 
-9.8353 3.50431 
-4.08349 1.48504 
-1.92004 3.88976 
-4.17055 -0.491937 
-2.0717 2.55198 
-4.41129 1.27131 
1.6667 2.07953 
