-4.87237e-05 6.87356e-07 
-5.72581e-05 2.38218e-05 
-6.09653e-05 2.8912e-05 
-5.03844e-05 4.92465e-05 
-4.42759e-05 -5.41017e-05 
-8.10839e-05 1.19204e-05 
-6.53305e-05 2.38684e-06 
-8.23416e-05 3.153e-06 
-6.46419e-05 4.30934e-05 
-8.94769e-05 6.20141e-07 
-0.000102234 3.0469e-05 
0.000235738 8.12022e-07 
-6.7696e-05 4.2804e-05 
-7.11905e-05 -1.2197e-05 
-7.26507e-05 -1.85761e-05 
-5.27818e-05 -0.000381379 
-6.98672e-05 4.96208e-07 
-1.72502e-05 -7.75088e-05 
-7.51977e-05 1.12929e-05 
-6.02729e-05 -1.0265e-05 
-6.27379e-05 6.77501e-06 
-6.47976e-05 2.97135e-06 
-6.75875e-05 1.93077e-05 
-7.46045e-05 -7.64039e-06 
-9.84043e-05 6.48935e-06 
-7.43655e-05 3.29691e-05 
-6.31216e-05 2.26795e-05 
-6.32387e-05 2.83369e-05 
-7.83314e-05 -1.418e-05 
-0.000154084 -7.78978e-05 
-0.00131402 -6.41578e-05 
-9.22459e-05 -1.99308e-05 
5.98278e-06 4.38431e-06 
-5.82116e-05 2.89097e-05 
-6.71085e-05 1.20901e-05 
-7.57837e-05 4.0266e-06 
-6.96703e-05 -1.90716e-05 
-5.35538e-05 0.000117137 
-6.68516e-05 -5.87783e-05 
-5.86823e-05 5.4161e-05 
-8.1823e-05 5.24325e-06 
-6.68787e-05 -2.98124e-05 
-3.12531e-05 -0.000101523 
-6.38114e-05 -3.9434e-05 
8.97454e-05 -1.04235e-05 
-6.33156e-05 6.39099e-05 
-6.52101e-05 2.46513e-05 
-6.88256e-05 2.14887e-05 
-9.1582e-05 2.34479e-05 
0.000108054 -3.50269e-05 
