-8.48581e-05 -1.794e-05 
-6.68865e-05 1.80739e-05 
-6.50631e-05 2.34809e-05 
-0.000100586 2.33714e-05 
-7.79932e-05 -6.2756e-05 
-6.134e-05 2.03389e-05 
-6.07803e-05 1.52533e-05 
-9.14638e-05 3.41367e-05 
-6.36036e-05 5.84372e-06 
-5.22967e-05 3.78487e-05 
-9.1791e-05 1.56122e-05 
-0.000126408 2.58129e-05 
-7.41881e-05 2.72181e-05 
-6.69031e-05 3.43545e-05 
-7.09701e-05 3.80487e-05 
-0.000114181 0.000310763 
-6.31816e-05 1.92416e-05 
-0.000127035 0.000150016 
-5.82429e-05 1.27567e-05 
-6.86923e-05 3.25385e-05 
-5.83475e-05 3.17821e-05 
-6.57826e-05 -1.68672e-05 
-6.16391e-05 7.96127e-06 
-6.22743e-05 -1.00655e-05 
-6.47723e-05 2.7182e-05 
-7.15767e-05 2.37037e-05 
-6.28541e-05 1.10362e-05 
-6.77506e-05 5.26035e-06 
-6.3135e-05 3.17051e-05 
-0.000108206 -5.32307e-05 
0.00113466 1.64428e-05 
-6.8303e-05 -1.56319e-05 
-8.29628e-05 3.56421e-05 
-6.27826e-05 5.94287e-06 
-6.7886e-05 6.90978e-05 
-7.21669e-05 -1.59769e-05 
-6.93248e-05 -6.43147e-05 
-4.50572e-05 -3.97618e-06 
-7.47994e-05 4.59569e-05 
-6.47453e-05 -8.8531e-06 
-6.23402e-05 4.72171e-05 
-6.84562e-05 6.03947e-06 
-2.6692e-05 1.91278e-05 
-6.2014e-05 4.39161e-05 
-0.000237961 3.57054e-05 
-6.47579e-05 5.84417e-06 
-6.22511e-05 2.07338e-05 
-7.05334e-05 6.03332e-05 
-0.000114212 -4.21696e-06 
-0.000238838 4.97102e-05 
