-8.85522e-05 -4.33821e-05 
-6.28798e-05 2.17838e-05 
-6.42631e-05 2.33438e-05 
-6.57843e-05 2.62984e-05 
-6.1369e-05 -7.24816e-05 
-8.07953e-05 1.58841e-05 
-6.53809e-05 -5.97262e-06 
-6.76391e-05 2.04142e-05 
-6.63658e-05 3.40006e-05 
-9.31394e-05 1.91676e-05 
-6.05473e-05 2.27683e-05 
-0.000184571 1.88851e-05 
-5.82907e-05 7.63608e-07 
-6.76857e-05 -9.27753e-06 
-8.61103e-05 -1.3428e-05 
-0.000158007 -0.000156802 
-6.71178e-05 4.46161e-05 
-2.41284e-05 9.22516e-05 
-6.84065e-05 1.11671e-05 
-6.24422e-05 -3.64706e-06 
-5.43719e-05 1.96585e-05 
-6.55847e-05 7.23545e-07 
-6.65658e-05 2.49215e-05 
-6.21395e-05 2.61067e-05 
-8.26224e-05 -5.60179e-06 
-6.41723e-05 2.72214e-05 
-6.64758e-05 3.04066e-05 
-6.2607e-05 2.4018e-05 
-6.62023e-05 2.2035e-05 
-0.000136024 -0.000131877 
-0.000583474 -5.59526e-05 
-6.39253e-05 3.81718e-05 
-3.37138e-05 6.0476e-06 
-6.79596e-05 2.73705e-05 
-6.71904e-05 9.72003e-05 
-6.35445e-05 3.33081e-05 
-6.59033e-05 -0.000206785 
-5.09367e-05 -1.72127e-05 
-6.57742e-05 -6.57137e-06 
-5.94734e-05 2.45955e-05 
-7.22196e-05 -7.48403e-06 
-7.19121e-05 -1.61787e-05 
-6.73075e-07 -0.00015983 
-6.70169e-05 -0.000208902 
-0.0001282 2.50367e-05 
-6.48885e-05 1.62921e-05 
-6.45519e-05 2.63709e-05 
-6.31427e-05 3.47313e-05 
-8.40892e-05 -9.20628e-08 
0.000140353 2.25909e-05 
