-5.11939e-05 -2.74431e-05 
-6.57349e-05 1.38165e-05 
-6.50579e-05 3.62432e-06 
-7.5316e-05 3.80117e-05 
-6.88371e-05 -0.000108757 
-6.51087e-05 -2.25898e-06 
-6.29781e-05 8.25911e-07 
-7.22518e-05 2.78021e-06 
-6.53321e-05 -2.55515e-05 
-5.9084e-05 1.27464e-06 
-7.03439e-05 -5.9566e-06 
-0.000113299 1.61265e-05 
-6.9586e-05 1.74882e-05 
-7.07626e-05 1.44494e-05 
-8.52488e-05 1.89884e-05 
-0.000151206 0.000121495 
-6.40068e-05 1.14633e-05 
-0.00010765 -4.92169e-05 
-5.81642e-05 7.23095e-06 
-6.80207e-05 7.9197e-06 
-6.86887e-05 2.67162e-06 
-7.10069e-05 9.6409e-06 
-6.17021e-05 -1.27466e-05 
-6.6081e-05 -2.61592e-05 
-0.000100144 1.70306e-05 
-6.68214e-05 -6.32817e-06 
-6.63231e-05 -1.00191e-05 
-6.25119e-05 -5.76141e-06 
-6.52552e-05 2.60808e-05 
-9.10727e-05 -7.00824e-05 
-0.000210883 2.06522e-05 
-6.71048e-05 -3.75931e-05 
-4.93284e-05 3.00111e-06 
-5.84288e-05 -5.17253e-06 
-6.95531e-05 -5.25437e-05 
-7.13907e-05 -5.02833e-05 
-7.08566e-05 0.000154749 
-7.83258e-05 -1.72277e-05 
-6.32436e-05 -8.87656e-07 
-6.70918e-05 1.30006e-05 
-6.68712e-05 3.57123e-05 
-6.36611e-05 9.88045e-06 
-6.75903e-06 9.86038e-05 
-6.56955e-05 0.000161999 
-0.000164718 -3.20961e-06 
-6.59842e-05 -1.86494e-05 
-6.69397e-05 1.73068e-05 
-6.39186e-05 -4.05285e-05 
-0.000129513 -2.82947e-06 
-0.000133451 -4.1165e-05 
