-8.65871e-05 1.04877e-05 
-6.41999e-05 2.14219e-05 
-6.90091e-05 2.21646e-05 
-6.9508e-05 4.00561e-05 
-7.4499e-05 7.65462e-05 
-6.17378e-05 2.11457e-05 
-6.20914e-05 1.82609e-05 
-6.61551e-05 -3.53673e-06 
-6.57993e-05 -1.05086e-05 
-5.97192e-05 2.63582e-05 
-7.39507e-05 2.73424e-05 
-4.52581e-05 7.38025e-06 
-7.73035e-05 3.11291e-05 
-7.58647e-05 1.51415e-05 
-5.71127e-05 1.39996e-05 
-8.7306e-05 -7.81268e-05 
-6.11923e-05 4.15737e-05 
-7.80912e-05 -8.50535e-05 
-5.44499e-05 1.91085e-05 
-7.09066e-05 7.91589e-06 
-5.52213e-05 6.32671e-06 
-7.13246e-05 4.05617e-05 
-6.40797e-05 4.56837e-06 
-6.93509e-05 -1.37347e-06 
-0.000113247 2.99531e-05 
-6.74836e-05 3.3767e-05 
-7.24422e-05 -1.89411e-05 
-6.68749e-05 -7.96948e-06 
-6.46059e-05 4.01366e-06 
-3.13185e-05 8.22592e-05 
-0.00202837 3.43472e-05 
-7.05184e-05 -1.34754e-05 
-1.2244e-05 1.21612e-05 
-7.26801e-05 -5.70859e-06 
-7.01684e-05 5.8892e-05 
-7.23853e-05 -1.59829e-05 
-6.89873e-05 0.000155863 
-7.65154e-05 6.14194e-06 
-6.77438e-05 4.06826e-06 
-6.11675e-05 2.47996e-05 
-6.72194e-05 3.38525e-05 
-7.2352e-05 1.83431e-05 
-1.5018e-05 0.000102964 
-6.81161e-05 0.000237923 
-0.000240224 1.78581e-05 
-6.85684e-05 3.19789e-05 
-7.33723e-05 3.80582e-05 
-6.93692e-05 1.85511e-05 
-0.000118554 1.41001e-05 
-0.000154276 3.64493e-05 
