-0.972747 8.8338 
1.64369 3.62741 
-0.51401 2.66034 
2.24903 0.667065 
1.90233 3.83876 
-2.01652 -15.9681 
12.2463 -1.55688 
1.60953 4.87546 
3.24885 5.98374 
-5.14465 2.40169 
-3.59258 0.850743 
4.10867 -13.1045 
-0.832952 4.02366 
2.14969 4.7285 
4.03278 -8.92661 
-0.986034 13.488 
2.91755 -30.5212 
-0.627101 -1.04848 
4.3469 2.00311 
1.27972 3.97625 
-20.0141 1.85841 
3.67388 1.30748 
-3.13434 5.83037 
-1.41367 6.43471 
9.33599 9.57424 
-3.49846 -9.11039 
-4.46945 1.36258 
0.253279 2.41812 
4.89325 7.47032 
-1.57531 0.304976 
5.47636 -5.31746 
5.97806 6.79147 
1.68071 -10.7174 
-3.62976 7.11686 
2.19975 8.25574 
-1.91718 2.56883 
1.67094 -1.59893 
2.54513 3.10083 
-0.857349 2.94774 
-1.14827 8.97827 
-0.154797 5.49266 
-1.92268 4.2782 
0.650337 -0.357372 
4.59587 3.34751 
-2.98643 5.29309 
3.64879 2.81873 
-5.81926 1.70622 
3.11998 -1.44284 
14.6175 2.70368 
3.75122 6.96693 
