-8.79917e-05 5.16076e-05 
-6.04911e-05 -2.20275e-05 
-5.97205e-05 -9.503e-06 
-5.87811e-05 -4.45507e-05 
-7.35105e-05 9.57871e-05 
-5.97042e-05 -2.8e-06 
-6.03974e-05 -8.4119e-06 
-5.87785e-05 -2.5725e-05 
-6.04946e-05 -1.42517e-05 
-7.27291e-05 1.3916e-05 
-7.03022e-05 -9.02502e-06 
-4.14103e-05 -2.49541e-05 
-6.2447e-05 4.70477e-05 
-6.71328e-05 4.42896e-06 
-4.40995e-05 3.38416e-07 
-6.46041e-05 -7.65305e-05 
-4.87104e-05 2.34104e-05 
-6.18226e-05 -2.98377e-05 
-5.12584e-05 -1.5156e-05 
-6.30652e-05 -1.41191e-05 
-6.25783e-05 -2.44639e-05 
-6.39787e-05 1.55758e-05 
-6.07926e-05 -5.75789e-05 
-6.28088e-05 -1.22602e-05 
-7.05275e-05 -5.30834e-06 
-5.58272e-05 6.64898e-06 
-6.46983e-05 -2.54101e-05 
-6.24122e-05 -3.28954e-05 
-6.8415e-05 8.41152e-06 
-4.13979e-05 5.22652e-05 
-0.0018902 2.6831e-05 
-6.32107e-05 -4.00652e-06 
-1.28183e-05 3.99346e-06 
-5.87818e-05 -1.65959e-05 
-6.34698e-05 1.93532e-05 
-7.42917e-05 -7.57155e-06 
-6.36641e-05 -7.2049e-05 
-6.63516e-05 -5.99974e-05 
-6.24842e-05 -1.46379e-05 
-5.68672e-05 -1.63515e-05 
-6.14869e-05 -1.3614e-05 
-7.14403e-05 -7.06159e-06 
-3.47883e-05 -2.27435e-05 
-6.1359e-05 0.00012438 
-0.000220508 -1.8962e-05 
-6.18746e-05 8.11143e-06 
-6.43086e-05 1.54763e-05 
-6.73841e-05 6.60777e-05 
-4.89586e-05 -6.47405e-06 
-0.000112429 1.12155e-05 
