-7.9585e-05 -3.25789e-06 
-6.17512e-05 -1.37818e-05 
-6.18991e-05 -3.67808e-06 
-8.22772e-05 -8.48698e-05 
-7.12705e-05 0.000146774 
-5.96984e-05 1.34366e-05 
-5.91546e-05 -6.96945e-06 
-6.4181e-05 -9.68523e-06 
-6.28716e-05 -8.54147e-06 
-6.57958e-05 8.45095e-06 
-6.20529e-05 -1.04513e-05 
-9.49252e-05 -2.05681e-05 
-5.98745e-05 2.95528e-05 
-5.923e-05 -4.6551e-06 
-7.09366e-05 8.27844e-06 
-6.22092e-05 1.16062e-06 
-5.01077e-05 -9.47836e-06 
-7.93438e-05 -1.00134e-05 
-6.31625e-05 -4.34042e-06 
-6.07799e-05 -1.85573e-05 
-6.23783e-05 2.23132e-05 
-5.77543e-05 -1.62016e-05 
-6.01507e-05 -4.55134e-05 
-6.13292e-05 -5.45712e-06 
-4.48482e-05 -1.73167e-05 
-5.70472e-05 3.09999e-06 
-6.9375e-05 -2.72579e-05 
-5.66158e-05 -2.59492e-05 
-6.52524e-05 -9.82706e-06 
-3.924e-05 9.02772e-06 
0.000655328 7.81398e-06 
-6.74596e-05 -4.69542e-06 
-4.02013e-05 -8.30953e-06 
-5.99976e-05 -6.46529e-06 
-5.79775e-05 -3.7727e-06 
-7.69127e-05 1.35776e-05 
-5.94709e-05 -0.000177325 
-6.1598e-05 -8.24441e-05 
-6.02035e-05 -2.79305e-05 
-6.16699e-05 -2.65426e-05 
-6.11718e-05 -6.98822e-06 
-7.35835e-05 1.75485e-06 
-5.63136e-05 -6.21448e-06 
-6.13941e-05 -0.000112549 
4.49419e-07 1.20464e-05 
-6.13463e-05 1.16825e-05 
-6.47876e-05 3.59247e-05 
-7.33209e-05 2.85667e-05 
-4.31383e-05 -1.99804e-06 
0.00017958 -3.14456e-05 
