-5.27065e-05 -3.21121e-05 
-5.36371e-05 -1.67789e-05 
-5.98783e-05 -3.11606e-05 
-4.75017e-05 -1.82057e-05 
-5.49962e-05 -0.000336626 
-5.63768e-05 -4.41722e-05 
-5.87855e-05 -1.6173e-05 
-6.63779e-05 -4.43841e-06 
-5.50624e-05 -3.21414e-05 
-5.74726e-05 1.85951e-05 
-5.55342e-05 -6.91855e-07 
3.72165e-06 9.64419e-06 
-5.37347e-05 -3.73871e-05 
-5.58301e-05 -1.68766e-05 
-8.35913e-05 -3.40502e-05 
-5.24971e-05 1.92671e-05 
-5.60749e-05 -5.20256e-05 
-6.34136e-05 1.54955e-05 
-5.25973e-05 -1.4902e-05 
-5.91717e-05 -3.27322e-05 
-5.93554e-05 -1.22794e-05 
-6.53767e-05 -2.42029e-05 
-5.28341e-05 -1.93201e-05 
-6.02854e-05 -4.23235e-05 
-0.000116096 -1.41823e-05 
-5.60966e-05 -1.24589e-05 
-5.1811e-05 -2.43679e-05 
-6.0572e-05 -2.81339e-05 
-5.10965e-05 -3.77625e-06 
-5.43844e-05 -1.79235e-05 
-0.000366451 1.01122e-05 
-6.30132e-05 -4.89061e-05 
-5.83032e-05 -2.10098e-05 
-5.86623e-05 -3.04682e-05 
-6.46756e-05 1.14021e-05 
-6.21819e-05 -2.59949e-05 
-5.67525e-05 0.000106347 
-5.41627e-05 1.74607e-05 
-6.1811e-05 -1.20338e-05 
-5.62389e-05 5.47603e-06 
-5.5015e-05 -2.32231e-05 
-5.41021e-05 -1.24964e-05 
-5.94353e-05 -1.21228e-05 
-5.76481e-05 -0.000111717 
-5.59382e-05 -2.93746e-05 
-5.8651e-05 -2.78146e-05 
-4.88245e-05 -5.00845e-06 
-4.94987e-05 -1.62027e-07 
-5.39058e-05 -3.88215e-05 
-0.000143703 -2.97408e-05 
