-4.64414e-05 -3.00576e-05 
-5.09915e-05 -3.35799e-05 
-4.57668e-05 -3.30619e-05 
-3.6982e-05 -4.49575e-05 
-4.87456e-05 -2.57865e-05 
-5.69321e-05 -3.31311e-05 
-4.99841e-05 -3.09254e-05 
-6.40366e-05 -3.12322e-05 
-5.24314e-05 -3.67516e-05 
-6.97667e-05 3.76634e-05 
-6.29389e-05 -2.34151e-05 
-5.18946e-05 -4.14633e-05 
-3.50256e-05 -4.35444e-05 
-3.99659e-05 -3.21159e-05 
-4.54918e-05 -2.06242e-05 
-5.28081e-05 -1.50492e-05 
-5.35615e-05 -2.20673e-05 
-5.58346e-05 -4.07008e-05 
-3.61467e-05 -3.33106e-05 
-4.56262e-05 -1.4833e-05 
-5.48608e-05 -3.3585e-05 
-5.04614e-05 -1.52695e-05 
-4.9187e-05 -3.94389e-05 
-5.7956e-05 -3.91e-05 
-3.94317e-05 -4.26858e-05 
-4.47587e-05 -3.22501e-05 
-4.22963e-05 -3.33465e-05 
-4.68056e-05 -2.71811e-05 
-4.57074e-05 -3.51798e-05 
-4.91962e-05 4.22542e-05 
1.86093e-05 -3.50294e-05 
-3.8389e-05 -3.90525e-05 
-5.36439e-05 -3.0514e-05 
-4.83702e-05 -3.69376e-05 
-4.52996e-05 6.56139e-06 
-2.96573e-05 -3.62878e-05 
-5.41276e-05 -0.000140966 
-5.9522e-05 -4.4002e-05 
-4.99521e-05 -3.01727e-05 
-4.66834e-05 3.01128e-05 
-4.80119e-05 -3.16113e-05 
-5.55735e-05 -3.06117e-05 
-4.70798e-05 -2.99666e-05 
-4.49478e-05 -0.000164896 
-2.44855e-05 -1.81008e-05 
-4.75338e-05 -4.08625e-05 
-6.36451e-05 -3.60143e-05 
-5.468e-05 -2.20987e-05 
-4.17883e-05 -3.58271e-05 
-6.76741e-05 -4.13062e-05 
