-6.25084e-05 -2.60917e-05 
-4.78105e-05 -1.80862e-06 
-5.45966e-05 -2.09284e-05 
-5.69139e-06 -8.26176e-05 
-6.84934e-05 -6.4081e-05 
-5.57866e-05 -3.31084e-05 
-4.68852e-05 -3.16819e-05 
-4.17071e-05 -2.09798e-05 
-5.01947e-05 -2.35541e-05 
-4.27361e-05 -1.42263e-05 
-5.56281e-05 2.11095e-05 
-5.73153e-05 -4.3922e-05 
-5.86879e-05 -3.64852e-05 
-3.4402e-05 -3.16299e-05 
-7.67402e-05 9.34705e-06 
-5.10206e-05 -2.31289e-05 
-5.00441e-05 -2.28426e-05 
-5.16291e-05 -4.89223e-05 
-5.83261e-05 -3.55871e-05 
-5.15948e-05 -1.53403e-05 
-4.63708e-05 -3.34726e-05 
-4.52415e-05 -2.91455e-05 
-5.06061e-05 -3.31512e-05 
-5.91335e-05 -1.03004e-05 
-4.65161e-05 -2.89485e-05 
-4.22345e-05 -3.01989e-05 
-5.35649e-05 -3.23396e-05 
-5.91815e-05 -2.05631e-05 
-4.84719e-05 -3.07677e-05 
-4.85451e-05 -4.84628e-05 
-0.000168358 -3.07133e-05 
-4.80553e-05 -4.40696e-05 
-4.70959e-05 -2.55916e-05 
-4.57708e-05 -4.73658e-05 
-4.84704e-05 -1.90646e-05 
-3.7575e-05 -2.8113e-05 
-4.73237e-05 -8.79992e-05 
-6.3898e-05 -3.01302e-05 
-5.71981e-05 -3.05911e-05 
-4.22855e-05 5.30009e-06 
-5.01412e-05 -2.42466e-05 
-4.97431e-05 -3.06862e-05 
-4.1141e-05 -3.48117e-05 
-5.33001e-05 8.80655e-05 
-0.000246598 5.87648e-06 
-5.06864e-05 -3.24495e-05 
-5.11702e-05 -7.72845e-05 
-5.02155e-05 -1.36142e-05 
-3.38313e-05 -3.49088e-05 
-9.28298e-05 -4.5369e-05 
