1.15114 -9.04404 
2.94991 -1.92976 
1.84725 -5.00851 
1.94397 3.38691 
-4.085 -2.52809 
10.06 -7.86062 
-0.880631 0.0750609 
5.75625 -5.90275 
-4.11499 -0.133992 
6.70357 -6.69741 
3.60589 -2.68945 
0.271963 8.5621 
8.13879 -1.67457 
0.817066 -5.29182 
-1.46927 2.43996 
6.71973 -14.8137 
5.15431 5.38775 
-3.35763 -5.34911 
7.4132 -5.60227 
5.85725 -7.10747 
-11.8911 -4.81819 
2.12594 -2.92968 
2.34001 1.07984 
2.08945 -0.960387 
2.13339 0.454021 
5.56181 3.4521 
-3.47944 -3.70959 
6.0152 -7.00755 
0.268423 -3.64071 
0.679862 -6.25328 
1.85078 1.90527 
-1.64554 -9.07498 
6.28685 4.12923 
5.62332 -6.07194 
4.66039 -11.6615 
-2.01068 1.10793 
-1.91238 -3.21993 
3.33585 2.08748 
4.86097 -2.09173 
-2.04614 -8.74595 
5.6683 -2.73859 
4.04633 -6.79468 
-1.38143 4.0043 
4.8657 -3.99743 
0.0253298 -0.231535 
6.19398 -1.49521 
14.2582 -7.61126 
2.03565 -3.18737 
1.31055 -7.11839 
3.34905 -3.90753 
