-5.87369e-05 -2.96066e-05 
-4.99349e-05 -2.15742e-05 
-5.3568e-05 -2.56385e-05 
-3.4216e-05 6.58449e-06 
-5.24063e-05 2.51042e-05 
-4.71536e-05 -2.70352e-05 
-5.15736e-05 -2.73436e-05 
-6.87134e-05 -4.18602e-05 
-4.96933e-05 -2.33704e-05 
-7.18506e-05 9.10468e-06 
-7.1627e-05 -1.798e-05 
-5.731e-05 -2.61404e-05 
-4.58852e-05 -4.01201e-05 
-5.42096e-05 -2.57449e-05 
-1.60013e-05 -2.23996e-05 
-6.20375e-05 -1.7524e-05 
-5.59442e-05 -3.10836e-05 
-5.81746e-05 -1.31931e-05 
-4.13411e-05 -2.03378e-05 
-4.11227e-05 -1.66306e-05 
-5.85042e-05 -3.04755e-05 
-5.49615e-05 -2.51201e-05 
-4.8423e-05 -2.43661e-05 
-4.78694e-05 -4.1015e-05 
-5.00617e-05 -3.19832e-05 
-4.92809e-05 -2.45281e-05 
-5.01005e-05 -3.133e-05 
-5.29271e-05 -2.20999e-05 
-4.96437e-05 -2.95483e-05 
-4.9168e-05 4.33698e-05 
-1.10581e-05 -2.69251e-05 
-4.61814e-05 -4.03754e-07 
-5.26088e-05 -2.67144e-05 
-5.60143e-05 -9.00872e-06 
-4.97995e-05 2.55248e-06 
-4.42867e-05 -1.99895e-05 
-5.16303e-05 -8.14925e-05 
-4.91026e-05 -4.45934e-05 
-5.33605e-05 -3.62107e-05 
-6.40625e-05 -2.18443e-05 
-5.17812e-05 -2.43825e-05 
-4.96137e-05 -2.45617e-05 
-4.95933e-05 -2.3179e-05 
-4.45776e-05 -0.000118515 
-7.04186e-05 1.25698e-05 
-5.64951e-05 -4.65389e-05 
-6.34305e-05 2.5066e-06 
-5.28726e-05 -2.49352e-05 
-5.12411e-05 -2.65402e-05 
-3.10271e-06 -2.61397e-05 
