-6.0524e-05 -2.57535e-05 
-5.01624e-05 -1.19791e-05 
-5.82788e-05 -3.08026e-05 
-3.85603e-05 -2.65333e-05 
-6.46504e-05 -6.08285e-05 
-6.21258e-05 -2.81847e-05 
-5.29775e-05 -2.95113e-05 
-6.42399e-05 -3.765e-05 
-4.85019e-05 -2.49789e-05 
-7.14972e-05 -1.52245e-05 
-8.24774e-05 2.67115e-05 
-5.12265e-05 -3.06036e-05 
-5.94596e-05 -5.09469e-05 
-4.52908e-05 -2.59588e-05 
-5.87229e-05 -2.5961e-05 
-6.31235e-05 -1.67597e-05 
-5.17191e-05 -2.73158e-05 
-5.49736e-05 -1.38979e-05 
-4.05598e-05 -2.22476e-05 
-4.48449e-05 -2.93405e-05 
-5.42436e-05 -3.11091e-05 
-4.90779e-05 -1.04477e-05 
-4.9637e-05 -2.55835e-05 
-4.97671e-05 -2.46206e-05 
-5.50861e-05 -3.15885e-05 
-4.88684e-05 -2.4883e-05 
-5.36184e-05 -2.91449e-05 
-5.77333e-05 -1.82656e-05 
-4.8984e-05 -2.70964e-05 
-4.8578e-05 -5.47492e-05 
-6.22029e-05 -2.40742e-05 
-4.52673e-05 -1.63084e-05 
-5.31776e-05 -2.7594e-05 
-5.24876e-05 -5.7153e-06 
-5.22411e-05 -2.4583e-06 
-4.81268e-05 -1.0326e-05 
-5.46406e-05 -4.78582e-05 
-6.01363e-05 -4.27374e-05 
-5.71733e-05 -1.77485e-05 
-5.31912e-05 1.30121e-05 
-5.19275e-05 -2.41284e-05 
-4.5045e-05 -2.4452e-05 
-5.04876e-05 -2.68168e-05 
-4.57984e-05 -0.000105029 
-0.000291833 -3.15832e-05 
-5.56034e-05 -6.89878e-05 
-6.20208e-05 -2.63697e-07 
-4.85974e-05 -1.90118e-05 
-4.50273e-05 -2.68397e-05 
-2.69285e-05 -2.49739e-05 
