-6.1908e-05 -2.04867e-05 
-5.42072e-05 2.7013e-06 
-5.12378e-05 -7.90178e-06 
-5.47672e-05 -1.04268e-05 
-5.39155e-05 3.77272e-05 
-4.40549e-05 -2.06516e-05 
-5.39349e-05 -1.29073e-05 
-5.75831e-05 -2.25e-05 
-5.09601e-05 -1.25659e-05 
-7.64675e-05 3.67904e-05 
-4.71669e-05 8.52551e-06 
-5.35515e-05 -4.21139e-05 
-4.41492e-05 -5.03023e-06 
-5.13367e-05 -1.49325e-05 
-7.51987e-05 7.46935e-06 
-4.09392e-05 -2.13734e-05 
-5.82199e-05 3.45883e-05 
-5.37374e-05 -1.447e-05 
-6.50103e-05 -8.11346e-06 
-5.05908e-05 -4.75801e-06 
-5.37872e-05 -1.31222e-05 
-8.24257e-05 -7.44056e-06 
-5.53326e-05 -2.26718e-05 
-5.32732e-05 -1.6719e-06 
-4.44204e-05 -7.57596e-06 
-5.32251e-05 -2.11428e-05 
-5.60073e-05 -5.51311e-06 
-5.60011e-05 -2.17421e-05 
-5.3957e-05 -2.18151e-05 
-5.26702e-05 -1.1952e-06 
-5.66275e-05 -4.10277e-06 
-6.07055e-05 5.43975e-06 
-5.66796e-05 -4.1422e-06 
-5.31614e-05 -1.25951e-05 
-5.41351e-05 1.05669e-05 
-5.04359e-05 2.43276e-05 
-5.44045e-05 1.62988e-05 
-5.13393e-05 1.57909e-05 
-5.50839e-05 -3.34156e-05 
-5.70029e-05 -2.23093e-05 
-5.91386e-05 -1.40843e-05 
-5.70033e-05 -1.35525e-05 
-5.71424e-05 2.81316e-06 
-6.34361e-05 2.41777e-06 
5.30461e-06 3.66693e-06 
-5.43516e-05 1.86233e-05 
-5.6242e-05 -2.07051e-05 
-5.6305e-05 -1.23563e-05 
-6.10023e-05 -1.85411e-05 
-3.54055e-05 -6.32235e-06 
