-6.99933e-05 -2.06414e-05 
-5.29008e-05 -2.70806e-05 
-4.91991e-05 -6.16417e-06 
-4.81184e-05 -3.84038e-05 
-5.11451e-05 -4.80392e-05 
-5.03143e-05 -3.53508e-05 
-4.50071e-05 -3.17473e-05 
-4.517e-05 -2.41066e-05 
-4.97153e-05 -2.86177e-05 
-4.33038e-05 3.05899e-05 
-5.08365e-05 -2.79366e-05 
-4.71443e-05 -2.60617e-05 
-5.91317e-05 -1.6794e-05 
-4.57038e-05 -4.12757e-05 
-4.65177e-05 -2.63509e-05 
-5.2295e-05 -2.46169e-05 
-4.72339e-05 8.71895e-05 
-3.88397e-05 -3.41307e-05 
-6.5121e-05 -2.6796e-05 
-4.8889e-05 -3.13276e-05 
-4.8675e-05 -1.77219e-05 
-5.70118e-05 -1.92783e-05 
-4.81599e-05 -3.37001e-05 
-5.23166e-05 -2.72878e-05 
-4.7172e-05 -1.58749e-05 
-5.11393e-05 -2.38885e-05 
-5.5604e-05 -2.01952e-06 
-4.85004e-05 -2.44622e-05 
-4.99866e-05 -2.6651e-05 
-4.93873e-05 -7.47671e-05 
-5.09574e-05 -4.97326e-05 
-5.45035e-05 -2.82757e-05 
-5.0301e-05 -1.57615e-05 
-4.85007e-05 -2.06661e-05 
-5.23397e-05 1.12146e-05 
-4.54157e-05 3.13713e-06 
-5.62549e-05 3.21412e-06 
-7.42687e-05 -2.34281e-05 
-4.82999e-05 -3.58309e-05 
-5.01694e-05 -3.16156e-05 
-5.01447e-05 -1.6937e-05 
-4.57216e-05 -2.09136e-05 
-4.71954e-05 -1.06497e-05 
-4.22442e-05 -3.85141e-05 
-0.000147638 -1.1015e-05 
-5.53507e-05 -2.71952e-05 
-4.47458e-05 -3.49957e-05 
-5.31054e-05 -3.16165e-05 
-4.79088e-05 -2.12013e-05 
-9.16767e-05 -4.70686e-05 
