-6.41573e-05 -1.45631e-05 
-4.46539e-05 -1.40959e-05 
-5.21916e-05 -2.48874e-05 
-4.70545e-05 2.86195e-06 
-5.8024e-05 4.18946e-05 
-3.10861e-05 -2.4597e-05 
-4.49583e-05 -1.5438e-05 
-4.64474e-05 -2.50957e-05 
-4.42245e-05 -1.92129e-05 
-9.74981e-05 4.64145e-05 
-3.40733e-05 -1.70784e-05 
-5.263e-05 -3.4921e-05 
-5.17002e-05 -8.27551e-07 
-4.3473e-05 -3.13305e-05 
-4.55684e-05 -2.92168e-06 
-3.94577e-05 -1.9707e-05 
-5.43077e-05 -0.00010742 
-4.3028e-05 -3.143e-05 
-4.56444e-05 -2.54072e-05 
-4.98681e-05 -2.87809e-05 
-4.69547e-05 -1.9377e-05 
-5.37814e-05 -2.50406e-05 
-4.68508e-05 -2.60851e-05 
-5.52574e-05 -2.3406e-05 
-4.69279e-05 -1.11619e-05 
-4.64876e-05 -2.31479e-05 
-4.85624e-05 -2.61675e-05 
-5.0544e-05 -2.13829e-05 
-4.87193e-05 -2.63899e-05 
-4.93719e-05 -8.16038e-06 
-4.83189e-05 -2.00957e-05 
-4.60085e-05 -1.78737e-05 
-4.78615e-05 -7.31833e-06 
-5.10767e-05 -1.45909e-05 
-4.28435e-05 -4.68937e-06 
-3.93585e-05 -7.1774e-06 
-5.03831e-05 9.14311e-06 
-4.44693e-05 -1.03109e-05 
-4.64722e-05 -2.16656e-05 
-5.39535e-05 -1.85418e-05 
-5.89259e-05 -1.54909e-05 
-5.1529e-05 -2.285e-05 
-5.28478e-05 -9.84389e-06 
-4.65126e-05 -1.8514e-05 
1.09785e-05 4.37868e-06 
-4.47622e-05 -1.75844e-06 
-4.57495e-05 -2.99056e-05 
-3.84856e-05 -1.32068e-05 
-4.31738e-05 -1.22231e-05 
-7.88441e-05 -8.63357e-06 
