15.1651 -1.80807 
4.40285 -2.67952 
1.72636 -7.2585 
-1.84408 3.83724 
-5.98528 1.70218 
3.20011 -12.2083 
-5.96389 -2.44171 
1.99105 -10.8207 
-2.15449 -4.58359 
7.32949 -1.09339 
2.01815 -5.0037 
2.54611 -18.9559 
5.20444 -1.73228 
-2.24668 -8.25378 
4.52506 -1.33664 
-4.10728 -11.47 
4.64693 -6.65368 
1.84295 -4.79583 
3.95972 -0.697788 
3.12556 -1.50242 
3.35563 2.45058 
2.27687 -2.23831 
-0.807868 1.10951 
1.69876 -0.534137 
6.87924 -3.81073 
5.93087 -4.41273 
1.5802 -2.47313 
3.08293 -3.72229 
-5.2055 3.31646 
-1.61251 -1.43387 
3.55159 -8.31401 
-10.7861 -9.94843 
4.43621 1.86191 
-0.121135 2.67737 
5.50135 -7.93956 
-0.398915 1.21032 
-2.02758 -3.94047 
3.78599 0.0612849 
3.90275 -3.79072 
-5.83313 -9.50549 
3.86229 -3.93181 
4.9308 -0.259683 
-1.65407 -2.3524 
-3.65471 -4.25525 
-2.63428 -0.11713 
3.21758 3.65361 
8.7771 -5.73042 
-0.18873 0.571609 
8.09486 -3.47843 
3.26068 4.86256 
