-1.5566e-05 -4.58495e-06 
-5.11498e-05 -1.34617e-05 
-3.49559e-05 -1.40623e-06 
-4.17008e-05 -2.58496e-05 
-9.84016e-06 -3.92508e-05 
-4.17577e-05 -1.71702e-05 
-2.0861e-05 -1.37289e-05 
-3.53002e-05 -6.35762e-06 
-4.22964e-05 -1.32109e-05 
3.31697e-06 -3.79925e-05 
-4.08296e-05 -1.6508e-05 
-3.58058e-05 -9.21604e-06 
-2.40403e-05 2.13403e-06 
-2.43055e-05 -8.88901e-06 
-4.63714e-05 -4.03819e-05 
-6.32068e-05 -1.55562e-05 
-6.70362e-05 0.000132337 
-3.07746e-05 -6.81866e-06 
-1.13962e-05 -1.71776e-05 
-2.07027e-05 -2.30829e-06 
-3.56364e-05 -2.31263e-05 
-3.6513e-05 -9.1373e-07 
-3.27095e-05 -9.58307e-06 
-4.13834e-05 -1.79259e-05 
-4.06393e-05 -3.23636e-05 
-4.04572e-05 -4.9931e-06 
-4.46907e-05 -3.16927e-06 
-4.60925e-05 -1.43403e-05 
-2.76624e-05 -4.40785e-06 
-4.30613e-05 -4.10972e-05 
-2.88352e-05 -2.94654e-05 
-2.80585e-05 -8.87943e-06 
-3.98479e-05 -1.34008e-05 
-3.38761e-05 -7.66315e-06 
-3.7888e-05 3.36053e-06 
-3.54445e-05 2.40248e-05 
-3.4828e-05 -1.24154e-05 
-4.54146e-05 -3.41443e-05 
-3.71596e-05 -2.58664e-05 
-4.17674e-05 -1.42618e-05 
-6.1493e-05 -1.237e-05 
-4.87457e-05 -6.49445e-06 
-4.30369e-05 -9.85066e-06 
-1.03606e-05 -1.5795e-05 
-4.36618e-05 -3.00474e-05 
-1.93209e-05 -7.69072e-06 
-2.4949e-05 -2.06493e-05 
-5.41887e-05 -1.02303e-05 
-2.8324e-05 -1.29239e-05 
-2.80587e-05 -5.06242e-05 
