-3.42104e-05 -1.70456e-05 
-1.99191e-05 -1.45876e-05 
-2.50492e-05 -1.19259e-05 
-2.59412e-05 -2.22745e-05 
-3.23056e-05 1.57103e-06 
-1.07309e-05 -2.40406e-05 
-3.11771e-05 -1.22535e-05 
-3.22878e-05 -3.2691e-06 
-4.56603e-05 -2.51951e-05 
-3.08007e-05 -9.48608e-06 
-3.41095e-05 -3.54693e-05 
-3.45742e-05 -1.18055e-05 
-2.82161e-05 -1.78716e-05 
-2.93857e-05 -1.30762e-05 
-2.053e-05 1.31913e-05 
-3.47904e-05 -2.3799e-05 
-1.75713e-05 -0.000120166 
-3.29738e-05 -1.9612e-05 
-4.56872e-05 -1.32248e-05 
-3.22606e-05 -1.13897e-05 
-3.64926e-05 -1.1197e-05 
-5.56496e-05 -2.44057e-05 
-2.856e-05 -3.40713e-05 
-2.85323e-05 -1.61068e-05 
-4.29795e-05 6.0089e-08 
-4.02606e-05 -2.67938e-05 
-3.86944e-05 -2.2073e-05 
-5.24198e-05 -1.06425e-05 
-2.62462e-05 -1.30614e-05 
-4.35414e-05 6.90437e-06 
-2.86942e-05 -2.74606e-06 
-3.01305e-05 -1.35772e-05 
-3.18888e-05 -2.01043e-05 
-2.72252e-05 -5.00738e-06 
-3.09078e-05 9.45211e-06 
-4.17583e-05 -2.48535e-05 
-2.31723e-05 8.87013e-06 
-2.66781e-05 3.28265e-06 
-4.73093e-05 -2.80616e-05 
-2.5737e-05 -7.64497e-06 
-2.23965e-05 -2.24396e-05 
-4.49861e-05 -2.41366e-05 
-2.92217e-05 -1.4488e-05 
-4.77319e-05 -1.29613e-05 
-0.000116401 -1.241e-06 
-4.90068e-05 -2.02737e-05 
-3.1109e-05 -9.48145e-06 
-2.94384e-05 -1.29787e-05 
-3.31908e-05 -1.29356e-05 
-2.63419e-05 5.59251e-06 
