-1.64285e-05 -1.85649e-05 
1.81927e-06 -3.54172e-05 
-2.14876e-05 -2.04564e-05 
-5.65851e-06 -6.18396e-06 
-3.17344e-05 -4.29534e-05 
-6.39812e-06 -2.45733e-05 
-1.58928e-05 -2.2697e-05 
-2.53107e-05 -9.69351e-06 
-4.21987e-05 -2.24926e-05 
-6.85204e-05 -8.89923e-06 
-2.17006e-05 -3.75866e-05 
-6.40697e-06 -1.83613e-05 
-2.59531e-05 -3.99129e-05 
-5.4744e-06 -2.67044e-05 
-1.80695e-05 -1.25795e-06 
-2.29505e-05 -2.20779e-05 
-5.51697e-06 -1.97892e-05 
-1.60056e-05 -1.73139e-05 
-3.46689e-05 -3.01274e-05 
-2.33234e-05 -3.42474e-05 
-1.4967e-05 -1.06741e-05 
-4.40704e-05 -1.67029e-05 
-3.40399e-05 -3.05542e-05 
-2.82883e-05 -1.4226e-05 
2.69233e-06 -2.75913e-05 
-1.68695e-05 -2.53004e-05 
-5.56662e-05 -1.85921e-05 
-3.47522e-05 -1.53865e-05 
-1.77478e-06 -1.20548e-05 
-2.75082e-05 -2.60686e-05 
-2.59025e-05 -1.70848e-05 
-2.08845e-05 -2.00629e-05 
-3.22473e-05 -2.64306e-05 
6.63754e-06 -2.24737e-05 
-2.71703e-05 -2.17022e-05 
-3.11601e-05 -8.2682e-06 
-1.30341e-05 -3.78014e-05 
-4.68851e-05 -7.93016e-06 
-8.37289e-06 -3.47976e-05 
-1.53247e-05 -3.63532e-06 
-1.40376e-05 -2.64937e-05 
-1.75788e-06 -2.87423e-05 
-4.35418e-05 -2.17244e-05 
-1.42651e-05 -1.49553e-05 
5.56578e-05 -7.87759e-06 
-5.26862e-06 -3.8366e-05 
-1.65907e-05 -1.2448e-05 
-3.48423e-05 -2.09336e-05 
-8.53248e-06 -1.49357e-05 
7.98318e-06 -2.81378e-05 
