3.80767e-06 -1.89414e-05 
-1.69114e-05 -4.01936e-05 
-1.83901e-05 -2.23523e-05 
-1.87707e-05 -1.68256e-05 
-1.58383e-05 -1.33798e-05 
-9.8661e-06 -2.38093e-05 
-4.11358e-07 -3.0857e-05 
-1.72386e-05 -2.95277e-05 
-1.78922e-06 -2.05399e-05 
-3.2155e-05 -2.51049e-05 
2.92035e-06 -2.37108e-05 
1.07454e-05 -2.80719e-05 
-2.40467e-05 -1.11093e-05 
-1.53615e-05 -2.96229e-05 
-1.53314e-05 -1.53176e-05 
1.68883e-06 -2.22019e-05 
-2.88556e-05 5.9241e-05 
-3.60509e-06 -2.06165e-05 
7.94187e-06 -2.42932e-05 
-9.21051e-06 -3.27962e-05 
2.04164e-06 -2.66763e-05 
-3.98748e-05 -1.89952e-05 
-4.1798e-05 -2.42423e-05 
-6.37667e-06 -2.37461e-05 
2.5346e-05 -2.28643e-05 
-2.13879e-05 -1.97281e-05 
-6.21172e-05 -2.03508e-05 
-4.20992e-05 -2.16436e-05 
5.8101e-06 -1.78006e-05 
-1.51568e-05 -7.37361e-05 
-2.07251e-05 -2.83257e-05 
-1.68551e-05 -1.95385e-05 
-3.92634e-05 -3.12724e-05 
-1.7742e-05 -1.03123e-05 
-2.03295e-05 -7.90738e-06 
-1.5843e-05 -5.63139e-06 
-1.3174e-05 2.89327e-07 
-3.32022e-05 -4.06657e-05 
-2.85912e-05 -3.94421e-05 
-1.5796e-06 -3.01913e-05 
-3.52717e-05 -2.67137e-05 
-3.82778e-05 -2.64938e-05 
-5.1264e-05 -2.96154e-05 
-1.76697e-05 -1.7452e-05 
0.000151861 -2.42472e-05 
1.95911e-05 -2.90682e-05 
-2.24366e-05 -2.62558e-05 
-9.11152e-06 -1.55262e-05 
4.43049e-06 -1.89985e-05 
2.31497e-05 -5.34004e-05 
