-2.32333e-05 -2.84108e-05 
-2.72992e-05 -2.11071e-05 
-2.14427e-05 -1.04215e-05 
-2.00358e-05 -3.82253e-05 
-3.24934e-06 -2.15879e-05 
-1.23483e-05 -2.42246e-05 
-1.18881e-05 -3.23641e-05 
-5.03035e-06 -3.99048e-05 
2.51526e-05 -2.8706e-05 
-4.04523e-06 -4.38432e-05 
-2.23841e-05 -2.84555e-05 
-1.58559e-05 -2.38782e-05 
-1.83185e-05 3.13116e-06 
-2.36153e-05 -6.18795e-06 
-3.84417e-05 -2.97157e-05 
-5.23475e-05 -2.8583e-05 
-6.98257e-05 4.04819e-06 
-1.46806e-05 -3.23335e-05 
2.73893e-05 -1.75018e-05 
1.0897e-06 -3.17371e-05 
-6.35361e-05 -4.26574e-05 
6.17118e-06 -3.20682e-05 
-2.49326e-05 -2.68274e-05 
-5.76264e-07 -2.88942e-05 
-2.37563e-05 -2.36012e-05 
-3.95618e-05 -3.39556e-05 
-1.12231e-05 -3.43773e-05 
-3.42127e-05 -2.20574e-05 
-1.26315e-05 -3.34104e-05 
-2.27501e-05 -5.76319e-05 
-1.30232e-05 -4.28749e-05 
-1.46855e-05 -1.76726e-05 
-1.31694e-05 -3.15399e-05 
-3.31712e-05 -1.65729e-05 
-3.58578e-05 7.68607e-06 
-1.4664e-05 -1.75935e-05 
-8.14425e-06 1.73925e-06 
-2.60046e-05 -5.0272e-05 
-3.39954e-05 -3.42593e-05 
-1.50609e-05 -2.54365e-05 
-5.85919e-05 -2.58923e-05 
-4.78042e-05 -2.58256e-05 
-1.27068e-05 -3.90029e-05 
-2.44172e-05 -1.90887e-05 
0.000126398 -3.65085e-05 
-3.32852e-06 -2.53441e-05 
-2.64624e-05 -4.21777e-05 
9.60979e-06 -1.41406e-05 
-3.40985e-05 -1.66183e-05 
6.00084e-06 -7.04962e-05 
