-6.62305 -5.05349 
2.34174 1.07534 
3.9312 -4.87961 
0.449598 -5.28774 
4.95308 -1.94703 
-4.4559 -4.45009 
5.16762 -6.46665 
3.04216 -4.03355 
8.26311 -1.02016 
3.38713 2.87162 
2.16763 -5.20042 
2.75112 -15.4244 
1.54682 -1.45732 
-0.952898 -8.57963 
8.54481 -5.05885 
-1.33878 1.77768 
4.36987 -15.779 
3.75617 -1.69483 
1.33752 -1.03755 
1.43505 1.71406 
6.57473 2.39259 
3.7705 -1.40136 
0.32755 2.06314 
2.15206 -3.32477 
10.0673 -6.95058 
3.21029 -9.88754 
1.05457 -3.64952 
1.81473 -1.3468 
11.2449 -7.29313 
-0.410248 -4.90637 
5.11509 -10.2198 
-6.64626 -2.67076 
2.91548 -3.84197 
-0.771311 -0.642368 
4.65522 -3.08629 
2.59295 -4.45447 
2.99678 -3.84446 
2.12191 -3.91513 
3.18158 -5.06187 
-1.95665 -2.10271 
2.54419 -4.80267 
3.90089 2.17556 
0.439153 -8.12889 
-6.03859 -3.93126 
-3.64242 5.42847 
1.95709 5.18311 
-2.13182 -0.625019 
1.13996 0.255608 
11.43 -1.14398 
2.93087 4.1857 
