-8.83577e-07 7.87702e-06 
1.19406e-05 4.29421e-06 
-3.18294e-06 -1.88921e-06 
-1.52593e-06 4.82333e-05 
-2.74783e-06 1.91018e-05 
-5.20656e-06 -4.14817e-05 
3.03257e-08 1.20493e-06 
-7.53073e-06 -2.15027e-05 
-2.23601e-05 -1.28346e-05 
-1.22222e-06 1.39476e-05 
-3.06025e-05 3.03089e-06 
-6.06916e-06 -1.86837e-05 
-1.46218e-05 -4.39135e-05 
-1.01558e-05 9.58118e-06 
-9.26408e-06 1.59922e-05 
-6.54301e-05 1.80965e-06 
-3.55623e-05 2.07075e-05 
-3.67458e-06 4.03592e-05 
3.25294e-05 -7.75445e-06 
1.43279e-05 8.01491e-06 
-1.69309e-05 3.76098e-05 
-2.60844e-05 -1.72324e-05 
-3.89145e-05 1.43091e-05 
-3.27214e-06 -2.08e-05 
-1.83139e-05 -9.88277e-06 
-3.01196e-05 -5.31803e-06 
-7.43646e-05 8.47417e-06 
6.78375e-07 -9.92599e-06 
1.06538e-05 -4.02941e-06 
3.1324e-05 1.49597e-05 
6.46203e-06 -9.78917e-06 
5.04781e-07 3.95096e-05 
-3.21947e-05 1.48569e-05 
-7.74573e-06 2.71858e-06 
-5.61434e-05 2.48961e-05 
1.87775e-06 7.95395e-06 
-1.5214e-05 1.05143e-05 
1.29368e-05 -3.15247e-05 
4.36556e-06 -1.21636e-05 
-7.0653e-06 9.28449e-06 
-1.35309e-05 3.33226e-06 
2.65561e-05 -2.80135e-06 
7.04772e-06 5.06656e-05 
8.48791e-06 -3.98807e-06 
0.000134997 -3.89279e-06 
-5.56751e-06 1.74105e-05 
-6.7019e-06 -1.04595e-05 
8.99603e-06 1.78047e-05 
-4.0666e-06 -1.75232e-05 
1.37992e-06 -2.98384e-05 
