-1.66969e-06 4.28497e-06 
8.7042e-07 -4.71001e-06 
-2.87963e-05 2.98792e-05 
-6.62898e-06 -4.30405e-06 
-3.55338e-06 -7.11361e-06 
-2.95252e-06 2.90013e-05 
-1.15925e-05 -3.50217e-05 
-1.68661e-05 3.583e-05 
-7.71663e-06 -1.44638e-05 
-1.07992e-05 -6.84285e-06 
-2.37892e-05 3.91471e-06 
-8.10127e-06 -1.17401e-05 
6.33445e-06 1.05136e-05 
7.46107e-07 -1.20106e-05 
-1.72202e-06 3.23042e-06 
-6.37423e-06 2.10705e-05 
-1.24549e-05 -2.223e-05 
-7.81147e-06 1.05861e-05 
-5.53328e-06 -1.42893e-05 
-3.01891e-06 -1.98885e-05 
-5.11072e-06 -6.84894e-06 
-3.30517e-06 8.00949e-07 
-7.5293e-06 1.13088e-05 
-4.45803e-06 -7.94876e-06 
-1.60146e-06 2.01662e-05 
-4.8832e-06 -2.34461e-06 
-1.28277e-05 4.95019e-06 
-4.76047e-06 2.22523e-05 
-8.15329e-06 -3.25998e-05 
-2.00345e-06 1.01139e-06 
-3.19601e-06 -3.73703e-05 
-1.26044e-05 2.26241e-05 
-2.20933e-05 -8.2511e-06 
-4.68911e-06 -1.33575e-05 
-5.62112e-05 1.91829e-06 
-9.85212e-06 -2.45992e-06 
-1.49119e-06 3.12402e-05 
-8.80214e-05 -5.79827e-05 
-8.36464e-06 3.22781e-05 
-4.14341e-06 -7.4196e-06 
-1.25086e-05 1.92276e-05 
2.34349e-05 4.46575e-07 
-1.71816e-05 4.87878e-05 
6.17568e-05 -7.244e-06 
1.20322e-05 -2.55811e-06 
-1.36422e-05 4.53196e-06 
1.0294e-06 2.57418e-05 
-9.49213e-06 1.60671e-05 
-5.54909e-06 -1.18554e-05 
-2.06505e-05 -7.69179e-06 
