-7.10384e-06 -7.35103e-06 
-6.46605e-05 -6.15216e-06 
3.84482e-06 1.93762e-05 
-2.18964e-05 1.48441e-05 
-4.83555e-06 -2.26845e-05 
-4.25848e-06 4.48398e-05 
-9.49979e-06 1.69061e-05 
-3.33574e-06 3.76619e-05 
-9.45524e-07 -6.28084e-05 
-7.65773e-06 -3.44724e-06 
-4.76381e-05 2.98816e-06 
-1.76587e-06 7.05846e-06 
-1.3552e-05 -6.37556e-06 
7.8046e-06 -2.02095e-05 
-1.38265e-05 2.32863e-06 
-5.05342e-06 -1.57989e-05 
-4.24463e-06 -1.95724e-05 
-8.66583e-06 7.8071e-06 
-4.142e-06 -2.40917e-05 
-5.33117e-06 -1.75462e-06 
-4.77969e-06 -1.92953e-06 
-6.23762e-06 -2.52709e-05 
-7.42414e-06 -4.74497e-05 
-4.69563e-06 -6.37015e-06 
-6.05863e-06 1.21574e-05 
-3.00774e-06 1.14613e-05 
1.35836e-05 -1.62257e-05 
-6.54554e-06 2.42734e-05 
-4.50313e-06 -2.35383e-05 
-4.19805e-05 -5.05931e-07 
-3.93967e-06 -8.00959e-05 
-1.53787e-05 7.52039e-06 
-2.10467e-05 -2.6957e-06 
-9.22415e-06 -8.50483e-06 
-7.40375e-05 -1.20843e-06 
-6.35436e-06 2.85634e-06 
-4.50215e-06 4.51691e-06 
-7.10757e-05 -1.97577e-05 
-2.3769e-05 -5.92902e-05 
-5.47508e-06 -2.58988e-05 
-9.56157e-06 1.95846e-05 
1.13992e-05 -9.41116e-06 
-9.38301e-06 1.09465e-05 
1.07189e-05 1.45458e-05 
1.21044e-05 -7.14588e-06 
-1.26555e-05 4.79451e-06 
-8.58657e-06 -9.94262e-06 
-3.73191e-06 -2.20108e-05 
-5.7114e-06 -6.37177e-06 
-1.41095e-05 1.09676e-05 
