-1.06831e-05 -2.18399e-05 
-9.7785e-05 -9.94011e-06 
1.5093e-05 3.69373e-06 
-1.22194e-05 1.36989e-05 
-3.5382e-06 1.08613e-05 
-7.1027e-06 -4.86262e-05 
-6.75995e-06 -1.98992e-05 
4.79124e-06 -2.21078e-05 
-2.57184e-06 2.76288e-05 
-5.64907e-06 -2.61847e-06 
-5.98721e-06 2.81013e-06 
-5.75696e-06 9.28152e-06 
-2.00663e-05 -1.69555e-05 
-3.97885e-05 4.5036e-06 
-1.26734e-05 -5.06427e-06 
-5.95646e-06 -3.10806e-05 
-3.55868e-06 -1.91098e-05 
-9.24931e-06 -1.28361e-05 
-4.06855e-06 -5.58352e-06 
-3.12069e-06 6.09352e-06 
-5.87136e-06 -9.94023e-06 
-7.76815e-06 -3.57945e-05 
-9.04526e-06 -9.66334e-06 
-5.97626e-06 -5.21861e-06 
-8.95473e-06 -9.74014e-06 
-3.7635e-06 -2.96419e-06 
1.60144e-05 -2.66442e-05 
-4.78329e-06 1.86685e-05 
-7.82765e-06 -2.24282e-05 
-1.56769e-05 -4.85908e-06 
-4.31906e-06 -5.35281e-06 
-1.23967e-05 -7.57954e-06 
-9.67113e-06 -7.34176e-06 
-7.62337e-06 -4.64874e-06 
3.5164e-06 -3.93698e-06 
-1.91185e-05 -9.06638e-06 
-6.83847e-06 -3.00438e-05 
-2.95305e-05 2.09109e-05 
-3.51636e-05 -4.89516e-05 
-5.17956e-06 -6.6471e-07 
-1.7286e-06 -1.28452e-05 
-1.58589e-05 -1.03322e-05 
1.28769e-06 -2.3359e-05 
-4.59166e-05 2.96732e-05 
1.20605e-05 -6.72067e-06 
-1.0545e-05 -1.88987e-05 
-5.697e-06 -2.06286e-05 
-5.28514e-06 -4.14667e-05 
-5.82987e-06 -2.3696e-06 
-5.29877e-06 -6.87575e-06 
