-1.87462 -14.4698 
2.20009 -0.00823746 
5.4615 -0.0502695 
0.932125 0.461503 
-0.956235 -1.03772 
6.17575 -6.9331 
14.3019 2.09316 
2.16137 4.48763 
-0.581768 2.06368 
0.138611 -0.3298 
3.27553 -0.316631 
2.17088 14.3389 
3.74978 4.03314 
1.88537 0.969044 
2.00964 0.0345759 
-0.585256 0.286868 
4.09843 7.14368 
1.01519 -3.83226 
6.83501 -0.776758 
2.67004 -0.665866 
-8.80009 1.49053 
1.14888 -0.362463 
1.92122 0.119227 
2.66147 -1.81274 
0.429889 -0.041804 
-1.94083 5.26105 
2.78397 0.899028 
3.11071 -0.48197 
-8.46298 1.39004 
-7.50885 1.66192 
1.26028 7.32398 
6.28606 -0.0414176 
5.82316 -2.91113 
2.5723 0.33856 
3.96923 -2.02745 
0.247447 -3.53425 
-2.10845 -1.04698 
1.29921 3.22573 
2.9853 0.831953 
8.38573 4.51165 
2.88639 2.08116 
0.607327 -2.46497 
0.968524 3.81894 
-4.15814 -1.89479 
1.21438 -1.76228 
4.71017 -0.584988 
-3.16659 -0.65313 
2.52767 -3.91196 
-1.83504 2.57663 
3.37966 -3.37637 
