-4.35706e-06 -8.98498e-06 
-7.56888e-07 -1.15359e-05 
7.8315e-06 2.57946e-05 
-5.01973e-06 7.85922e-06 
3.16026e-06 1.056e-05 
-5.65202e-06 2.35739e-05 
-4.75704e-06 7.65876e-07 
-1.49363e-06 4.30047e-06 
-6.54958e-06 4.01538e-05 
-9.70522e-06 6.31521e-06 
-1.21736e-05 2.76874e-06 
-7.86935e-06 -6.23173e-06 
-1.47119e-05 -2.06674e-05 
-1.48328e-05 3.49582e-06 
-4.79585e-06 -2.95974e-06 
-7.55336e-06 -3.74463e-06 
1.26695e-05 -6.29953e-06 
-4.9229e-06 -1.25641e-06 
-2.98694e-06 -4.31534e-06 
-8.7019e-06 4.29276e-06 
-5.33524e-06 -3.79841e-06 
-4.84788e-06 2.35038e-07 
-4.8783e-06 4.71598e-05 
-7.0139e-06 1.2243e-05 
-4.11314e-06 1.27938e-05 
-2.38746e-06 -3.41747e-07 
6.20325e-06 9.57867e-06 
-5.48257e-06 2.2935e-05 
-5.14143e-06 1.2775e-06 
-9.13466e-06 3.43752e-06 
-4.65984e-06 8.63963e-06 
-6.8614e-06 -4.3044e-06 
1.25929e-06 4.22711e-06 
-5.89534e-06 -4.74792e-06 
-1.32343e-05 4.30919e-06 
-1.17517e-05 -1.13028e-05 
-6.17131e-06 -6.02825e-06 
8.16564e-06 -2.3502e-05 
-5.071e-06 -1.80602e-05 
-4.84996e-06 2.2525e-06 
-4.29617e-06 -9.3449e-06 
-6.91415e-06 3.53349e-06 
-9.99812e-06 1.24391e-06 
-1.73861e-05 2.54138e-05 
1.87295e-05 -4.86358e-06 
-5.84553e-06 1.2375e-05 
-6.53212e-07 3.32341e-05 
-8.71975e-06 -3.45312e-05 
-5.2988e-06 -1.48007e-06 
-1.61593e-05 -4.62915e-06 
