-4.01158e-06 -3.39817e-06 
-5.97868e-05 -1.22021e-05 
-3.70593e-07 1.5023e-05 
-3.62609e-06 -3.54351e-06 
-2.36631e-06 2.03292e-05 
-5.71534e-06 5.5681e-05 
-5.68674e-06 -6.59746e-07 
-1.04774e-05 -1.37683e-05 
-6.39739e-06 5.07704e-05 
-8.4355e-06 7.1187e-06 
-2.02382e-07 2.31143e-07 
-8.51377e-06 -7.13463e-06 
-1.95817e-05 -8.60258e-06 
-2.82902e-06 -5.51237e-06 
-4.84363e-06 2.99227e-07 
-8.54903e-06 1.49535e-05 
-9.32855e-07 -8.36252e-06 
-5.80112e-06 -7.62197e-07 
-2.35399e-06 -3.20277e-06 
-6.31248e-06 1.1117e-06 
-5.74834e-06 -6.84467e-06 
-6.16666e-06 4.01844e-06 
-1.09247e-05 1.62565e-05 
-5.96462e-06 7.95292e-06 
-3.54252e-06 -1.81309e-07 
-4.02757e-06 -1.93654e-05 
6.93356e-09 1.4638e-05 
-4.9654e-06 2.26007e-05 
-6.14389e-06 7.67181e-07 
-2.02813e-05 1.35143e-05 
-4.66563e-06 2.8964e-05 
-6.53755e-06 -7.27016e-06 
-2.92346e-06 6.48527e-06 
-4.67229e-06 -1.83819e-06 
-1.09757e-05 -8.06492e-07 
-7.02276e-06 -1.49047e-05 
-4.82361e-06 -8.86658e-07 
2.16244e-05 -1.33222e-05 
-7.8233e-06 -1.07072e-05 
-4.36361e-06 6.95813e-06 
-4.32772e-06 -7.90349e-06 
-6.99934e-06 6.39123e-06 
-3.7712e-06 3.27651e-05 
-3.27753e-05 3.58855e-05 
7.61658e-06 -2.62261e-06 
-6.25869e-06 3.55555e-06 
-4.01423e-06 3.96777e-05 
-7.83491e-06 1.43271e-05 
-4.89558e-06 -9.08124e-07 
-1.03507e-05 -5.69689e-07 
