-1.0036e-05 3.83389e-07 
-4.98086e-05 -2.111e-05 
3.67525e-07 4.66619e-05 
-9.40229e-06 6.73408e-06 
7.30337e-06 1.71962e-06 
-8.51789e-06 4.92709e-06 
-5.59956e-06 3.31871e-06 
-3.81476e-06 -5.90401e-06 
-6.91166e-06 2.17547e-06 
-5.80434e-06 4.0126e-07 
-1.59202e-05 1.90956e-06 
-4.03188e-06 3.10257e-06 
-5.33239e-06 -1.17451e-05 
-7.5712e-06 3.35905e-06 
-5.33914e-06 -2.51439e-06 
-9.21356e-06 4.90688e-06 
-4.88586e-06 7.11296e-06 
-4.09182e-06 3.71441e-06 
-6.03895e-06 -2.03677e-05 
-7.01114e-06 2.6438e-06 
-7.58719e-06 8.50982e-06 
-7.54041e-06 4.53008e-06 
-8.74738e-06 7.31989e-06 
-1.02862e-05 3.93027e-06 
-4.44446e-06 1.5091e-05 
-3.8482e-06 -1.36486e-05 
-8.88868e-06 3.70495e-06 
-7.99601e-06 -1.86236e-06 
-7.21914e-06 5.04549e-06 
-9.94715e-06 6.07364e-06 
-1.0809e-05 8.99676e-06 
-8.21381e-06 4.63825e-06 
-1.25215e-05 7.21551e-06 
-8.32567e-06 1.21847e-06 
-8.45175e-06 2.1491e-06 
2.87382e-06 -9.82593e-06 
-1.23133e-05 4.62696e-06 
-2.28333e-06 1.01231e-05 
-2.07513e-06 1.9426e-06 
-1.0707e-05 3.60973e-06 
-6.00363e-06 -6.89708e-06 
-8.87033e-06 3.39056e-06 
-9.82763e-06 4.95162e-06 
-6.49105e-06 -1.34756e-05 
-9.52186e-06 -7.24394e-06 
-9.48359e-06 1.06767e-05 
-7.36316e-06 -1.74163e-05 
-7.71505e-06 -4.8327e-06 
-5.86054e-06 1.54274e-06 
-1.26416e-05 -1.27125e-05 
