11.3747 3.84584 
0.627611 0.949656 
0.019723 0.180479 
-2.19601 6.57771 
-7.87203 12.8852 
0.341702 -8.32781 
-1.67077 8.08036 
-0.25644 -3.73428 
-5.18177 1.02979 
-0.454272 3.16292 
1.55715 0.238657 
1.86199 -1.55882 
4.61821 5.18802 
1.9137 4.72267 
-4.91747 9.92438 
0.763734 1.71128 
0.147471 -8.34447 
0.835404 1.72186 
6.48846 1.80165 
0.761474 2.84867 
-1.15709 9.70046 
0.0882254 5.78586 
1.16818 4.80533 
-0.59067 1.7177 
4.35754 -0.0930374 
1.91484 1.60288 
-0.494341 3.6524 
0.228787 1.79884 
-13.791 11.8103 
-4.43918 2.63209 
2.65117 -0.011659 
3.15889 1.2252 
1.82996 2.43476 
0.234975 5.27655 
0.359311 -4.70646 
-1.21638 4.04681 
0.873814 0.377747 
1.52871 7.33883 
1.558 3.02004 
-2.4339 -5.43857 
0.504101 6.5077 
0.81206 -0.625249 
0.508656 9.94178 
-3.97486 0.52573 
-2.55242 -1.27792 
2.68225 -0.0725638 
3.7778 -1.17463 
-1.17241 6.14235 
-4.54607 6.43655 
-1.90278 3.69264 
