-3.36052e-06 5.20285e-06 
-6.85073e-05 4.0296e-06 
9.4219e-06 7.14988e-05 
-7.45297e-06 5.12797e-06 
-1.00798e-05 1.36206e-05 
-5.86524e-06 1.11403e-05 
-8.28663e-06 1.13768e-06 
-5.60074e-06 -2.31091e-05 
-5.82042e-06 1.26858e-05 
-9.47328e-06 1.75062e-06 
-2.89883e-06 5.17868e-06 
-1.04274e-06 5.67493e-06 
-7.34381e-06 -1.04181e-05 
-1.2477e-05 1.21744e-05 
-6.40873e-06 -9.2324e-07 
-9.98908e-06 4.25281e-06 
3.7791e-06 5.53764e-06 
-8.15353e-06 8.40823e-06 
-8.09354e-06 -2.68826e-07 
-8.50714e-06 1.42119e-06 
-8.84937e-06 2.18548e-06 
-7.48055e-06 4.01485e-06 
-1.0187e-05 -2.40751e-05 
-7.27836e-06 4.90882e-06 
-7.35098e-06 1.36958e-05 
-1.00136e-05 -7.63576e-06 
-1.0121e-05 -3.74923e-06 
-7.5296e-06 -3.54314e-06 
-8.03565e-06 4.05095e-06 
-2.12004e-05 4.19978e-06 
-8.06931e-06 1.49615e-06 
-7.3047e-06 2.14508e-06 
-6.86096e-06 5.54678e-06 
-1.00635e-05 1.9605e-06 
-8.30649e-06 4.56735e-06 
-1.6293e-05 -3.01414e-06 
-1.0717e-05 3.0671e-06 
-1.22754e-06 1.14717e-05 
3.68608e-06 -7.11728e-06 
-9.53164e-06 4.01258e-06 
-7.08783e-06 -9.99531e-06 
-6.57042e-06 4.58111e-06 
-7.40451e-06 5.63934e-06 
-7.90929e-06 1.42829e-05 
-7.48029e-07 5.90413e-06 
-7.55572e-06 8.32715e-06 
-8.11012e-06 3.50095e-06 
-9.48156e-06 6.06456e-06 
-7.49157e-06 2.01164e-06 
-4.44413e-06 -4.57066e-06 
