-6.7834e-06 7.55597e-06 
7.86335e-07 2.45431e-05 
-1.06091e-05 -3.32015e-05 
-5.65547e-06 4.2233e-06 
7.51328e-06 2.56598e-06 
-5.52446e-06 1.08941e-05 
-5.48007e-06 7.43599e-06 
-7.73637e-06 2.18357e-05 
-6.81163e-06 -4.48914e-06 
-5.40727e-06 1.30966e-05 
-6.08281e-06 9.35651e-06 
-8.55242e-06 8.83236e-06 
-6.80935e-06 -7.63256e-06 
-1.6381e-06 1.69374e-06 
-4.12202e-06 3.99446e-06 
-6.7648e-06 7.75852e-06 
-1.26685e-05 8.39686e-06 
-6.39143e-06 -3.32856e-06 
-1.19599e-06 -2.43164e-05 
-5.27295e-06 9.54658e-06 
-3.74227e-06 1.69039e-06 
-6.2117e-06 9.77907e-06 
-6.21274e-06 -5.99019e-06 
-7.91395e-06 6.88192e-06 
5.33996e-07 1.71157e-06 
-6.01882e-06 8.74732e-06 
-6.24761e-06 7.79142e-06 
-6.15923e-06 2.41308e-05 
-7.24091e-06 4.63618e-06 
5.75995e-06 9.1966e-06 
-7.31327e-06 8.99078e-06 
-3.70303e-06 4.47181e-06 
-6.691e-06 6.34288e-06 
-6.16898e-06 2.60904e-06 
-4.94524e-06 9.75715e-06 
-6.35278e-06 -4.2156e-06 
-6.635e-06 5.90595e-06 
-5.83474e-06 1.03779e-05 
-1.11615e-06 2.62172e-06 
-3.25115e-06 5.72164e-06 
-4.86417e-06 1.33784e-05 
-7.93168e-06 6.42432e-06 
-6.49988e-06 1.15729e-05 
8.47309e-06 5.28342e-06 
-9.60965e-07 1.61791e-05 
-4.01331e-06 1.13758e-05 
-6.40207e-06 7.58322e-06 
-7.45653e-06 -4.71842e-06 
-6.0287e-06 9.3942e-06 
-1.20972e-05 -6.88471e-06 
