-7.17975e-06 7.36365e-06 
-2.77225e-05 -3.29984e-05 
6.29004e-06 5.17815e-05 
-1.04065e-05 4.22421e-06 
-7.11098e-06 3.10034e-06 
-6.8774e-06 1.79781e-06 
-6.81347e-06 -1.07583e-06 
-7.1311e-06 1.7527e-05 
-8.68881e-06 5.17036e-06 
-9.28513e-06 6.00704e-07 
-6.67827e-06 8.71632e-06 
-9.76989e-06 5.04558e-06 
-7.24306e-06 2.81523e-06 
-1.20013e-05 6.41964e-06 
-8.40599e-06 2.36765e-06 
-7.29039e-06 6.36753e-06 
-1.92118e-06 4.6026e-06 
-8.34631e-06 4.21986e-06 
-1.59051e-06 4.79095e-06 
-7.5972e-06 6.01829e-06 
-6.69711e-06 5.52049e-06 
-9.11303e-06 5.22539e-06 
-3.6131e-06 1.05158e-05 
-1.08618e-05 3.5662e-06 
-1.18952e-05 1.20789e-05 
-6.13148e-06 -4.49976e-06 
-9.92157e-06 4.47193e-06 
-7.86926e-06 -1.76134e-06 
-7.29837e-06 3.72614e-06 
-2.24118e-05 3.52921e-06 
-7.92309e-06 1.2299e-05 
-1.03513e-05 2.78232e-06 
-5.09265e-06 3.67912e-06 
-1.07079e-05 1.66854e-06 
-5.73399e-06 -1.13931e-06 
4.15813e-06 5.76256e-06 
-1.3201e-05 6.39903e-07 
-2.60145e-06 1.02835e-05 
1.64628e-05 2.43391e-06 
-7.03937e-06 4.09482e-06 
-7.36101e-06 -9.48359e-06 
-1.49225e-06 -1.81553e-07 
-7.64702e-06 9.58707e-06 
-8.74e-06 -1.93317e-05 
-1.01608e-05 -2.18135e-05 
-6.39354e-06 7.36831e-06 
-8.67738e-06 4.00444e-06 
-9.60754e-06 -2.71199e-06 
-7.58488e-06 -7.16345e-06 
-4.10611e-06 9.82055e-06 
