-3.57378e-06 5.99374e-06 
-3.34422e-05 -1.81462e-05 
5.25724e-07 2.66037e-05 
-6.93971e-06 4.06517e-06 
-1.08033e-05 2.05575e-05 
-6.15027e-06 2.22701e-06 
-7.97825e-06 4.78822e-06 
-6.56275e-06 -8.90466e-06 
-7.57582e-06 -6.23299e-06 
-8.57132e-06 5.65773e-06 
1.12802e-05 8.83198e-06 
-8.74275e-06 5.35792e-06 
-7.14148e-06 -9.71065e-06 
-9.57805e-06 2.97226e-06 
-6.90348e-06 7.53087e-07 
-6.45861e-06 9.08742e-06 
-1.02162e-05 4.22223e-06 
-7.22368e-06 4.57168e-06 
-8.09769e-06 2.212e-05 
-7.79908e-06 -2.07192e-06 
-4.62247e-06 -3.03574e-06 
-6.52438e-06 1.15219e-06 
-4.13594e-06 -2.21071e-05 
-1.00668e-05 4.02803e-06 
-3.15726e-06 2.15981e-06 
-6.31223e-06 2.76491e-06 
-9.20646e-06 -1.94913e-06 
-6.7071e-06 7.54939e-06 
-7.05313e-06 7.65243e-06 
1.69489e-06 2.81527e-06 
-6.47133e-06 -8.94969e-06 
-7.0606e-06 1.71403e-06 
-3.06572e-06 3.08138e-06 
-3.79554e-06 5.52474e-06 
-7.20976e-06 3.21209e-06 
-5.77047e-06 6.85326e-06 
-8.69927e-06 6.28453e-07 
-5.61449e-06 7.94857e-06 
1.28013e-05 -1.78652e-05 
-8.65651e-06 2.28626e-06 
-5.24935e-06 6.59882e-06 
-1.23023e-06 6.52031e-06 
-6.96545e-06 4.18292e-06 
-4.79002e-07 9.99406e-06 
-3.68064e-06 4.25734e-06 
-2.87553e-06 5.46371e-06 
-5.66066e-06 1.30483e-05 
-9.94612e-06 -1.27313e-05 
-8.19129e-06 3.53282e-06 
-1.21202e-05 9.65991e-06 
