-5.19603e-06 5.06343e-06 
-4.66616e-06 -1.05818e-05 
-3.12374e-06 -6.95907e-06 
-1.4115e-05 3.16238e-06 
9.88702e-06 1.09024e-05 
-7.98626e-06 3.59177e-06 
-4.06603e-06 -1.32723e-06 
-7.51553e-06 2.54943e-05 
-2.89587e-06 -8.08023e-06 
-5.28727e-06 6.36729e-06 
-4.89175e-06 6.75236e-06 
-3.65099e-06 3.3964e-06 
-6.32678e-06 -2.79456e-06 
-4.4221e-06 4.99677e-06 
3.72129e-06 6.7403e-06 
-2.88302e-06 4.61582e-06 
-8.0318e-06 5.33927e-06 
-3.45457e-06 1.68319e-06 
-3.42108e-06 8.66399e-06 
-5.89777e-06 4.71373e-06 
-5.93304e-07 8.14676e-06 
-9.58792e-06 -2.2663e-07 
-5.7371e-06 1.92478e-05 
-1.30515e-05 6.54413e-06 
-7.42284e-06 3.66163e-06 
4.66771e-08 4.89418e-07 
-9.80098e-06 5.94962e-06 
-6.41123e-06 1.39443e-05 
-7.1196e-06 3.77418e-06 
-1.63365e-05 5.02879e-06 
-7.03115e-06 1.83711e-05 
-2.80152e-06 -3.29917e-06 
-4.81118e-06 5.72855e-06 
-8.1085e-06 2.25191e-06 
-5.2497e-06 1.91021e-07 
2.60345e-06 4.72334e-06 
-1.23923e-05 -1.17246e-06 
1.06368e-08 3.72726e-06 
-1.23835e-06 3.45611e-05 
-4.31369e-06 4.44597e-06 
-4.67594e-06 -1.99892e-05 
-3.0669e-06 1.83406e-06 
1.18804e-06 4.13416e-06 
-9.57176e-06 -1.32352e-05 
-6.02764e-06 -5.27546e-06 
-1.95583e-06 1.77217e-06 
-2.86472e-06 -5.61663e-06 
-1.52419e-05 -4.55827e-06 
-1.67013e-05 -6.13865e-06 
6.98715e-06 6.17833e-06 
