-8.1769e-06 -4.04697e-06 
-2.23705e-06 -4.35509e-06 
-3.35862e-06 -2.93653e-06 
-9.49087e-06 6.86746e-06 
3.72816e-07 6.40286e-06 
-5.65075e-06 3.49635e-06 
-6.83278e-06 -2.51867e-06 
-8.74175e-06 6.85718e-06 
-3.4754e-06 -3.862e-06 
-1.32159e-05 -2.07136e-06 
-3.80914e-06 -5.71976e-06 
-3.4716e-06 -3.27808e-06 
-2.76216e-06 -4.07076e-06 
-4.71794e-06 -3.82387e-07 
-4.8945e-06 -4.37826e-06 
-1.18755e-05 8.69887e-06 
-7.82824e-06 -5.3074e-06 
-8.69328e-06 -4.11896e-07 
-8.98206e-06 1.60062e-05 
-5.60678e-06 -4.84514e-06 
-7.60594e-06 -5.90701e-06 
-6.20076e-06 3.7716e-08 
-5.46867e-06 1.22762e-05 
-7.91644e-06 -5.39783e-06 
-6.5568e-06 4.78757e-06 
-3.83118e-06 -4.68989e-06 
-9.88057e-06 9.75974e-07 
-7.26583e-06 -8.34812e-07 
-7.29338e-06 4.39886e-08 
-1.46475e-05 -9.1157e-06 
-7.71209e-06 -1.18753e-06 
-5.87004e-06 -3.82081e-06 
-5.93697e-06 -1.18201e-06 
-8.96841e-06 -4.53116e-06 
-6.58322e-06 2.77427e-06 
-6.75557e-06 -2.76674e-06 
-1.22331e-05 -3.3352e-06 
-8.01421e-06 -6.90718e-06 
6.49814e-06 -2.73627e-05 
-5.07033e-06 3.19127e-06 
-5.65612e-06 9.32643e-06 
2.01036e-06 3.26652e-06 
-4.68498e-06 -5.3612e-06 
-3.02374e-06 -9.83217e-06 
-6.54815e-06 -6.18542e-06 
-7.0076e-06 1.32622e-05 
-6.23473e-06 -1.28071e-06 
-1.34224e-05 2.11013e-07 
-1.12786e-05 -2.82921e-06 
-7.73179e-06 1.34584e-07 
