-7.32783e-06 -2.22562e-06 
-7.44225e-07 -1.24809e-05 
-2.77524e-06 -8.82354e-06 
-9.56816e-06 5.59527e-06 
-6.52355e-06 6.30856e-06 
-2.43778e-06 -4.71107e-07 
-5.49882e-06 -2.49178e-07 
-7.33091e-06 -8.33354e-06 
-4.61441e-06 -4.32943e-06 
-2.30045e-06 -6.69756e-06 
-2.27444e-06 -8.69375e-06 
-4.89507e-06 -4.27577e-06 
-5.27697e-06 -3.66576e-06 
-8.31346e-06 -9.24315e-06 
-7.47124e-06 -5.65282e-06 
-1.20546e-05 1.24125e-06 
-3.96438e-06 -4.74205e-06 
-6.29563e-06 -3.68462e-06 
-4.89232e-06 9.09608e-06 
-5.02977e-06 -7.92697e-06 
-9.32786e-06 -1.21474e-05 
-2.28384e-06 1.7154e-06 
-4.80966e-06 6.64931e-06 
-4.91744e-06 5.32821e-06 
-1.04535e-05 -2.56824e-06 
-6.46328e-06 -3.94178e-06 
-6.17386e-06 -1.03164e-07 
-7.01564e-06 -2.68163e-06 
-4.37058e-06 -1.97797e-06 
-9.02404e-06 -1.15808e-05 
-3.79293e-06 -7.76876e-06 
-4.61096e-06 -8.86266e-06 
-5.11587e-06 -1.32496e-06 
-6.65567e-06 -5.63404e-06 
-5.90431e-06 5.78219e-06 
-6.66729e-06 -1.23546e-05 
-2.40204e-06 3.22654e-06 
-7.24987e-06 -5.31409e-06 
3.16153e-06 -2.48817e-05 
-7.63046e-06 -6.36749e-06 
-3.46931e-06 2.04626e-05 
-5.77814e-06 -3.92523e-06 
-3.48154e-06 -5.54491e-06 
6.46127e-07 -1.3578e-05 
-4.801e-06 -2.87699e-06 
-4.05292e-06 2.59897e-05 
-5.15105e-06 -6.61255e-06 
-1.43113e-05 -1.06122e-06 
-6.0486e-06 -3.1418e-06 
-6.71063e-06 -3.78898e-06 
