-2.61301e-06 -4.69917e-06 
-5.00021e-06 -2.39792e-06 
-4.42597e-06 -1.77664e-06 
-6.07399e-06 1.56643e-06 
-4.9676e-06 6.1061e-06 
-2.95292e-06 -4.30732e-07 
-7.57968e-06 -3.06303e-06 
1.07659e-06 1.39894e-06 
-5.01686e-06 -4.46263e-07 
-1.3337e-06 9.36348e-08 
-9.04002e-06 3.64685e-06 
-1.19698e-05 6.57734e-06 
-6.44533e-06 -7.63275e-06 
-2.05866e-05 4.67706e-06 
-9.33496e-06 1.06058e-05 
-5.09382e-06 6.64448e-06 
-5.04181e-06 7.38185e-06 
-5.19296e-06 7.65155e-06 
-7.51141e-06 4.59198e-06 
-3.54376e-06 2.5947e-06 
-8.07787e-06 1.64763e-07 
5.69876e-08 1.54632e-05 
-6.90562e-06 3.01683e-06 
-3.76971e-06 1.7347e-06 
-3.49459e-06 4.00308e-07 
-3.40403e-06 4.69303e-07 
-3.53471e-06 -1.31038e-06 
-5.14653e-06 -1.10108e-06 
-3.65168e-06 6.42393e-06 
-4.20489e-06 6.02008e-06 
-1.72015e-06 5.49379e-06 
-4.94454e-06 1.89273e-06 
-7.22843e-06 3.65411e-06 
-6.52694e-07 4.57925e-06 
-3.48981e-06 4.13997e-07 
-4.8377e-06 7.79798e-06 
-6.87014e-06 7.83391e-06 
-7.12335e-06 2.13703e-06 
-5.72759e-06 -4.44437e-06 
-8.37319e-07 -9.30035e-07 
-1.40578e-06 5.91549e-06 
-2.2627e-06 -6.83101e-06 
-1.78816e-06 2.15019e-06 
-6.19844e-06 4.06352e-06 
-5.52913e-06 4.33306e-06 
-7.62816e-06 9.48657e-06 
3.75477e-07 1.01301e-06 
-4.5181e-06 2.03512e-06 
-4.87703e-06 4.62612e-06 
-5.09587e-06 1.41744e-06 
