-3.54684e-06 -7.20771e-06 
-3.31933e-06 5.61679e-06 
-2.46745e-06 -5.10792e-06 
-2.6992e-07 2.72438e-06 
-4.73979e-06 5.62839e-06 
-3.01173e-06 1.44931e-06 
1.30983e-06 4.83365e-06 
-5.75098e-07 5.17411e-06 
-3.0984e-06 5.09427e-06 
-3.24175e-06 -1.22144e-06 
5.42341e-06 1.15694e-05 
-7.68532e-06 -7.12294e-07 
-4.10279e-06 -1.36891e-05 
-1.59851e-05 -5.9544e-06 
-7.87962e-06 1.33882e-05 
-2.14221e-06 1.74083e-05 
2.20157e-06 -7.54957e-07 
1.48622e-06 -3.92792e-06 
-6.99408e-06 7.45197e-06 
-4.48216e-06 6.30827e-06 
-2.91975e-06 -3.86599e-06 
2.36039e-07 -8.86626e-06 
-3.02518e-06 3.2551e-06 
-5.35177e-06 3.21578e-06 
-1.96523e-06 9.01594e-07 
-2.86474e-06 -1.20532e-05 
-2.09531e-06 2.75977e-07 
-1.93825e-06 1.20548e-07 
-1.17233e-06 3.78742e-06 
-4.39367e-06 6.92724e-06 
-3.88413e-06 -9.63644e-07 
-1.79452e-06 -8.78468e-07 
-2.21922e-06 2.81222e-06 
-3.35844e-06 -1.30896e-05 
-3.32409e-06 1.43827e-06 
-4.7336e-06 6.5863e-06 
-5.22958e-06 6.19951e-07 
-6.86244e-06 4.45516e-06 
-4.1681e-06 -4.14584e-06 
-5.71488e-06 -2.05128e-06 
-2.68086e-06 1.38411e-05 
-1.92536e-06 -1.02545e-05 
1.70229e-06 2.70866e-06 
-4.45871e-06 -3.62694e-07 
-3.54633e-06 -3.43205e-06 
-5.28214e-06 3.76321e-06 
-2.90423e-06 5.11243e-07 
-5.80201e-06 2.12178e-06 
-7.82805e-07 7.8062e-06 
-4.01991e-07 -6.37093e-06 
