1.7335e-06 -1.58326e-06 
5.0974e-07 2.74421e-06 
-1.75914e-06 -3.54417e-06 
4.22841e-06 3.5499e-06 
-4.74346e-07 1.6604e-06 
-2.08833e-06 4.96286e-06 
8.08296e-06 4.92484e-06 
-6.14665e-06 5.70083e-06 
9.203e-08 6.29904e-06 
2.22813e-06 -7.22378e-07 
8.31278e-06 9.35471e-06 
8.00562e-06 -5.78275e-06 
-1.83331e-06 -3.74068e-06 
-1.04718e-05 -1.15049e-06 
-2.15107e-06 -1.01829e-05 
-2.61491e-06 4.64802e-06 
1.8698e-06 1.91865e-06 
-1.50974e-06 -3.50007e-06 
-4.07281e-06 3.68931e-06 
2.15354e-06 3.65925e-06 
4.18166e-06 2.91218e-06 
1.04825e-06 -7.69221e-06 
4.611e-06 2.68357e-06 
-8.53854e-08 2.88755e-06 
-3.38862e-07 -3.74152e-06 
-7.75803e-07 9.75441e-06 
5.48342e-06 -4.57824e-06 
-8.06084e-07 3.03426e-06 
4.73394e-06 9.65967e-07 
7.26034e-07 1.80576e-06 
-7.04628e-09 5.58477e-06 
3.93587e-07 5.17737e-06 
-4.76409e-06 2.73193e-06 
4.86436e-06 -1.3508e-06 
3.62837e-06 4.0744e-06 
-1.6209e-06 -1.72988e-06 
3.80488e-06 -2.80313e-06 
3.68669e-06 4.63887e-06 
4.77514e-06 3.75028e-06 
-9.21653e-06 -1.87021e-07 
-6.7951e-07 -1.10133e-06 
2.30877e-06 -8.59226e-06 
4.24978e-06 3.11626e-06 
8.76948e-07 2.17291e-06 
-6.7768e-07 -3.03665e-06 
3.92365e-06 -1.40046e-06 
-1.62105e-06 -1.3235e-07 
-4.06577e-06 2.50496e-06 
2.75737e-06 -5.84747e-06 
-1.09601e-06 5.52487e-06 
