-3.4849e-06 -2.06779e-07 
-5.67528e-06 3.51431e-07 
-3.23955e-06 -3.14572e-07 
-1.6276e-07 2.22195e-06 
-1.2326e-06 3.4586e-06 
-1.5977e-06 5.3518e-06 
-9.40243e-06 1.75961e-06 
3.36567e-07 1.31222e-06 
-9.93862e-06 -4.38575e-06 
-7.69985e-06 1.01699e-06 
9.37443e-07 2.19325e-06 
-1.42828e-05 1.51661e-06 
-1.98581e-06 6.46855e-06 
2.59618e-07 1.86433e-06 
7.68319e-06 5.76231e-06 
-7.99358e-06 5.96699e-06 
-3.83789e-06 3.61426e-06 
-7.89715e-06 3.11611e-06 
-3.01709e-06 1.1073e-06 
-2.88921e-06 7.13525e-06 
1.33337e-06 7.82946e-06 
-3.36755e-06 3.47598e-06 
8.71495e-07 4.27597e-07 
-3.21337e-06 4.21248e-06 
-3.8104e-06 2.38983e-06 
-3.64297e-06 2.1617e-06 
-1.47205e-06 4.52444e-06 
-1.89766e-06 3.08264e-06 
8.29449e-07 3.6744e-06 
-1.08751e-06 1.65866e-06 
-3.07138e-06 8.82515e-06 
-2.82336e-06 -6.5001e-06 
-3.31167e-06 -3.25749e-06 
-1.16059e-05 5.74304e-06 
-1.71052e-06 5.57752e-06 
-7.40834e-07 -5.1152e-06 
-1.8665e-06 5.578e-06 
-5.00254e-07 9.99615e-07 
-3.76863e-06 -1.23672e-08 
-2.4302e-06 3.42682e-06 
-4.74331e-06 -9.71704e-07 
-9.08547e-07 2.43279e-06 
-7.83673e-06 -8.77029e-08 
3.31891e-06 4.23273e-06 
-9.41014e-06 2.13773e-06 
4.835e-07 3.9009e-06 
-2.61211e-06 -1.21254e-06 
-2.71892e-06 5.21766e-07 
-2.86531e-06 1.3083e-06 
-4.10809e-06 -1.083e-06 
