-3.05862e-06 -3.19198e-06 
4.53589e-07 -5.8214e-06 
-3.80025e-06 -5.89851e-06 
-6.10633e-06 -1.15089e-05 
-2.39536e-06 -3.36291e-06 
-3.59869e-06 -1.50196e-05 
-2.84692e-06 -7.81219e-07 
-5.94794e-06 5.73991e-06 
-6.28426e-06 1.08207e-05 
6.56832e-06 -3.29478e-06 
-4.5953e-06 -4.55613e-06 
2.179e-06 -3.12966e-06 
-3.14388e-06 -1.04612e-05 
-1.74628e-06 -6.98547e-06 
-1.74217e-05 -1.13897e-05 
-1.98013e-06 -3.24483e-06 
-3.91063e-06 -7.03686e-06 
-1.62498e-06 -2.78695e-06 
-5.15772e-06 -4.38331e-06 
-4.40485e-06 -7.09366e-06 
-5.35355e-06 -1.09254e-05 
7.27638e-07 -1.15367e-05 
1.65018e-06 -7.82124e-06 
-7.17811e-06 -6.3954e-06 
-5.57281e-06 -4.27083e-06 
7.78468e-07 1.05258e-05 
-6.93235e-06 -6.39016e-06 
-4.23687e-06 -9.8427e-07 
-3.16974e-06 -2.3281e-06 
-4.12787e-06 -2.01687e-06 
-2.91931e-06 -1.68759e-05 
-3.7192e-06 -4.3115e-06 
-3.51702e-06 -3.09528e-06 
6.62991e-06 -1.72427e-05 
-3.94767e-06 -3.01012e-06 
-5.38318e-06 2.91668e-06 
-4.42264e-06 -6.09252e-06 
-4.23387e-06 -1.16912e-06 
-1.49028e-06 -1.40905e-06 
-1.56034e-06 -4.38735e-06 
-3.47041e-06 -2.95656e-06 
-3.41606e-06 -5.99664e-06 
1.1308e-06 -6.16357e-06 
-8.26216e-06 -4.6827e-07 
-6.69921e-07 -6.65353e-06 
-8.06547e-06 2.09931e-06 
-4.04772e-06 -4.75588e-06 
-3.91656e-06 -9.54833e-07 
-3.16757e-06 -4.10618e-06 
-3.57423e-06 -5.91667e-06 
