-2.05207e-06 -9.94086e-07 
1.34454e-06 -5.4253e-06 
-4.08677e-06 -3.49361e-06 
-7.45679e-07 3.18965e-06 
-6.98984e-07 2.24015e-06 
-1.52915e-07 5.33047e-06 
-9.23916e-06 -3.48329e-06 
-8.2705e-06 -8.49938e-07 
3.79542e-07 9.68206e-07 
-1.1603e-05 -3.75634e-06 
-3.6995e-06 -3.83669e-06 
-1.02431e-05 -6.10177e-07 
-5.5421e-07 5.2321e-07 
3.48395e-06 -4.6363e-07 
-1.3651e-05 -5.61822e-06 
-8.38716e-06 3.25057e-06 
-1.56253e-06 5.74437e-06 
2.08005e-06 -9.91109e-07 
-2.95101e-07 -9.85852e-07 
-3.10371e-06 5.60331e-06 
1.83797e-06 -1.3812e-06 
-3.02143e-06 4.51433e-06 
-4.02874e-06 2.43354e-06 
-4.97145e-06 -3.84239e-06 
1.14507e-07 -9.16151e-07 
-3.11266e-06 9.63449e-06 
-2.51633e-06 -2.84729e-06 
-3.19275e-07 4.88356e-06 
-2.53691e-06 9.20095e-07 
5.21715e-07 2.28967e-06 
-3.78764e-06 1.25938e-05 
-1.46561e-06 -1.03534e-06 
-1.74464e-06 -2.36502e-06 
-6.60009e-06 5.29838e-06 
5.2049e-08 -1.2865e-06 
7.90743e-07 -1.07584e-05 
-8.43562e-07 -3.01789e-07 
9.39407e-08 -2.86792e-06 
-3.50492e-06 -5.11501e-06 
-3.4945e-06 -3.91577e-06 
-9.51094e-07 -1.62639e-06 
-3.14771e-06 1.99051e-06 
-5.07063e-06 2.69478e-06 
-8.79119e-08 -2.68871e-06 
-3.39038e-06 5.58423e-07 
1.372e-05 -5.40412e-06 
-1.88437e-06 -2.54954e-06 
-1.73478e-06 -9.25253e-07 
-1.80226e-06 -1.47792e-06 
-1.04759e-06 1.87514e-06 
