-3.39581e-06 -2.94087e-06 
-3.02453e-07 -4.149e-06 
-5.05729e-06 -3.70154e-06 
-3.9009e-06 -1.34597e-05 
-1.11204e-06 -4.23661e-06 
-2.67475e-06 -8.45182e-06 
3.66856e-07 -1.59242e-06 
-1.39814e-06 1.47162e-05 
-2.58995e-06 1.70605e-05 
8.55173e-06 -3.33074e-06 
-4.85432e-07 -4.10802e-06 
-2.42112e-06 -1.34075e-07 
-2.10811e-06 -4.90414e-06 
1.01835e-06 -4.62165e-06 
6.52389e-06 -1.25519e-06 
-1.75294e-06 6.4482e-06 
-4.52942e-06 -1.58494e-06 
-6.66864e-06 -1.76866e-06 
-2.18882e-06 -4.17949e-06 
-2.42057e-06 5.90885e-09 
1.58802e-06 6.50877e-07 
-2.63374e-07 -1.64086e-05 
3.12239e-06 -1.06333e-06 
-4.63769e-06 -3.39901e-06 
-4.6464e-06 -4.7315e-06 
2.27278e-08 1.75635e-06 
-2.2035e-06 -4.04888e-06 
-3.70797e-06 -7.20726e-06 
-1.69175e-06 -2.90478e-06 
-8.47851e-06 -2.93338e-06 
-1.40977e-06 -1.94547e-05 
-3.17014e-06 2.45271e-07 
-1.89202e-06 -2.19435e-06 
-1.5586e-06 -1.65587e-06 
-8.41117e-07 -2.31253e-06 
-1.30944e-06 1.77739e-06 
-2.23875e-06 -1.3487e-06 
-1.06021e-06 -1.77205e-08 
-2.32824e-06 8.53296e-07 
-2.79574e-06 -5.62843e-06 
-1.98145e-06 -2.69846e-06 
-2.32005e-06 -3.19429e-06 
-3.33351e-06 4.06119e-06 
-5.28753e-06 -2.74331e-06 
-1.19934e-06 -2.99692e-06 
-1.74648e-05 -2.99511e-06 
-3.37166e-06 -3.0513e-06 
-2.82369e-06 4.04528e-06 
-1.99924e-06 -1.80137e-06 
-2.05178e-06 -1.3532e-06 
