2.0045e-06 -1.03558e-06 
9.48189e-07 -3.60748e-06 
-3.6078e-06 -1.81414e-06 
-1.1426e-06 2.92225e-06 
3.56585e-07 3.69701e-06 
-2.24357e-06 -8.95045e-06 
2.48781e-06 -1.83818e-06 
-4.77126e-06 1.17981e-05 
9.42934e-07 -1.05285e-05 
9.77992e-06 -3.47683e-06 
8.78677e-07 -5.30945e-06 
7.5904e-06 3.84392e-07 
1.80359e-06 -1.89545e-06 
4.53372e-06 -3.01e-06 
5.27672e-07 -3.67865e-06 
6.23842e-07 6.16809e-06 
-3.26153e-06 1.59386e-06 
1.03213e-06 -1.34551e-06 
-1.98843e-06 -3.61876e-06 
-3.23338e-06 -1.44944e-07 
6.16066e-06 -1.14952e-06 
-3.7791e-07 -2.4623e-06 
2.62818e-06 1.87803e-06 
-3.79384e-06 -1.09537e-06 
-3.00491e-06 -1.98824e-06 
2.22309e-06 7.91193e-06 
-1.56763e-06 -4.47393e-06 
-6.96996e-07 -8.44803e-06 
-1.46763e-06 -3.51032e-06 
-2.11051e-06 -7.706e-07 
-3.66457e-07 -7.20613e-08 
3.8692e-06 6.0956e-07 
-1.8223e-06 -1.92388e-06 
-5.37537e-07 -3.45856e-06 
2.37056e-06 -1.38656e-06 
3.34776e-06 -9.16675e-06 
2.08857e-07 9.33032e-08 
1.20703e-06 -7.68235e-07 
-4.52893e-07 1.14375e-06 
-1.53943e-06 -2.28628e-08 
-1.25611e-06 -1.52142e-06 
-1.87998e-06 -2.53377e-06 
-2.84448e-06 5.14735e-06 
-6.3356e-06 -2.40436e-06 
-2.38509e-06 -8.55795e-07 
1.48113e-05 -1.97548e-06 
-2.95107e-06 -1.44753e-06 
1.5826e-06 -5.57278e-06 
-3.36495e-07 -8.23726e-07 
-1.22199e-06 1.1507e-06 
