1.39732e-06 -3.57214e-07 
1.48693e-06 -2.42135e-06 
-3.12629e-06 -6.67749e-06 
-7.38119e-08 -7.40315e-06 
9.16314e-07 -4.38341e-06 
3.82974e-06 3.08614e-06 
1.00739e-07 1.24286e-08 
4.0781e-06 2.24206e-06 
-8.42472e-07 5.06078e-06 
-8.27452e-06 -7.5164e-07 
2.04529e-06 -3.97478e-06 
-2.96839e-06 7.08781e-08 
-5.82514e-07 2.07713e-07 
2.25402e-07 4.4544e-07 
2.20783e-06 1.20248e-06 
3.03421e-06 -1.98284e-06 
2.95996e-06 1.47934e-06 
-2.82386e-06 -2.33289e-07 
3.26105e-06 4.10683e-07 
2.62245e-06 4.14482e-06 
-3.22401e-06 3.24281e-06 
3.31081e-06 6.75377e-06 
1.35595e-06 -2.64775e-06 
3.36546e-06 -2.27582e-06 
2.09965e-06 3.23979e-06 
1.04002e-06 -1.34769e-05 
-1.23692e-06 1.62253e-06 
-8.87069e-08 8.27495e-06 
-1.56022e-06 3.88349e-06 
3.38195e-06 -3.83059e-07 
-1.28436e-06 6.61855e-06 
-5.00065e-06 -4.83931e-06 
2.67676e-06 -2.03785e-06 
2.88733e-06 1.71036e-06 
-2.31655e-06 -1.43354e-06 
-3.88367e-06 2.49319e-06 
5.06542e-06 2.56945e-07 
3.29981e-06 -1.0019e-06 
3.51022e-07 2.11679e-06 
7.10034e-07 -3.25909e-06 
2.45802e-07 -2.36518e-06 
2.05636e-06 -2.03675e-06 
-1.14801e-06 -4.73935e-07 
6.22732e-06 -1.14602e-06 
-4.11414e-06 -2.47571e-06 
-3.47098e-06 -2.37494e-06 
3.71938e-06 -2.16682e-06 
-1.8513e-06 3.18531e-06 
2.55081e-06 -2.52137e-07 
2.89875e-06 -3.04811e-06 
