-9.07763e-07 -7.54451e-07 
-1.3891e-06 -2.51076e-06 
-2.826e-06 3.97639e-06 
-8.56672e-06 2.8598e-06 
4.91876e-08 3.07502e-06 
3.53689e-06 7.17169e-07 
-5.39596e-08 4.32181e-07 
-1.42897e-06 2.08666e-06 
9.19238e-07 8.96891e-06 
1.17597e-05 -1.2841e-06 
1.88691e-06 1.58252e-06 
8.77916e-07 4.22116e-07 
3.00085e-06 -4.17749e-07 
7.86389e-06 -3.06832e-06 
1.33333e-06 2.58682e-06 
1.4398e-07 3.3221e-06 
-1.0137e-06 -2.02482e-06 
-4.01398e-06 -1.8171e-06 
9.97545e-09 1.78031e-06 
1.71726e-06 -1.90668e-06 
5.53657e-06 -9.53551e-07 
-5.09104e-08 -9.25306e-06 
8.69254e-07 1.9607e-06 
-6.67021e-06 1.74095e-06 
1.4789e-06 -8.64485e-07 
1.18158e-06 1.50024e-05 
-1.58952e-06 -3.40743e-06 
-2.30859e-06 -5.40831e-06 
1.03219e-06 -6.41912e-06 
-5.00189e-06 -4.27917e-07 
4.88074e-06 -1.31697e-06 
-6.79449e-06 3.68324e-06 
-2.13482e-06 1.36657e-06 
4.19876e-07 -1.06531e-06 
-1.42081e-07 8.3072e-07 
6.06705e-06 -3.77391e-07 
-1.52124e-07 -4.83432e-08 
3.74709e-07 -7.46095e-07 
6.86638e-07 4.31387e-06 
2.16384e-06 -5.35368e-07 
6.51587e-07 -6.72217e-09 
1.78484e-06 -1.16941e-06 
-2.17771e-06 1.33919e-06 
-2.23359e-06 -1.51022e-06 
3.41765e-06 -8.51032e-07 
8.76503e-06 1.83629e-06 
-5.99553e-07 -5.79548e-07 
2.02832e-06 -7.11078e-06 
2.10905e-06 2.946e-07 
-2.45931e-06 -3.77215e-07 
