1.62176e-06 6.92222e-08 
-2.52014e-06 -2.14178e-07 
-7.03396e-06 -5.57582e-06 
-5.80707e-06 8.59929e-06 
-2.10529e-06 -6.57794e-06 
2.55888e-06 1.88311e-06 
-4.05891e-06 5.22141e-07 
-8.75742e-08 2.69142e-06 
-1.12623e-06 5.79815e-06 
1.31549e-06 2.94344e-07 
4.82102e-07 1.80747e-08 
1.66112e-06 1.32583e-07 
-4.64845e-06 -1.3389e-07 
-3.60636e-06 8.13473e-07 
-1.93686e-06 -6.16502e-07 
-1.54599e-06 -6.55611e-07 
4.3971e-07 6.35312e-07 
-3.68053e-06 -1.83351e-06 
-1.39239e-06 4.0455e-07 
7.59383e-08 1.41092e-06 
-4.23535e-06 1.85164e-06 
-1.14459e-06 4.96338e-06 
-3.62293e-06 7.98118e-07 
-3.29722e-06 -1.15766e-07 
-1.16854e-06 1.24587e-06 
-2.32934e-06 4.35799e-06 
5.53422e-07 2.28116e-06 
-4.5377e-08 -1.28287e-06 
-1.44399e-06 -7.50294e-07 
2.89674e-06 -6.21467e-07 
1.02863e-06 4.85789e-06 
-1.68101e-06 -3.0654e-06 
-7.37518e-07 -5.01107e-07 
-1.34084e-06 9.94101e-07 
-3.27443e-06 -4.71059e-07 
-8.48935e-06 4.67255e-07 
3.36125e-07 5.02347e-07 
-1.47828e-06 7.14834e-07 
-2.45564e-06 3.73924e-06 
1.27528e-06 -4.52582e-06 
-6.79886e-07 -9.94755e-07 
1.4739e-06 -3.97361e-07 
3.19071e-06 -1.19026e-07 
-4.02692e-06 -9.48079e-07 
-2.86148e-06 -3.18314e-06 
-2.81474e-06 -3.507e-06 
4.21658e-06 2.95024e-07 
-1.69358e-06 1.03325e-05 
-1.80439e-06 -3.15875e-08 
-3.32426e-07 1.0224e-06 
