5.35244e-07 2.62351e-07 
-3.60145e-07 -3.11349e-06 
1.99447e-06 4.5335e-07 
-4.57562e-06 -8.68345e-06 
3.98608e-07 2.6512e-06 
-9.43471e-07 -2.54563e-06 
3.11739e-06 3.43751e-07 
-1.44352e-06 -9.69789e-08 
7.67607e-07 -2.99271e-06 
-1.27409e-05 -1.74515e-06 
-6.55813e-08 -2.89585e-07 
-2.00896e-06 -2.42214e-08 
-6.45409e-07 -1.49476e-06 
1.48126e-05 -2.92536e-06 
-2.7434e-06 -1.42714e-06 
-2.32543e-06 -1.23768e-06 
-6.1976e-07 -2.35654e-06 
1.38215e-06 2.42521e-06 
-9.6443e-07 7.16853e-08 
4.13716e-07 -3.22891e-06 
1.34857e-07 -3.15656e-06 
-1.07574e-06 -1.20782e-06 
1.94993e-06 -2.4736e-06 
-9.23517e-07 1.46168e-06 
-3.87687e-07 -1.96901e-06 
-7.23842e-07 2.83151e-06 
-4.99848e-06 -4.516e-06 
-2.26788e-06 -1.7344e-06 
-1.27391e-06 -8.53009e-07 
1.67814e-06 -3.99477e-06 
6.36752e-07 -3.74435e-06 
-2.80368e-06 1.70713e-06 
-5.94435e-07 -1.72949e-06 
-2.2427e-06 2.41192e-07 
3.11472e-06 -2.25324e-06 
-8.5435e-06 -1.71982e-06 
-1.18754e-06 -1.29798e-06 
-1.06003e-07 -3.39116e-06 
1.14298e-06 -4.87986e-06 
1.40515e-06 7.08734e-07 
-1.47282e-06 -1.89917e-06 
-3.381e-07 -2.13656e-06 
-1.14883e-06 1.56652e-06 
6.04956e-07 -2.03608e-06 
-3.81534e-07 -1.94759e-06 
9.51057e-07 -1.6795e-07 
-4.38119e-06 -1.8715e-06 
-3.59716e-06 -7.34879e-06 
-3.59385e-06 -1.40514e-06 
3.36116e-08 -5.469e-07 
