-3.8401e-06 -2.8078e-06 
-4.99297e-07 -4.93842e-07 
-1.95477e-06 -1.8172e-06 
-7.53507e-06 -1.52187e-06 
-1.07855e-06 -2.73832e-06 
-1.61344e-06 -2.22967e-06 
-1.96237e-06 -2.59501e-06 
-1.35261e-06 -3.10444e-06 
-2.08198e-06 -8.11216e-07 
-4.29317e-07 -9.62096e-07 
-3.30166e-06 -2.08058e-06 
-1.69915e-06 -1.75409e-06 
2.86489e-07 -2.61672e-06 
-1.79987e-05 2.19413e-06 
-5.62835e-07 -2.57405e-06 
-1.38907e-06 -9.8061e-07 
-1.2776e-06 -2.80776e-06 
8.84972e-07 -2.01035e-07 
-1.39945e-06 -1.79962e-06 
-2.11053e-06 -1.02207e-06 
-1.29726e-06 -9.31224e-07 
-1.75401e-06 -2.5864e-07 
-1.07278e-06 -1.04946e-06 
-1.23252e-06 -2.55959e-06 
-1.59398e-06 -3.22126e-06 
-9.94385e-07 7.38981e-06 
1.87171e-07 -4.7573e-06 
-1.25755e-06 -1.45119e-06 
-1.43924e-06 -3.7571e-07 
-1.01443e-06 3.10926e-06 
-3.62051e-07 -5.15223e-07 
-3.08076e-06 -1.26599e-06 
-2.05602e-06 -1.10775e-06 
-1.13713e-06 -2.26636e-06 
1.11435e-06 2.44378e-06 
-1.39244e-06 4.49899e-08 
-1.55396e-06 -2.2562e-06 
1.27628e-06 1.55545e-06 
-1.81779e-06 -5.75135e-06 
-2.01984e-06 -1.26459e-06 
-2.02784e-06 -9.4897e-07 
-1.00502e-06 -3.52682e-07 
1.58762e-07 -4.35381e-07 
-1.34723e-06 -2.24221e-06 
-8.84836e-07 -1.23691e-06 
-1.72227e-06 -1.33606e-06 
-1.20066e-06 -2.21513e-06 
-6.05337e-07 -2.55616e-06 
-1.02798e-06 -2.03218e-06 
-1.06e-06 -2.71112e-06 
