3.0886e-06 -4.50055e-06 
-1.81898e-06 -3.34631e-06 
-2.10013e-06 -2.7172e-06 
1.0003e-06 -1.28587e-06 
-1.35012e-06 -1.38704e-06 
-1.19643e-06 -1.54564e-06 
-1.4157e-06 -1.8602e-06 
-1.8135e-06 1.75438e-06 
-1.19178e-06 4.93906e-06 
-3.87201e-06 -2.17879e-06 
-2.50689e-08 -2.52996e-06 
3.12924e-07 -4.9677e-07 
-9.42858e-07 -1.7397e-06 
2.36436e-05 -5.14216e-06 
-1.48065e-06 -1.77664e-06 
-1.78898e-06 -1.89774e-06 
-1.52287e-06 -2.10183e-07 
-1.01734e-06 -1.43187e-06 
-1.60758e-06 -2.74415e-06 
2.25079e-06 -2.50073e-06 
-1.64786e-06 -2.41023e-06 
-1.55154e-06 -7.60458e-07 
-1.50097e-06 -2.19579e-06 
-1.61307e-06 -1.63111e-06 
-8.6517e-07 -1.69837e-06 
-1.88104e-06 -1.26304e-05 
-9.59094e-07 -9.02154e-06 
-1.86551e-06 -5.07967e-07 
-1.52118e-06 -2.46089e-06 
-1.28415e-06 -2.13008e-06 
-2.09231e-06 -3.11976e-06 
-1.52791e-06 1.25616e-06 
-1.43816e-07 -3.45962e-06 
-1.84426e-06 9.99047e-08 
-2.1423e-06 3.2743e-06 
-1.99255e-06 -8.64737e-06 
-1.45568e-06 -2.30335e-06 
-2.19171e-07 3.7768e-07 
-8.64255e-07 6.04697e-06 
-1.73856e-06 -9.38533e-07 
-1.78472e-06 -1.72307e-06 
3.59652e-07 -4.50516e-06 
-2.9458e-06 -1.8832e-06 
-1.5083e-06 -1.70365e-06 
-1.99321e-06 -2.73531e-06 
-1.8665e-06 -1.63432e-06 
-1.82445e-06 -8.74763e-07 
-1.6258e-06 -2.80571e-06 
-1.80828e-06 -2.50649e-06 
-2.45451e-06 -2.583e-06 
