2.00603e-06 1.95064e-06 
-1.58344e-06 -1.17975e-06 
-2.26881e-06 1.86192e-07 
-5.46484e-07 4.74722e-06 
-1.99568e-06 6.55204e-07 
-1.70735e-06 1.2558e-06 
-1.81287e-06 2.41561e-06 
-1.81513e-06 7.63384e-06 
-1.86528e-06 1.09382e-06 
-1.82083e-06 -8.9881e-07 
-2.28765e-06 1.75236e-06 
2.23122e-07 -2.50714e-07 
-1.32683e-06 -1.94008e-07 
8.38873e-06 -1.38384e-06 
-1.13682e-06 -1.34041e-06 
-1.81976e-06 4.29629e-06 
-1.63387e-06 -1.07401e-07 
-1.46521e-06 -8.77609e-08 
-1.65213e-06 -1.75255e-06 
-2.91027e-06 3.81762e-06 
-1.88878e-06 -5.63735e-07 
-1.44819e-06 3.55484e-06 
-2.17071e-06 7.7095e-07 
-1.66944e-06 -3.34738e-07 
-1.43362e-06 1.43784e-06 
-1.89923e-06 2.8537e-06 
-1.70503e-06 -1.47507e-06 
-1.70389e-06 -2.63343e-07 
-1.65286e-06 2.2155e-06 
8.37041e-08 1.72833e-07 
-1.71062e-06 -2.26548e-07 
-1.92059e-06 -2.69368e-06 
-6.44981e-08 -5.88806e-07 
-5.24215e-07 9.75284e-07 
-2.17063e-06 9.54558e-07 
-1.8958e-06 9.58019e-06 
-2.11439e-06 1.77841e-06 
-1.90434e-06 3.0707e-06 
-1.46778e-06 1.68146e-05 
-1.37921e-06 3.52764e-07 
-1.86349e-06 -1.87966e-07 
2.06263e-06 1.41659e-06 
-1.90931e-06 7.76299e-07 
-1.66697e-06 9.63947e-07 
-1.84786e-06 6.96532e-07 
-1.70402e-06 1.61361e-06 
-1.37878e-06 3.73589e-07 
-1.62042e-06 1.16836e-06 
-1.66089e-06 -1.32799e-06 
-1.72992e-06 9.71665e-07 
