0.003822 0.00644349 
0.000494518 -0.000309026 
-0.0012982 -0.000228214 
0.000652118 -0.000765991 
-0.000341167 -0.000175045 
-0.000683339 -0.00120226 
-0.000867054 -6.75747e-05 
0.000148482 0.00293178 
0.000210858 0.00205138 
-0.000423056 -0.000838178 
0.00203642 -0.000941474 
0.000381354 -0.000955374 
0.000599023 0.000570909 
0.00128499 -0.000833991 
0.00132824 -0.000743007 
0.000777023 -0.000906199 
0.000221249 -0.00225373 
0.00150316 0.00588099 
0.000179938 0.000376943 
-0.00063761 0.00124728 
