-6.32341e-06 -1.70082e-06 
-1.82437e-06 -1.36396e-06 
-2.03462e-06 -1.72304e-06 
-5.71565e-06 -4.71812e-07 
-2.18855e-06 -6.7306e-07 
-1.06151e-06 -7.03072e-07 
-2.10723e-06 -4.0508e-07 
-1.42771e-06 -1.03117e-05 
-2.09658e-06 -8.7925e-07 
-1.86959e-06 -6.89159e-07 
-1.99457e-06 -5.83757e-07 
-1.365e-06 -9.97549e-07 
-1.82717e-06 6.17516e-07 
-5.2411e-06 -1.76201e-06 
-1.82422e-06 -5.08305e-07 
-1.77801e-06 4.19393e-07 
-2.26926e-06 -6.52816e-07 
-1.28238e-06 -2.46824e-06 
-1.64003e-06 -1.81292e-06 
-2.02683e-06 2.34002e-06 
-2.14768e-06 -6.88743e-07 
-1.84944e-06 8.45716e-07 
-1.87973e-06 -1.59766e-08 
-2.09909e-06 -5.88961e-07 
-2.03504e-06 -3.24497e-07 
-2.02849e-06 -1.19766e-06 
-1.78379e-06 -7.03808e-07 
-1.85353e-06 -6.38298e-07 
-2.0077e-06 1.21362e-07 
-1.07634e-06 -2.61546e-06 
-2.18571e-06 -6.34087e-07 
-2.1453e-06 -7.45127e-07 
-2.38091e-06 -7.61501e-07 
-1.51625e-06 -7.30569e-07 
-2.63202e-06 -4.5142e-06 
-2.14385e-06 -2.4292e-06 
-2.31287e-06 -7.04273e-07 
-2.09451e-06 2.003e-08 
-8.09117e-07 -3.73651e-06 
-1.69762e-06 -1.1227e-06 
-2.33957e-06 -9.17613e-07 
-2.09386e-06 -3.39411e-07 
-2.02337e-06 -7.45531e-07 
-2.00056e-06 -1.30822e-06 
-2.62081e-06 -6.72162e-07 
-2.0385e-06 -1.31519e-06 
-1.95334e-06 -7.03038e-07 
-1.97419e-06 -2.41332e-06 
-1.27005e-06 -8.54549e-07 
-2.24487e-06 -5.6885e-06 
