1.6739e-06 -1.54325e-06 
-1.08588e-06 -1.08837e-06 
-1.66031e-06 -2.68982e-07 
-3.54216e-06 -4.5948e-07 
-1.31427e-06 -3.02541e-08 
-1.36944e-06 -1.12531e-06 
-1.11034e-06 -1.2819e-06 
-1.2505e-06 6.67338e-06 
-1.05814e-06 -8.88798e-07 
-1.13677e-06 -1.07403e-06 
-3.11029e-07 -3.60948e-07 
-1.26029e-06 -7.83828e-07 
-6.44453e-07 -3.26284e-08 
4.54138e-06 1.4111e-07 
-1.03804e-06 -6.27914e-07 
-1.13177e-06 -1.09525e-06 
-5.60284e-07 -1.19366e-06 
-1.273e-06 -4.39894e-07 
-1.39092e-06 -1.84447e-08 
-1.14905e-06 -8.74365e-07 
-4.99646e-07 -9.11874e-07 
-1.21954e-06 -2.78554e-06 
-1.27679e-06 -8.19151e-07 
-8.68677e-07 -1.46752e-06 
-1.01177e-06 -1.2597e-06 
-9.97189e-07 1.7352e-07 
-1.17241e-06 -9.01039e-07 
-7.00663e-07 -8.52428e-07 
-1.20204e-06 -1.08027e-06 
-7.09175e-07 -4.94563e-07 
-1.52904e-06 -2.85932e-07 
-5.22289e-07 -9.10623e-07 
6.95633e-08 -8.50032e-07 
-1.07845e-06 -7.96283e-07 
-5.0684e-07 2.08912e-06 
-5.41579e-07 -5.98688e-07 
-5.88597e-07 -1.44644e-06 
-3.27207e-07 -1.60033e-06 
-1.03887e-06 -9.55929e-07 
-3.69557e-07 -3.38435e-06 
-1.28832e-06 -6.67325e-07 
-4.09747e-07 -1.08871e-06 
-9.42083e-07 -6.60094e-07 
-1.54669e-06 -1.0477e-06 
-1.77452e-06 -9.98157e-07 
-1.7412e-06 -1.67356e-07 
-1.24977e-06 -9.19965e-07 
-1.13646e-06 -9.87174e-07 
-3.61623e-07 -9.70553e-07 
-4.78448e-07 1.64577e-06 
