-3.99424e-07 -3.96223e-07 
-2.09654e-06 -1.1101e-06 
-1.35838e-06 -8.51266e-07 
-2.04734e-06 9.30879e-07 
-2.14417e-06 9.38416e-07 
-1.26433e-06 -8.01139e-07 
-1.78197e-06 1.26713e-08 
-1.55601e-06 -8.49883e-06 
-2.17272e-06 -9.08244e-07 
-1.59994e-06 -8.82664e-07 
-6.7178e-07 -2.12468e-07 
-1.24979e-06 -6.19693e-07 
-1.68262e-06 -2.40014e-06 
9.48472e-06 -2.75867e-07 
-1.10002e-06 -7.29583e-07 
-1.20361e-06 -1.79503e-06 
-1.14318e-06 -6.88103e-07 
-1.47197e-06 -9.73777e-07 
-2.15009e-06 9.29653e-07 
-8.1207e-07 -1.67231e-07 
-1.34546e-06 -8.34298e-07 
-2.09585e-06 -1.17499e-06 
-1.54119e-06 -6.21003e-07 
-2.02125e-06 1.07305e-07 
-9.59314e-07 -1.6021e-06 
-2.48385e-06 -2.49401e-07 
-1.23039e-06 -1.07438e-06 
-2.06893e-06 -9.79906e-07 
-2.02073e-06 -1.52369e-06 
-4.05565e-07 -1.91588e-07 
-2.22091e-06 -6.12586e-07 
-1.22406e-06 -8.88764e-07 
-3.48116e-06 -1.19753e-06 
-1.16281e-06 -8.96504e-07 
-1.06654e-06 -5.73208e-07 
-6.57334e-07 -1.23309e-06 
-1.72679e-06 -9.64474e-07 
-9.63851e-07 -2.44043e-07 
-1.71305e-06 1.96882e-06 
-1.19829e-06 -4.92261e-07 
-2.24079e-06 -7.52986e-07 
-8.73292e-07 -8.50916e-07 
-1.18575e-06 -9.60691e-07 
-1.84449e-06 -9.92406e-07 
-8.49551e-07 -9.09211e-07 
-1.77582e-06 5.88569e-07 
-1.23051e-06 -8.58828e-07 
-1.56673e-06 -1.46371e-06 
-1.13492e-06 -6.48063e-07 
-5.6226e-07 1.58162e-06 
