-2.18165e-06 -1.29472e-06 
-1.8709e-06 -1.02062e-06 
-1.57431e-06 -1.23301e-06 
-3.43593e-07 1.90232e-06 
-2.19225e-06 4.02978e-08 
-1.12545e-06 -7.96032e-07 
-2.1873e-06 -3.11038e-07 
-1.44533e-06 -4.31004e-06 
-2.02858e-06 -6.62274e-07 
-1.40611e-06 -5.06634e-07 
-1.3479e-06 -5.28717e-07 
-1.21375e-06 -7.05677e-07 
-2.0664e-06 -2.27773e-06 
1.26732e-07 -6.91784e-07 
-1.06771e-06 -7.45697e-07 
-1.18194e-06 3.79312e-06 
-6.87935e-07 -3.5659e-07 
-1.04033e-06 -1.25761e-06 
-8.65448e-07 -9.26154e-07 
-7.95927e-07 3.10873e-07 
-1.75525e-06 -6.53493e-07 
-1.2969e-06 2.78537e-07 
-1.40313e-06 -2.91612e-07 
-2.09653e-06 6.08629e-07 
-9.78244e-07 -1.09162e-06 
-1.97219e-06 -9.90623e-07 
-1.26457e-06 -7.66117e-07 
-2.6934e-06 -5.94228e-07 
-2.07702e-06 -7.30043e-08 
-1.31088e-06 -1.61082e-06 
-1.74455e-06 -1.37391e-08 
-1.49724e-06 -7.79457e-07 
-4.57621e-06 -2.37017e-07 
-1.29383e-06 -5.88678e-07 
-2.24668e-06 -2.56218e-06 
-1.18026e-06 -1.04203e-06 
-1.80557e-06 -5.27157e-07 
-1.58466e-06 5.07024e-07 
-1.24605e-06 -2.47692e-06 
-1.88983e-06 7.82454e-07 
-1.37438e-06 -6.94427e-07 
-1.71223e-06 -3.56578e-07 
-1.32088e-06 -8.29177e-07 
-2.14978e-06 -8.22153e-07 
-3.18386e-07 -8.37957e-07 
-1.33661e-06 -6.51796e-07 
-1.3831e-06 -4.38906e-07 
-1.66799e-06 -1.6359e-06 
-1.6993e-06 -4.12696e-07 
-5.8748e-07 9.597e-07 
