-1.85541e-06 -1.59279e-06 
-1.23536e-06 -6.34974e-07 
-1.36644e-06 -5.94343e-07 
-1.70284e-06 -7.09428e-07 
-8.16328e-07 -5.66799e-08 
-1.23615e-06 -2.86699e-07 
-1.72048e-06 -2.55281e-07 
-1.11279e-06 -8.0178e-06 
-7.5738e-07 -3.22467e-07 
-1.20768e-06 -2.11344e-07 
-7.92235e-07 -3.1729e-07 
-1.07545e-06 -6.2088e-07 
-1.92973e-06 -1.91266e-06 
-2.05526e-06 -3.30473e-07 
-8.10252e-07 -2.72286e-07 
-9.34389e-07 3.66076e-06 
-6.74681e-07 -6.62428e-07 
-1.88574e-06 -5.58095e-08 
-2.45631e-06 1.52195e-06 
-5.66773e-07 8.85805e-07 
-1.24717e-06 -6.54716e-07 
-1.08924e-06 -8.45861e-07 
-8.48928e-07 -2.43588e-07 
-6.2349e-07 1.35507e-07 
-1.04299e-06 -2.47305e-07 
-1.75114e-06 -4.2466e-07 
-1.05439e-06 -3.3054e-07 
-1.74039e-06 -4.20163e-07 
-9.53763e-07 -9.94178e-07 
-5.94796e-07 -1.81614e-06 
-1.35599e-06 -2.74755e-07 
-1.20899e-06 -7.40494e-07 
-4.43786e-06 -2.91377e-07 
-9.0981e-07 -4.26403e-07 
-1.31421e-06 -1.28797e-06 
-7.89769e-07 3.36943e-07 
-1.37699e-06 -6.59529e-07 
-1.00066e-06 1.00132e-06 
-1.10248e-06 1.20304e-06 
-1.57237e-06 7.4231e-07 
-1.64796e-06 -5.36712e-07 
-9.1241e-07 -1.78082e-07 
-1.53364e-06 -5.6909e-07 
-1.71363e-06 -6.95576e-07 
-4.67318e-07 -6.21696e-07 
-2.03055e-06 -4.40934e-07 
-1.01899e-06 -5.29189e-07 
-1.1571e-06 -1.26535e-06 
-1.30549e-06 -2.79993e-07 
-6.63097e-07 -2.01917e-07 
