-3.57719e-06 -2.03558e-06 
-1.84985e-06 -5.32123e-07 
-2.30979e-06 -7.55187e-07 
-1.76046e-06 -4.94261e-07 
-2.32957e-06 -1.61459e-07 
-1.6945e-06 -1.34353e-06 
-2.43439e-06 -5.25402e-07 
-2.1863e-06 -4.66252e-06 
-2.81491e-06 -5.75973e-07 
-1.6663e-06 -3.08129e-07 
-2.88993e-06 -3.56204e-07 
-1.30212e-06 -8.85561e-07 
-2.20187e-06 -2.46883e-06 
-7.66036e-06 -7.17203e-07 
-1.07851e-06 -5.17259e-07 
-2.36065e-06 2.71463e-06 
-7.02321e-07 -8.47187e-07 
-1.8135e-06 -1.62122e-07 
-1.38429e-06 9.14354e-07 
-8.66091e-07 9.00335e-08 
-1.08894e-06 -6.10757e-07 
-1.36976e-06 -1.08781e-06 
-1.27134e-06 -4.32234e-07 
-1.51007e-06 6.10905e-07 
-1.72885e-06 4.26817e-07 
-1.64209e-06 -8.45444e-07 
-1.12262e-06 -3.47163e-07 
-1.86507e-06 -3.9054e-07 
-1.33389e-06 2.26619e-06 
-1.67478e-06 -1.67776e-06 
-1.5166e-06 -4.25879e-07 
-2.27213e-06 -5.79657e-07 
-2.25932e-06 -3.76121e-07 
-1.3445e-06 -4.25108e-07 
-1.51721e-06 -4.54147e-07 
-1.96673e-06 -1.0759e-06 
-1.43928e-06 -7.18404e-07 
-1.78146e-06 9.45274e-08 
-1.37685e-06 -1.94301e-06 
-2.21444e-06 -1.19729e-06 
-1.6751e-06 -4.79436e-07 
-2.30223e-06 5.61076e-08 
-1.94092e-06 -6.81857e-07 
-2.58111e-06 -4.05342e-07 
-1.13602e-07 -4.22233e-07 
-2.67941e-06 -1.33921e-06 
-2.293e-06 -5.28306e-07 
-1.49419e-06 -4.9731e-07 
-1.26723e-06 -4.31394e-07 
-1.59579e-06 8.46842e-07 
