-4.26412e-08 -2.01435e-06 
-1.73108e-06 -3.48889e-07 
-1.16408e-06 -4.56912e-07 
-1.73333e-06 -2.85003e-07 
-7.63659e-07 -5.97476e-07 
-1.62564e-06 -1.4482e-06 
-1.50555e-06 -3.66639e-07 
-1.80408e-06 5.27086e-06 
-9.37073e-07 -6.02771e-07 
-1.94075e-06 -5.38418e-07 
-1.88106e-06 -6.05271e-07 
-1.46993e-06 -5.30483e-07 
-1.06374e-06 -1.1625e-07 
-5.14025e-06 -6.27932e-07 
-1.35314e-06 -6.84791e-07 
-3.26577e-06 -1.42307e-06 
-9.81818e-07 -1.30202e-06 
-1.28462e-06 -5.14226e-07 
-5.61826e-07 -5.34589e-07 
-1.37125e-06 4.81085e-08 
-9.68068e-07 -6.46808e-07 
-1.26606e-06 9.29032e-08 
-1.59245e-06 -6.53868e-07 
-2.0228e-06 -6.44447e-07 
-1.92813e-06 -1.65802e-08 
-1.53204e-06 -1.92001e-07 
-1.43175e-06 -4.6541e-07 
-1.70697e-06 -4.73998e-07 
-1.31128e-06 2.14512e-06 
-1.92521e-06 5.13784e-07 
-1.40269e-06 -5.35917e-07 
-2.01021e-06 -3.33436e-07 
-1.40271e-07 -6.41541e-07 
-1.66175e-06 -4.24162e-07 
-1.44679e-06 -1.03533e-06 
-2.16637e-06 -1.87161e-06 
-1.19643e-06 -1.0689e-06 
-1.81741e-06 -8.26955e-07 
-1.20396e-06 9.82441e-07 
-1.38619e-06 -2.14992e-06 
-1.54721e-06 -3.69627e-07 
-5.45804e-07 -4.09655e-08 
-1.3279e-06 -5.86027e-07 
-1.86553e-06 -1.19454e-06 
-3.21444e-07 -2.80321e-07 
-1.22062e-06 -7.3567e-07 
-1.98698e-06 -5.54968e-07 
-1.55454e-06 -8.68233e-07 
-1.07639e-06 -6.44438e-07 
-1.37869e-06 2.11348e-06 
