1.1239e-06 -1.53049e-06 
-1.65313e-06 -1.95459e-06 
-4.44351e-07 -2.26492e-07 
-1.42547e-06 -1.36086e-07 
7.56656e-07 -8.49986e-07 
-6.51171e-07 -3.87338e-07 
-1.29979e-06 -2.67616e-07 
-9.15491e-07 6.32742e-07 
-4.09137e-07 -5.39258e-07 
-1.56621e-06 -3.01779e-07 
-8.67148e-07 -7.71543e-07 
-1.4918e-06 -4.91329e-07 
-8.66573e-07 6.35072e-07 
-2.15445e-06 -3.7439e-07 
-1.26685e-06 -4.97005e-07 
-1.36624e-06 2.14547e-06 
-1.04503e-06 -1.34841e-06 
-9.79199e-07 -6.82797e-07 
-1.80568e-06 -5.52975e-07 
-1.1811e-06 -6.9908e-08 
-1.38557e-06 -4.70703e-07 
-1.2889e-06 3.35422e-07 
-1.70272e-06 -4.99813e-07 
-7.81334e-07 -5.62746e-07 
-1.79946e-06 -2.95093e-07 
-1.48712e-06 -2.22911e-08 
-1.54315e-06 -3.9296e-07 
-1.62521e-06 -7.30724e-07 
-1.16771e-06 1.74765e-06 
-2.58689e-07 -1.44694e-06 
-1.30365e-06 -5.1665e-07 
-1.75685e-06 -4.33463e-07 
-1.9425e-06 -5.86725e-07 
-1.51222e-06 -4.25286e-07 
-1.31755e-06 -9.97096e-07 
-6.30223e-07 -1.32778e-06 
-1.02014e-06 -1.39174e-06 
-1.61575e-06 -1.07347e-06 
-1.18955e-06 2.93085e-06 
-6.99024e-07 -2.16919e-06 
-1.4317e-06 -4.0034e-07 
2.54819e-08 -4.46854e-07 
-8.99244e-07 -2.86748e-07 
-1.49264e-06 -1.61059e-06 
-6.75115e-07 -3.83399e-07 
-4.55743e-07 2.71492e-09 
-1.1108e-06 -5.55993e-07 
-1.53434e-06 -8.21201e-07 
-1.19888e-06 -6.01173e-07 
-9.52487e-07 -5.35304e-08 
