1.4934e-07 -2.95789e-07 
-1.43878e-06 -2.48044e-06 
-6.0836e-07 -2.72484e-07 
-1.03022e-06 -3.57533e-07 
-1.66882e-06 -4.73325e-07 
-1.15325e-06 -7.34077e-07 
-2.10396e-06 -7.49427e-07 
-8.48835e-07 -3.97957e-06 
-2.0338e-06 -5.97939e-07 
-1.28971e-06 -2.0268e-07 
-1.59554e-06 -5.44716e-07 
-1.30578e-06 -9.16803e-07 
-1.33333e-06 -2.81077e-06 
9.02936e-07 -3.91257e-07 
-1.11133e-06 -5.0231e-07 
-7.56449e-07 4.49526e-06 
-7.89005e-07 -9.02523e-07 
-1.13568e-06 -5.14212e-07 
-2.26896e-06 -5.98108e-07 
-1.05656e-06 -8.27361e-07 
-1.18378e-06 -5.72237e-07 
-1.25063e-06 2.30658e-07 
-1.12323e-06 -6.23479e-07 
2.10242e-07 4.54369e-07 
-9.54065e-07 -8.56216e-07 
-1.26356e-06 -1.03486e-07 
-1.40273e-06 -5.62545e-07 
-1.05297e-06 -8.70508e-07 
-1.01952e-06 -2.05946e-06 
-4.07333e-07 -2.39936e-06 
-1.24482e-06 -6.3964e-07 
-1.47392e-06 -6.22215e-07 
-2.79654e-06 -6.05888e-07 
-1.17665e-06 -5.68579e-07 
-1.31596e-06 -7.96912e-07 
-4.92567e-07 5.65383e-07 
-1.188e-06 -6.8018e-07 
-1.05828e-06 -7.11068e-07 
-1.18552e-06 -4.66583e-07 
-5.45922e-07 -1.46119e-06 
-1.00298e-06 -5.42737e-07 
-3.24814e-07 -6.39212e-07 
-9.17302e-07 -8.49214e-07 
-1.846e-06 -1.64304e-06 
-1.35165e-06 -6.2498e-07 
-3.03334e-06 -5.24105e-07 
-1.253e-06 -6.0652e-07 
-1.23569e-06 -7.63185e-07 
-1.28829e-06 -5.69596e-07 
-3.57225e-07 -2.01443e-06 
