-0.00525322 -0.00216881 
-0.000572487 -0.00035412 
0.00518021 -0.000194434 
0.00153546 -0.000595113 
-0.00105034 -8.43089e-05 
-0.001191 -0.000270015 
-0.000840547 -0.000504278 
-0.00223523 -0.000907451 
-0.00282997 0.000998755 
-0.00170114 -0.000258489 
-0.0015167 8.0565e-05 
-0.00116244 -0.000494014 
-0.00125928 -0.000478689 
-0.00102018 0.00090339 
-0.00226411 -0.000531774 
-0.000869123 -0.00151004 
-0.00128713 -0.00104329 
-0.000868241 -0.00644972 
0.000289009 -6.08306e-05 
-0.00160933 -0.00120322 
