-1.09356e-06 -1.50293e-06 
-1.83436e-06 5.52022e-07 
-1.5137e-06 -8.10578e-07 
-1.37673e-06 -4.94483e-07 
-6.97918e-07 -5.08396e-07 
-1.04332e-06 -8.16468e-07 
-1.74709e-06 -6.76501e-07 
-1.88675e-06 2.54908e-06 
-2.72443e-06 -6.05363e-07 
-9.97977e-07 -1.02284e-06 
-7.46406e-07 -4.44784e-07 
-1.1015e-06 -8.79488e-07 
-1.8624e-06 1.32656e-06 
-2.89195e-06 -4.82268e-07 
-1.16526e-06 -6.71297e-07 
-3.52841e-06 1.194e-07 
-7.2759e-07 -5.06933e-07 
-1.25921e-06 -5.65074e-07 
-1.07982e-06 -6.36778e-07 
-1.32384e-06 -1.21837e-07 
-1.18487e-06 -5.6362e-07 
-1.20683e-06 -1.20272e-06 
-1.21504e-06 -6.49521e-07 
-1.22729e-06 -9.73831e-07 
-1.15556e-06 -7.67466e-07 
-1.18389e-06 -6.72679e-07 
-1.08987e-06 -6.08227e-07 
-1.55818e-06 -4.03892e-07 
-1.25379e-06 1.24426e-06 
-2.22017e-06 1.83066e-07 
-1.14606e-06 -6.6468e-07 
-1.17285e-06 -4.51313e-07 
-2.20358e-06 -6.53535e-07 
-1.05168e-06 -5.32586e-07 
-1.30205e-06 -6.78741e-07 
-1.67856e-06 -1.10914e-06 
-1.25035e-06 -1.31662e-06 
-1.46985e-06 -9.86567e-07 
-1.21015e-06 -5.11039e-07 
-8.92407e-07 3.76144e-07 
-1.04488e-06 -5.91749e-07 
-1.42057e-06 -6.4134e-07 
-1.23541e-06 -7.50353e-07 
-7.94965e-07 -2.68025e-07 
-1.00889e-06 -6.13307e-07 
-1.04877e-06 -9.90999e-07 
-1.23574e-06 -6.34148e-07 
-1.1987e-06 -6.01361e-07 
-1.15655e-06 -6.39403e-07 
-1.37305e-06 1.84368e-06 
