-2.45759 -4.68444 
1.21996 1.86687 
3.34118 0.920314 
2.18555 -6.39045 
3.19917 -11.1488 
3.4273 2.78308 
-8.79047 1.8908 
1.19381 -0.782127 
2.11461 2.98739 
4.03661 1.0707 
4.95828 1.10718 
3.90372 -9.14414 
4.46391 2.60725 
1.86536 2.12007 
8.25714 -1.52468 
4.10182 1.06123 
2.25051 -14.2448 
-1.86767 9.35304 
4.40157 2.54445 
3.19842 3.41323 
5.02208 2.96716 
2.55724 5.58131 
3.49151 10.8336 
5.13862 0.197722 
2.21465 1.53533 
-0.233093 3.4139 
3.69586 1.64062 
13.3203 7.15518 
-1.94479 -0.863903 
4.28299 1.2156 
4.16594 -4.73846 
4.8145 1.22455 
6.57472 2.9746 
5.81432 -5.72019 
4.3829 2.00569 
-4.41478 3.01421 
-1.10053 -4.55415 
4.29403 2.11392 
1.77079 1.20039 
3.99298 3.2394 
4.78548 1.76556 
3.38699 1.13302 
0.458057 8.56856 
-1.7239 -2.78387 
2.20151 2.89871 
2.27017 1.11082 
6.12059 -1.89528 
1.77005 -7.4416 
7.906 -3.97472 
0.423879 3.86329 
