1.42025e-06 -1.59299e-06 
-2.18039e-06 -2.59653e-06 
-2.24749e-07 -7.4411e-07 
-1.48001e-06 -5.68468e-07 
-2.66954e-08 -7.22638e-07 
-1.02329e-06 -6.63647e-07 
-1.87531e-06 -1.4615e-07 
-2.23487e-06 4.66272e-06 
-1.60676e-06 -5.83701e-07 
-1.2038e-06 -7.66706e-07 
-5.75758e-07 -5.69058e-07 
-1.20872e-06 -5.01445e-07 
-8.93313e-07 3.04444e-06 
-2.755e-06 -6.46256e-07 
-1.33159e-06 -4.46126e-07 
6.91511e-07 1.97192e-06 
-1.11348e-06 -1.33073e-06 
-1.1094e-06 -6.36214e-07 
-4.64929e-08 -6.37379e-07 
-1.39666e-06 2.48845e-08 
-1.30991e-06 -5.1287e-07 
-1.20537e-06 -5.04771e-07 
-1.18344e-06 -6.36786e-07 
-1.81137e-07 1.0683e-07 
-1.31259e-06 -6.93119e-07 
-1.64018e-06 -3.94405e-07 
-1.13253e-06 -7.0516e-07 
-1.4312e-06 -6.08738e-07 
-1.27471e-06 1.29118e-06 
3.79837e-07 1.09969e-06 
-1.26728e-06 -5.53827e-07 
-1.33327e-06 -6.07256e-07 
-1.41814e-06 -5.77822e-07 
-1.17825e-06 -5.60597e-07 
-1.29901e-06 -8.25148e-07 
-1.66718e-06 -1.30402e-06 
-1.08866e-06 -1.23007e-06 
-1.5108e-06 -8.15109e-07 
-1.19966e-06 1.33675e-06 
-1.08799e-06 -1.23415e-07 
-1.3034e-06 -5.01631e-07 
-1.0549e-06 -5.4563e-07 
-1.06348e-06 -4.36544e-07 
-6.58293e-07 7.63909e-08 
-1.18025e-06 -6.06478e-07 
-2.2086e-07 -4.02634e-07 
-1.16911e-06 -6.14716e-07 
-1.37244e-06 -6.56286e-07 
-1.21469e-06 -6.31811e-07 
-1.31308e-06 9.28412e-07 
