2.28799e-06 -2.57376e-07 
-1.15364e-06 -3.25509e-06 
-6.66711e-07 -6.65538e-07 
-1.29221e-06 -6.24343e-07 
-1.33833e-06 -6.15809e-07 
-1.26436e-06 -6.58252e-07 
-1.40462e-06 -9.59601e-08 
-2.2891e-06 5.50592e-06 
-4.11565e-07 -6.04395e-07 
-1.34056e-06 -5.63518e-07 
-8.69273e-07 -6.9016e-07 
-1.29047e-06 -3.83683e-07 
-1.0637e-06 -4.18313e-06 
5.72777e-07 -5.26142e-07 
-1.37185e-06 -5.19076e-07 
2.53051e-06 1.48831e-06 
-1.38496e-06 -1.5713e-06 
-1.0547e-06 -5.59324e-07 
1.08919e-07 -6.35337e-07 
-1.35639e-06 -1.60733e-07 
-1.16612e-06 -6.24081e-07 
-1.21395e-06 -4.73047e-08 
-1.18868e-06 -6.1481e-07 
4.42536e-07 2.71579e-07 
-1.38098e-06 -6.13354e-07 
-1.80664e-06 -4.95002e-07 
-1.42061e-06 -5.57168e-07 
-1.10939e-06 -7.59343e-07 
-1.15845e-06 -2.09187e-07 
8.61338e-07 1.41583e-06 
-1.26494e-06 -4.88168e-07 
-1.58511e-06 -4.75009e-07 
-1.83605e-06 -6.17141e-07 
-1.27878e-06 -6.45983e-07 
-1.18998e-06 -7.30513e-07 
-1.39191e-06 -8.64358e-07 
-1.01747e-06 -9.96311e-07 
-1.45193e-06 -7.1876e-07 
-1.18478e-06 -6.55745e-07 
-9.67416e-07 -5.43162e-07 
-1.43682e-06 -5.00019e-07 
-5.67374e-07 -5.15904e-07 
-9.62861e-07 -5.70562e-07 
-7.39162e-07 -2.65726e-07 
-1.34412e-06 -6.05441e-07 
-2.54485e-06 -2.35454e-07 
-1.15676e-06 -6.10631e-07 
-1.21873e-06 -6.25364e-07 
-1.2527e-06 -5.84636e-07 
-1.43171e-07 -1.07574e-07 
