-1.50383e-06 -1.19117e-07 
-1.48901e-06 -2.20799e-06 
-6.30751e-07 -6.6396e-07 
-1.29962e-06 -6.77679e-07 
-2.85369e-06 -5.05126e-07 
-1.69412e-06 -1.02416e-06 
-2.07994e-06 -4.01801e-07 
-1.56598e-06 -2.16158e-06 
-9.28044e-07 -6.70119e-07 
-1.25986e-06 -4.95443e-07 
-2.15926e-06 -6.29705e-07 
-1.23481e-06 -7.8927e-07 
-1.92012e-06 -7.25829e-06 
1.6396e-06 -5.99742e-07 
-1.14788e-06 -6.27165e-07 
1.20505e-06 6.52076e-07 
-1.01216e-06 -7.5056e-07 
-1.68178e-06 -5.42305e-07 
-1.52362e-06 -7.10074e-07 
-1.41928e-06 -1.08202e-06 
-1.1091e-06 -7.85321e-07 
-1.37006e-06 -1.19415e-07 
-1.28453e-06 -6.63022e-07 
-2.86918e-06 -2.18167e-07 
-1.4276e-06 -7.30288e-07 
-1.73295e-06 -8.7491e-07 
-1.61823e-06 -5.49989e-07 
-1.32928e-06 -8.40474e-07 
-1.35217e-06 -6.56121e-07 
-3.77515e-07 -1.1708e-06 
-1.52354e-06 -7.11675e-07 
-1.84089e-06 -5.56531e-07 
-1.98775e-06 -6.72483e-07 
-1.54781e-06 -6.85652e-07 
-1.47676e-06 -7.745e-07 
-1.52635e-06 -1.06316e-06 
-1.21464e-06 -7.22832e-07 
-1.40896e-06 -6.4844e-07 
-1.2945e-06 -1.84933e-06 
-1.00211e-06 -8.796e-07 
-9.0198e-07 -5.90469e-07 
-1.22009e-06 -9.23188e-07 
-1.03159e-06 -8.05922e-07 
-1.20262e-06 -6.75268e-07 
-1.59208e-06 -7.1058e-07 
-3.80677e-06 -4.26297e-07 
-1.34545e-06 -7.5827e-07 
-1.19473e-06 -6.50408e-07 
-1.45215e-06 -7.46689e-07 
-2.63381e-07 -1.18719e-06 
