-7.4246e-07 -9.86209e-07 
-1.69278e-06 -1.34914e-06 
-5.63673e-07 -6.0849e-07 
-1.37252e-06 -5.97307e-07 
-1.74722e-06 -4.82093e-07 
-1.62615e-06 -6.0882e-07 
-1.51573e-06 -1.67815e-07 
-1.22074e-06 -1.64408e-07 
-1.28444e-06 -6.46093e-07 
-1.31768e-06 -4.51954e-07 
-1.79406e-06 -5.97793e-07 
-1.332e-06 -5.75753e-07 
-1.54965e-06 -1.37474e-06 
-1.25846e-07 -5.6434e-07 
-1.2145e-06 -6.40398e-07 
8.21096e-07 1.9484e-06 
-1.29459e-06 -8.83705e-07 
-1.18497e-06 -3.12529e-07 
-1.081e-06 -5.78033e-07 
-1.27629e-06 1.12774e-08 
-1.14046e-06 -5.85089e-07 
-1.33776e-06 -5.50659e-07 
-1.38322e-06 -6.07316e-07 
-2.86402e-06 1.07322e-06 
-1.47149e-06 -6.74077e-07 
-1.41961e-06 -7.41636e-07 
-1.35331e-06 -6.34212e-07 
-1.2787e-06 -7.44739e-07 
-1.37694e-06 -4.94028e-08 
-1.01961e-07 4.25492e-07 
-1.14083e-06 -5.01299e-07 
-1.46887e-06 -5.96822e-07 
-1.32599e-06 -6.3502e-07 
-1.28767e-06 -6.21509e-07 
-1.83645e-06 -5.95102e-07 
-1.38857e-06 -1.17947e-06 
-1.21939e-06 -7.27807e-07 
-1.31916e-06 -5.96109e-07 
-1.26499e-06 -1.15697e-06 
-1.15441e-06 -6.47625e-07 
-1.53484e-06 -4.64892e-07 
-5.2317e-07 -8.28667e-07 
-1.12114e-06 -8.55777e-07 
-1.05806e-06 -7.31961e-07 
-1.25577e-06 -6.80628e-07 
-2.02013e-06 -3.48066e-07 
-1.24936e-06 -5.30404e-07 
-1.37196e-06 -6.15013e-07 
-1.34615e-06 -4.88497e-07 
-1.02185e-06 3.25353e-07 
