-3.26067e-06 -6.73859e-07 
-1.82932e-06 -1.71672e-06 
-1.13726e-06 -6.85889e-07 
-1.35604e-06 -6.1494e-07 
-2.02933e-06 -4.63126e-07 
-1.7591e-06 -9.60485e-07 
-2.0896e-06 -3.93809e-07 
-9.82783e-07 -3.17931e-06 
-1.43945e-06 -6.18465e-07 
-1.22754e-06 -6.58244e-07 
-1.37206e-06 -5.73767e-07 
-1.31332e-06 -7.10755e-07 
-1.54416e-06 -3.51803e-06 
-5.2315e-07 -6.0724e-07 
-1.26415e-06 -6.29693e-07 
-5.33325e-07 1.09313e-06 
-9.12538e-07 -4.2203e-08 
-1.61353e-06 -6.63673e-07 
-1.53327e-06 -6.42189e-07 
-1.26118e-06 -4.7625e-07 
-1.18006e-06 -6.42681e-07 
-1.27883e-06 -5.14478e-07 
-1.34597e-06 -6.23524e-07 
-8.05434e-07 -1.00585e-06 
-1.48751e-06 -6.84451e-07 
-1.49749e-06 -7.09378e-07 
-1.33828e-06 -6.35297e-07 
-1.27566e-06 -8.11622e-07 
-1.1359e-06 7.90163e-07 
1.36497e-07 -2.19076e-06 
-1.20638e-06 -5.37856e-07 
-1.5329e-06 -4.61051e-07 
-1.21359e-06 -6.53026e-07 
-1.46178e-06 -6.62625e-07 
-2.34171e-06 -5.93797e-07 
-1.40126e-06 -4.01358e-07 
-1.39248e-06 -6.67985e-07 
-1.27107e-06 -6.19783e-07 
-1.28324e-06 -1.05147e-06 
-1.13084e-06 -6.66013e-07 
-1.56634e-06 -6.09272e-07 
-9.33689e-07 -1.12988e-06 
-1.03986e-06 -6.8122e-07 
-1.13312e-06 -7.03195e-07 
-1.30794e-06 -6.1359e-07 
-2.65918e-06 -6.39493e-07 
-1.24445e-06 -5.65142e-07 
-1.34356e-06 -6.16896e-07 
-1.14469e-06 -5.81893e-07 
-5.73422e-07 -3.57808e-07 
