4.62892e-07 -8.8369e-07 
-1.23013e-06 -1.09082e-06 
-5.36065e-07 -6.22536e-07 
-1.26038e-06 -6.14426e-07 
-7.89649e-07 -5.20846e-07 
-1.20619e-06 -8.18146e-07 
-1.48007e-06 -5.4498e-07 
-1.39491e-06 1.61386e-06 
-1.16293e-06 -6.0855e-07 
-1.19465e-06 -5.55167e-07 
-1.22527e-06 -6.07512e-07 
-1.26114e-06 -5.49092e-07 
-1.16353e-06 -1.80597e-06 
7.94488e-07 -5.12826e-07 
-1.0986e-06 -4.95656e-07 
-1.52588e-06 -1.39255e-06 
-1.26944e-06 -1.29892e-06 
-1.35649e-07 -9.24438e-08 
-7.25244e-07 -6.56206e-07 
-1.24444e-06 -4.63174e-07 
-1.1739e-06 -6.15124e-07 
-1.07928e-06 -6.4874e-07 
-1.20683e-06 -6.36048e-07 
-2.09085e-06 1.11124e-06 
-1.28203e-06 -6.25401e-07 
-1.32721e-06 -2.29433e-07 
-1.22535e-06 -6.23613e-07 
-1.29351e-06 -6.87759e-07 
-1.03156e-06 2.15954e-08 
-1.93537e-06 -1.45132e-06 
-1.28136e-06 -5.9691e-07 
-1.7003e-06 -6.04934e-07 
-1.29902e-06 -6.10809e-07 
-1.01796e-06 -6.01534e-07 
-9.60153e-07 -6.04603e-07 
-1.52073e-06 -1.4525e-06 
-1.34533e-06 -5.57516e-07 
-1.3182e-06 -6.23158e-07 
-1.13598e-06 -1.73038e-07 
-1.20353e-06 -4.61639e-07 
-1.3109e-06 -6.99201e-07 
-1.34849e-06 -2.75625e-07 
-1.50632e-06 -5.62917e-07 
-1.37547e-06 -6.40735e-07 
-1.23068e-06 -6.25857e-07 
-1.7812e-06 -6.90724e-07 
-1.24711e-06 -6.49851e-07 
-1.22381e-06 -6.23311e-07 
-1.07406e-06 -5.468e-07 
-1.69155e-06 3.86462e-07 
