-1.27929e-06 -4.47472e-07 
-1.20278e-06 -9.3496e-07 
-6.39772e-07 -6.29668e-07 
-1.15365e-06 -5.60554e-07 
-1.43185e-06 -6.16509e-07 
-1.374e-06 -9.59966e-07 
-2.1933e-06 -4.45434e-07 
-1.07133e-06 -2.77193e-06 
-1.43631e-06 -5.28045e-07 
-1.16059e-06 -6.96701e-07 
-6.85448e-07 -5.01375e-07 
-1.24365e-06 -5.96937e-07 
-1.28066e-06 6.67682e-07 
-2.06505e-06 -5.85708e-07 
-1.09943e-06 -4.22468e-07 
-1.35701e-06 -6.69813e-07 
-7.12817e-07 -9.01455e-07 
-4.83718e-07 -2.16838e-07 
-1.2606e-06 -5.53265e-07 
-1.1498e-06 -5.31506e-07 
-1.19034e-06 -5.92461e-07 
-1.25275e-06 -5.16788e-07 
-1.22402e-06 -5.58194e-07 
1.08411e-06 -1.9867e-06 
-1.14399e-06 -4.69687e-07 
-1.17279e-06 -5.31665e-07 
-1.31398e-06 -5.81649e-07 
-1.40309e-06 -5.19404e-07 
-9.39449e-07 7.04419e-07 
-7.40117e-07 -1.23195e-06 
-1.37259e-06 -4.71263e-07 
-1.23984e-06 -4.5805e-07 
-1.1231e-06 -5.71565e-07 
-1.5294e-06 -6.09592e-07 
-1.59464e-06 -5.63479e-07 
-1.42665e-06 -6.24276e-07 
-1.29016e-06 -5.70526e-07 
-1.22139e-06 -6.3345e-07 
-1.12709e-06 -3.45916e-07 
-1.0727e-06 -5.98395e-07 
-1.25789e-06 -4.92594e-07 
-2.59456e-07 -5.81328e-07 
-1.12375e-06 -4.78298e-07 
-1.15264e-06 -5.02297e-07 
-1.06739e-06 -5.93997e-07 
-1.15299e-06 -3.86021e-07 
-1.19223e-06 -5.55211e-07 
-1.19744e-06 -6.14374e-07 
-1.16171e-06 -5.35207e-07 
-6.57658e-07 -1.22005e-06 
