-0.00277439 -0.00045697 
0.000105533 -2.18818e-05 
0.00568704 0.000305419 
0.000980977 4.38954e-05 
-0.00222891 8.78182e-05 
0.000311129 0.000537347 
-0.000355038 -0.000252741 
-0.000887309 7.64168e-06 
-0.00204902 0.00127064 
-0.00115844 9.4826e-05 
-0.00108668 9.35558e-05 
-0.0011629 -0.000949327 
-0.00109863 -7.54665e-05 
-0.00154368 0.00153429 
-0.000356962 -7.76846e-05 
0.000557331 0.00104675 
-8.02715e-05 0.00115581 
-0.00135425 -0.00444098 
0.000748595 0.000618204 
1.34308e-05 0.000618655 
