-1.82615e-06 -4.8966e-07 
-1.64676e-06 7.00608e-08 
-9.21863e-07 -7.82387e-08 
-1.75021e-06 4.10828e-07 
-1.72113e-06 -1.20487e-07 
-1.51657e-06 1.91181e-07 
-2.43911e-06 1.92294e-07 
-1.53218e-06 -2.53122e-06 
-1.65991e-06 -3.04983e-07 
-1.54256e-06 2.31269e-07 
-1.55545e-06 -3.8553e-08 
-1.56519e-06 4.36016e-07 
-1.30181e-06 -6.88272e-07 
2.23362e-06 -2.05291e-07 
-1.36771e-06 -8.36796e-08 
-1.54047e-06 5.78762e-07 
-1.51293e-06 -7.38945e-08 
-9.69106e-07 1.0485e-08 
-1.63254e-06 3.52181e-07 
-1.15681e-06 1.78712e-08 
-1.47888e-06 3.33106e-07 
-1.49308e-06 1.85864e-08 
-1.51073e-06 -6.33745e-08 
-1.50672e-06 -8.77326e-07 
-1.73638e-06 1.04768e-07 
-1.57175e-06 1.09306e-07 
-1.67832e-06 3.51482e-07 
-1.96477e-06 4.2944e-07 
-1.93436e-06 2.44717e-07 
-1.55765e-06 1.31533e-06 
-1.56244e-06 4.30822e-08 
-1.83833e-06 -3.23433e-07 
-1.35162e-06 2.08321e-08 
-1.94849e-06 -4.0104e-07 
-1.96296e-06 1.99251e-07 
-1.59975e-06 -8.40183e-08 
-1.61974e-06 -2.79335e-07 
-1.5054e-06 -2.21654e-08 
-1.83839e-06 1.64319e-07 
-1.59969e-06 -6.06017e-08 
-1.73853e-06 4.7103e-07 
-3.61199e-07 -2.94703e-07 
-1.48982e-06 -1.1889e-07 
-1.61967e-06 -1.33959e-08 
-1.57435e-06 -8.88886e-08 
-4.90097e-07 2.74869e-07 
-1.47665e-06 -2.66682e-07 
-1.75437e-06 4.35743e-07 
-1.49182e-06 1.55388e-07 
-2.25848e-06 -2.84422e-07 
