-8.58021e-07 2.54181e-07 
-1.66323e-06 8.37917e-08 
-1.31494e-06 1.25899e-07 
-1.31251e-06 1.97611e-07 
-1.69777e-06 -2.54332e-07 
-1.56412e-06 2.08154e-07 
-1.31613e-06 1.89355e-07 
-1.32895e-06 -1.08997e-06 
-1.65552e-06 -8.55435e-08 
-1.61505e-06 4.48026e-07 
-8.36009e-07 -4.27795e-07 
-1.47106e-06 -8.74992e-09 
-1.50501e-06 6.9413e-08 
-3.94443e-06 -2.01967e-07 
-1.23858e-06 -1.43206e-07 
-1.61676e-06 -1.30695e-06 
-1.40425e-06 4.61577e-07 
-1.3104e-06 -4.95828e-07 
-1.65702e-06 5.73632e-08 
-8.65676e-07 -4.15778e-07 
-1.4257e-06 1.25201e-07 
-1.41069e-06 -1.33286e-07 
-1.53449e-06 -9.09325e-08 
-4.03295e-07 -7.72985e-07 
-1.4321e-06 -3.75015e-07 
-1.3364e-06 4.45602e-09 
-1.57512e-06 2.31313e-07 
-1.5573e-06 -6.39268e-08 
-4.35644e-07 3.09869e-07 
-1.59184e-06 -1.85674e-07 
-1.58454e-06 3.06414e-07 
-1.50068e-06 -4.3371e-08 
-1.48727e-06 1.95031e-07 
-1.70921e-06 -6.10462e-07 
-2.39458e-06 -2.5825e-07 
-1.71536e-06 2.08859e-07 
-1.73474e-06 -4.22496e-08 
-1.46946e-06 1.69328e-07 
-1.79095e-06 2.03157e-07 
-1.40803e-06 -3.36644e-07 
-1.40652e-06 1.95557e-07 
1.52714e-07 -3.05341e-08 
-1.68472e-06 -1.34245e-07 
-9.00771e-07 -1.5112e-07 
-1.462e-06 -3.75019e-08 
-1.09303e-06 -1.06459e-08 
-1.11918e-06 -8.07029e-08 
-1.73303e-06 1.99019e-08 
-1.6549e-06 4.82472e-07 
-1.39148e-06 -4.82924e-07 
