-0.0022483 -0.000219554 
-0.00245973 2.09288e-05 
0.0070891 1.67318e-05 
1.32666e-06 -0.000270547 
-0.000710412 0.000408644 
-0.000692275 -6.07887e-05 
-0.000311493 -0.000478205 
-0.00219684 -0.000666109 
-0.00209227 0.000453721 
-0.000955782 5.06003e-05 
-0.000585645 0.000145437 
-0.0014614 -0.00027598 
-0.00108086 0.000444698 
-0.00162795 0.00147689 
-0.000302401 0.00020564 
0.00168681 -0.0015638 
-0.000825294 -0.00096362 
-0.000566405 -0.00159379 
0.000281874 -0.000145651 
-0.00100005 -0.000491357 
