-7.9511e-07 -1.19106e-07 
-1.53607e-06 1.46384e-07 
-1.58998e-06 2.04331e-07 
-9.93064e-07 4.19968e-08 
-8.58035e-07 -1.18889e-07 
-1.33818e-06 1.96869e-07 
-4.93941e-07 1.98765e-07 
-8.79956e-07 2.97793e-07 
-1.21858e-06 3.63281e-07 
-1.18709e-06 4.43598e-07 
-3.91498e-07 -3.4386e-07 
-1.11826e-06 -8.52348e-07 
-1.24921e-06 6.19655e-07 
-2.06853e-06 -1.30435e-07 
-9.70755e-07 -1.44295e-08 
-1.21342e-06 -2.07811e-06 
-1.38457e-06 1.61811e-09 
-2.35864e-07 -5.01294e-07 
-1.03573e-06 -1.35226e-07 
-7.12789e-07 -4.41855e-07 
-1.23879e-06 3.09004e-08 
-1.25342e-06 -4.01378e-07 
-1.2003e-06 1.61306e-08 
-2.85756e-07 -7.8738e-07 
-1.20271e-06 -4.62723e-09 
-1.15329e-06 2.13615e-07 
-1.1771e-06 1.00594e-07 
-1.17423e-06 -1.65895e-07 
5.82866e-08 7.05774e-08 
-3.60584e-07 -1.58497e-07 
-1.40957e-06 2.3526e-08 
-9.95807e-07 4.34876e-07 
-1.55254e-06 2.24034e-07 
-8.97217e-07 -1.91753e-07 
-6.32696e-07 -2.29613e-07 
-1.56046e-06 2.89344e-07 
-1.60323e-06 2.10257e-07 
-1.2819e-06 1.71385e-07 
-1.68179e-06 2.2749e-07 
-1.06664e-06 -5.56222e-07 
-1.3156e-06 -1.48062e-07 
2.2179e-07 3.08856e-07 
-8.08509e-07 -2.08781e-07 
-6.14568e-07 1.42014e-07 
-1.17638e-06 -7.56907e-07 
-1.30405e-06 -1.80926e-07 
-1.21775e-06 1.33618e-07 
-1.08953e-06 -2.71491e-07 
-1.65289e-06 1.92262e-07 
-5.07697e-07 -2.49942e-07 
