-4.12077e-07 -2.16145e-07 
-1.44591e-06 -1.33205e-07 
-7.947e-07 4.82936e-07 
-9.43716e-07 2.86898e-07 
-1.3018e-06 -6.48733e-07 
-1.36099e-07 8.075e-08 
-5.43479e-07 -1.65655e-07 
-5.23284e-07 -2.025e-06 
-4.93431e-07 1.88875e-07 
-8.5151e-07 -9.65355e-07 
-1.05357e-06 -5.61917e-07 
-6.30067e-07 4.65007e-07 
-9.59642e-07 -4.56248e-07 
1.85595e-06 5.82666e-08 
-8.06716e-07 -5.81965e-07 
-6.45503e-07 1.13404e-06 
-1.0243e-06 -5.34349e-07 
-4.19339e-07 4.96099e-07 
-4.82355e-07 1.49807e-07 
-1.07564e-06 3.16408e-07 
-2.20847e-07 -2.19434e-08 
-7.55601e-07 -4.05235e-07 
-7.45846e-07 5.41377e-08 
-1.25782e-06 1.30438e-07 
-6.34333e-07 9.90347e-08 
-1.55678e-07 -5.60454e-07 
-8.33746e-07 4.65692e-07 
-1.01812e-06 1.95169e-07 
-1.32998e-07 -6.37891e-07 
-1.08676e-06 1.65133e-07 
-2.69756e-07 -3.66009e-07 
-1.0542e-06 -9.89937e-07 
-1.14868e-06 -2.0264e-07 
-4.80801e-07 -3.51784e-07 
-2.83654e-07 7.3729e-08 
-2.98739e-07 -9.09368e-07 
-1.44644e-07 -3.39685e-07 
-7.26137e-07 3.3061e-08 
-4.14616e-09 -2.62386e-07 
-8.96848e-07 2.14552e-07 
-1.28622e-06 -8.08275e-08 
-3.96904e-07 1.86719e-08 
-1.19646e-06 -7.27152e-07 
-3.99641e-07 1.29326e-07 
-3.92574e-07 5.61933e-07 
-2.12181e-07 -5.60005e-07 
-9.33016e-07 -2.90877e-08 
-4.56328e-07 3.21035e-07 
-3.48647e-08 -5.49197e-10 
-6.83209e-07 4.18523e-09 
