-1.50139 -4.80814 
1.25302 -0.563222 
-0.604243 -2.33663 
-1.26798 -5.19494 
6.19619 4.50684 
1.03857 -5.72667 
7.1594 2.11045 
-2.04801 -3.13803 
-0.42225 -5.90155 
1.4939 -2.63902 
-1.56279 -2.25314 
-1.36057 1.29811 
-1.70922 -3.74667 
0.873135 1.58676 
-4.29235 -4.34996 
4.414 -2.189 
1.3056 1.69704 
2.75713 -2.15207 
-1.04621 -2.95211 
1.96171 4.89524 
-4.03336 2.0649 
-0.854482 -3.75522 
3.71993 -14.0473 
2.84202 -1.37448 
-2.26777 -0.257321 
2.88339 -1.94006 
-0.330114 -5.14221 
-15.5989 -0.348002 
2.43794 -2.98906 
1.07555 -1.63593 
-0.746555 -1.78101 
2.41768 -4.23811 
-3.88608 -3.33049 
-4.42037 5.7834 
2.37313 -2.84902 
-2.08437 -3.22697 
-2.10783 2.26803 
-1.87664 -1.34908 
-2.02753 -2.49464 
-2.1497 -3.49289 
-0.240157 -0.212787 
-0.550104 -3.59164 
2.51145 -5.42893 
-1.26095 0.231088 
-0.688058 -0.0371389 
1.14378 -3.88983 
-3.47911 -1.7723 
-0.193651 9.46982 
-4.05595 -0.221173 
-3.05225 -2.48302 
