-4.07756e-07 4.53475e-07 
-6.74692e-07 4.85732e-07 
-2.48928e-08 7.51723e-07 
-2.71815e-07 5.05053e-07 
-1.24224e-06 -5.97748e-07 
4.37386e-09 1.69538e-07 
-4.56928e-07 3.5645e-07 
-3.23084e-07 -1.18921e-06 
-1.70021e-08 9.9245e-08 
-5.29231e-07 7.7591e-07 
-7.64493e-07 2.17814e-07 
-1.38578e-07 1.64714e-06 
-4.53332e-07 7.14396e-07 
7.2393e-07 3.28184e-07 
-8.08463e-07 -1.76463e-07 
-5.85091e-07 6.15212e-07 
-6.86883e-07 1.46066e-07 
-4.2866e-07 4.48483e-07 
-5.51858e-07 3.12189e-07 
-2.86602e-07 1.42602e-07 
-5.47615e-07 9.59119e-08 
-1.11494e-06 -1.47186e-07 
-2.9003e-07 4.0489e-07 
-3.999e-07 3.01897e-07 
-8.97347e-07 3.79367e-09 
4.81818e-08 -2.75695e-07 
-2.81602e-07 7.1192e-07 
-3.08632e-07 -2.80341e-08 
-9.18252e-08 -6.5163e-07 
-1.07058e-06 3.6685e-07 
2.29634e-07 -2.49698e-08 
-3.25804e-07 7.59935e-07 
-9.14627e-07 -3.94065e-08 
-1.56327e-06 -3.24124e-07 
-4.56418e-07 -1.47612e-08 
-1.62846e-06 6.4701e-07 
-1.53492e-07 1.85205e-07 
-6.26847e-07 9.31902e-08 
-6.85682e-07 -1.06894e-07 
-6.42971e-07 4.56159e-07 
-1.5301e-06 3.11242e-07 
2.20474e-07 3.2994e-07 
-4.48878e-07 -3.39518e-07 
-4.32916e-07 1.34233e-07 
-1.2907e-07 1.0582e-06 
-7.57267e-07 -6.14325e-08 
-6.13578e-07 2.23339e-07 
-1.22209e-06 1.7099e-07 
-9.1097e-07 -3.65028e-08 
-4.95039e-07 1.61919e-07 
