-8.78611e-07 7.49304e-08 
-4.5223e-08 3.07242e-07 
-3.95314e-07 3.58738e-07 
-9.87337e-07 5.30495e-07 
-7.81915e-07 5.74588e-07 
-4.26966e-07 2.82318e-07 
-5.42991e-07 -2.65534e-09 
-8.87917e-07 3.98331e-07 
-1.36406e-07 2.0128e-07 
-1.02426e-06 8.15313e-07 
-1.5813e-07 -2.24423e-07 
-3.10285e-07 1.44256e-06 
-1.33485e-06 9.54927e-08 
-7.20509e-07 -5.76318e-07 
-7.8581e-07 9.72322e-08 
-8.54601e-07 -9.71956e-07 
-4.79922e-07 6.66267e-07 
-1.18841e-07 2.48386e-07 
-6.02585e-07 4.30702e-07 
-2.40244e-08 2.35714e-08 
-8.59894e-07 -3.03207e-07 
-8.62079e-07 4.6911e-07 
-7.43902e-07 4.25927e-07 
8.92079e-08 4.31511e-07 
-6.17898e-07 3.18886e-07 
-2.27104e-07 2.33561e-07 
-7.65536e-07 1.08574e-07 
1.78932e-07 3.85966e-08 
-4.85695e-07 6.58202e-07 
-3.87744e-07 4.35684e-07 
-2.32051e-10 2.88037e-07 
2.90974e-08 1.72785e-06 
-5.55109e-07 3.14887e-07 
-9.41845e-07 -9.62484e-08 
-2.70648e-07 -7.71176e-07 
-2.20234e-06 1.12575e-06 
-7.40912e-07 3.02537e-07 
-8.04361e-07 2.30758e-07 
-9.88373e-07 2.03532e-07 
-3.85912e-07 4.38676e-07 
-9.12577e-07 5.5776e-07 
5.52892e-07 2.19315e-07 
-1.15634e-06 4.52872e-07 
-6.16812e-07 3.54732e-07 
-1.61309e-06 -1.99641e-06 
-8.94252e-07 6.71214e-07 
-4.10522e-07 2.49325e-07 
-9.85168e-07 7.92334e-08 
-1.13701e-06 -3.11568e-08 
-4.05015e-07 3.08121e-07 
