-9.69698e-07 -1.93744e-07 
-5.40942e-07 4.63175e-08 
-8.88575e-07 2.523e-08 
-1.15588e-06 4.7864e-07 
-4.8765e-07 7.73786e-07 
-8.50029e-07 1.56143e-07 
-6.07987e-07 1.43822e-07 
-1.23188e-06 -6.46018e-07 
-4.05765e-07 2.7689e-07 
-9.41312e-07 -5.90416e-07 
-1.17216e-07 -7.969e-07 
-8.19646e-07 -4.2601e-07 
-1.4269e-06 -1.1562e-06 
3.18298e-07 -3.5815e-07 
-9.74956e-07 -6.49226e-08 
-7.20583e-07 -6.59955e-07 
-3.43703e-07 7.25788e-07 
-4.67443e-07 -1.10421e-07 
-5.63301e-07 3.76939e-07 
-8.37607e-07 3.55525e-07 
-9.23091e-07 -4.26549e-07 
-3.21328e-07 4.38368e-07 
-1.01104e-06 -4.08729e-08 
-2.52982e-07 3.12128e-07 
-7.8401e-07 4.83671e-07 
-5.38448e-07 6.48985e-07 
-8.92483e-07 2.40662e-07 
4.35379e-07 1.93735e-07 
-3.7137e-07 1.40527e-06 
-5.97782e-07 4.67509e-07 
-8.45494e-07 2.13135e-07 
-8.59172e-08 3.04115e-07 
-2.91563e-07 5.73452e-07 
-5.37625e-07 1.83468e-07 
-3.36065e-07 -4.35699e-07 
-1.49521e-06 1.89476e-08 
-9.84719e-07 3.96063e-07 
-8.04099e-07 2.76114e-07 
-2.5874e-07 1.40964e-07 
-5.84983e-07 2.95635e-07 
-6.13227e-07 1.53411e-08 
-8.45397e-08 -1.6671e-07 
-1.01773e-06 4.57626e-07 
-5.45883e-07 4.28163e-07 
-2.24594e-06 -3.06592e-07 
-4.39968e-07 9.82687e-08 
-2.67173e-07 3.1492e-07 
-7.38461e-07 1.45193e-08 
-6.00198e-07 1.0906e-08 
-3.54594e-07 4.17092e-07 
