-3.25694e-07 4.08424e-07 
-1.0784e-06 2.02782e-07 
-2.14257e-07 4.40532e-07 
-4.22859e-07 -3.99748e-08 
-1.1366e-06 -5.98837e-07 
-1.26691e-07 4.84376e-08 
-5.74607e-07 3.54623e-07 
-6.91101e-07 -4.38405e-07 
-3.95334e-08 1.30554e-07 
-2.48782e-07 4.70323e-07 
-9.7651e-07 -5.32419e-08 
-4.46418e-07 7.58375e-07 
4.03088e-07 8.79864e-07 
-8.78378e-07 6.44529e-07 
-7.14328e-07 1.97942e-07 
-8.7384e-07 -2.95057e-07 
-6.00494e-07 3.32893e-07 
-4.20428e-07 3.25946e-07 
-4.70567e-07 1.18717e-07 
-9.4456e-07 2.56379e-07 
-3.39415e-07 1.40718e-07 
-3.90836e-07 1.78609e-07 
7.4588e-08 2.62234e-07 
-9.3691e-07 1.4318e-07 
-5.12606e-07 -1.58872e-07 
-2.66264e-07 -4.13997e-09 
-8.00508e-07 3.41105e-07 
-2.07329e-07 1.85247e-07 
-2.13854e-07 -1.83699e-06 
-6.31677e-07 3.93195e-07 
1.93791e-07 -2.12744e-07 
-3.94903e-07 7.21366e-07 
-7.0817e-07 3.451e-08 
-3.53106e-07 1.74498e-07 
-3.92873e-07 6.64723e-07 
6.46566e-07 -2.13325e-07 
-2.37611e-07 2.57701e-07 
-5.40376e-07 2.43186e-07 
-4.35181e-07 1.96454e-07 
-5.93227e-07 4.34932e-07 
-1.018e-06 1.46337e-07 
-5.87406e-07 3.70415e-07 
-1.07128e-06 2.5041e-07 
-4.17796e-07 1.9454e-08 
-2.81132e-07 -3.83536e-07 
-5.52683e-07 -1.0049e-07 
-6.46901e-07 2.35956e-07 
-9.85931e-07 1.78491e-07 
-5.8701e-07 1.34815e-07 
-7.00103e-07 1.98398e-07 
