-5.07102e-07 -1.53826e-07 
-1.39259e-06 1.70152e-07 
-4.92513e-07 2.13001e-07 
-4.71771e-07 3.19863e-07 
-4.84982e-07 5.17289e-07 
-4.0431e-07 2.00803e-07 
-5.24062e-07 2.47961e-07 
-5.04539e-07 5.70861e-07 
-6.22413e-07 1.99681e-07 
-7.17352e-07 1.04277e-07 
-1.72075e-07 -4.43329e-07 
-8.69114e-07 4.69643e-07 
-2.74878e-07 4.34199e-07 
5.45552e-07 5.99098e-07 
-5.25146e-07 6.09292e-08 
-4.98192e-07 9.82634e-07 
-3.26359e-07 3.56084e-07 
-3.4183e-07 -5.04719e-08 
-3.88314e-07 4.61093e-07 
-5.01199e-07 4.78631e-07 
-1.80005e-06 1.28595e-07 
-6.79655e-07 3.07457e-07 
-1.41224e-06 -2.15136e-08 
-2.61171e-07 3.38339e-07 
-7.7753e-07 3.88828e-07 
-2.33143e-08 5.37055e-07 
-2.3976e-07 2.52123e-07 
3.52095e-07 2.37903e-07 
-7.89995e-08 9.3603e-07 
-7.72791e-07 4.42477e-07 
-3.46776e-07 2.98446e-07 
-6.87702e-07 -5.37213e-07 
8.39836e-08 7.86243e-07 
-9.42117e-07 3.61956e-07 
-1.32911e-08 -6.2536e-07 
-1.19682e-07 7.60096e-08 
-9.45797e-07 3.89579e-07 
-9.7661e-08 2.4827e-07 
-4.54764e-07 2.33513e-07 
-4.92782e-07 1.51631e-07 
-1.52958e-06 -1.12693e-08 
3.31539e-07 2.69914e-07 
-3.48289e-07 -3.38031e-08 
-3.46828e-07 2.87793e-07 
-4.86646e-07 -4.72245e-07 
-4.84312e-07 4.72814e-07 
-2.85673e-07 2.66134e-07 
-1.83927e-07 1.94177e-07 
-3.51604e-07 2.85645e-07 
-2.81031e-07 3.63945e-07 
