-2.93725 3.73034 
-0.552751 -2.32233 
0.483422 -0.702453 
-2.28498 -0.732388 
4.91444 -6.01922 
-2.71722 -7.6731 
-0.387219 1.37889 
-2.22259 -2.43921 
-0.740137 -3.89609 
2.37183 -1.9098 
0.323375 -2.98575 
2.20782 8.72603 
3.92697 -6.96471 
0.534341 -1.07851 
-2.36745 -5.52875 
1.73374 -3.33785 
-3.2236 3.91319 
3.84396 -4.96478 
0.983676 -2.5153 
1.73254 -7.29753 
-0.522584 -0.217292 
2.80279 -2.16141 
2.34712 -24.6956 
2.46074 -1.45433 
-0.464142 -1.80909 
-1.81711 -3.51712 
1.75602 3.23184 
-1.21072 -3.14178 
-1.6462 -1.96778 
-1.77369 0.521314 
-0.822869 -1.68254 
-2.4227 -6.99919 
0.209447 -2.92513 
-0.437851 -4.52718 
1.7441 -0.835094 
1.83854 -4.20278 
2.96255 -1.5635 
-4.08734 -3.2647 
-2.20733 0.411759 
2.14601 -2.51384 
2.64543 -1.4692 
-1.01574 -3.34278 
0.83492 3.85457 
-2.66562 -1.37583 
-1.90077 -1.52124 
1.71847 -4.23408 
-4.30745 -2.64283 
0.321056 -0.0817641 
-6.43184 0.244652 
0.665991 -4.44958 
