-3.3955e-07 3.15106e-07 
6.76174e-07 2.32296e-07 
-2.42535e-07 2.50584e-07 
-4.2038e-07 3.90547e-08 
-4.9991e-08 3.80518e-07 
1.20571e-07 2.45229e-07 
-9.06252e-07 2.57504e-07 
9.8386e-08 8.25414e-08 
-4.17398e-07 2.64248e-07 
2.94694e-07 2.03682e-07 
-9.77851e-07 -6.70701e-07 
-6.90866e-08 8.88934e-08 
6.11296e-07 4.38838e-07 
-6.87183e-07 4.50134e-07 
-6.24753e-07 2.0921e-08 
1.4894e-07 2.21446e-07 
1.53784e-07 1.96005e-07 
1.13926e-07 -1.21166e-07 
1.44167e-07 1.53185e-07 
-5.80897e-07 2.14845e-07 
1.4936e-08 -1.1786e-06 
3.32297e-07 1.90138e-07 
-6.88579e-07 2.47772e-08 
1.40399e-07 2.31092e-07 
-2.59077e-07 2.65966e-07 
3.6495e-08 2.5048e-07 
-9.32909e-08 2.48521e-07 
-1.00905e-06 1.51129e-07 
-1.97738e-07 -5.24448e-07 
1.62485e-07 4.30564e-07 
-1.50852e-07 7.95273e-08 
5.61688e-07 1.86884e-07 
-2.11876e-07 1.35422e-07 
2.4887e-07 2.97575e-07 
-1.20477e-07 -5.5142e-07 
-1.12896e-07 2.76271e-07 
-4.17658e-07 2.48739e-07 
-3.91525e-07 2.52296e-07 
1.82448e-07 2.59471e-07 
2.48338e-07 2.83556e-07 
-1.19853e-07 4.41805e-08 
3.8151e-07 1.47392e-07 
-1.32424e-07 1.24541e-08 
-6.85982e-07 2.27751e-07 
-1.6325e-07 5.30152e-07 
-1.64113e-07 1.7529e-07 
-1.8771e-07 2.45632e-07 
-5.60779e-07 1.21468e-07 
2.17882e-08 2.0673e-07 
-3.91852e-08 1.64044e-07 
