-5.18425e-07 3.03543e-07 
-2.42423e-07 2.59084e-07 
-3.6034e-07 2.56362e-07 
-6.58037e-07 1.89023e-07 
-2.52129e-07 3.00739e-07 
-3.65271e-07 3.48392e-07 
-5.60858e-07 3.29444e-07 
-1.01783e-07 9.98237e-08 
-5.62002e-07 2.5542e-07 
-2.19024e-08 1.03714e-07 
-7.31417e-08 -4.0296e-07 
-5.23411e-07 1.73193e-07 
-1.93222e-07 4.62473e-07 
-3.866e-08 2.40336e-07 
-3.16029e-07 2.14671e-07 
-2.11222e-07 2.34701e-07 
-1.54093e-08 1.88865e-07 
-1.23479e-07 1.5597e-07 
-8.02253e-07 3.6565e-07 
-5.70318e-07 3.53248e-07 
5.18576e-07 -1.48642e-06 
2.79699e-08 2.40226e-07 
-5.53548e-07 -1.9256e-07 
-9.11823e-08 2.24387e-07 
-2.46435e-08 2.54648e-07 
-1.9918e-07 1.15282e-07 
-1.29657e-07 2.44115e-07 
-1.60308e-07 2.23404e-07 
-2.9638e-07 4.69036e-07 
-1.23635e-06 3.69972e-07 
-8.71289e-08 4.26715e-07 
-4.95356e-07 -8.45242e-08 
1.72428e-07 4.70408e-07 
-3.5909e-08 3.34666e-07 
-9.90049e-08 -6.02406e-07 
-1.13218e-07 1.77153e-07 
-8.64711e-07 4.24334e-07 
-5.014e-08 2.51593e-07 
-2.25368e-07 2.24234e-07 
-1.67092e-07 2.14932e-07 
1.54184e-07 1.79959e-08 
-5.53347e-08 1.13989e-07 
-5.90934e-07 3.31164e-07 
-6.25863e-08 2.21438e-07 
-3.27828e-07 -1.03388e-08 
-4.38846e-07 3.54729e-07 
-6.93713e-09 2.57285e-07 
-1.75134e-07 1.55923e-07 
-1.55388e-07 2.66109e-07 
-2.06224e-07 2.2712e-07 
