9.13945e-08 3.01994e-07 
5.73858e-07 2.34588e-07 
-3.02067e-07 3.96398e-07 
-1.74197e-07 2.6883e-07 
-2.52454e-07 1.98404e-07 
-2.54629e-07 1.42422e-08 
3.512e-07 3.40735e-07 
-2.47855e-07 1.3558e-07 
-5.22567e-08 2.3399e-07 
-4.16469e-07 5.60582e-07 
-7.80483e-08 -5.62182e-08 
-8.76181e-07 7.1346e-07 
-7.7789e-07 2.54893e-07 
3.02474e-07 5.1748e-07 
1.85025e-07 3.58624e-07 
-4.04245e-07 2.57971e-07 
1.96535e-08 2.0448e-07 
-3.00533e-07 2.4099e-07 
-1.1971e-06 4.32205e-07 
4.34053e-08 2.75078e-07 
-1.47924e-07 1.22935e-08 
-2.32752e-07 2.845e-07 
5.24888e-08 4.52894e-08 
-2.60818e-07 2.21358e-07 
-2.58588e-07 2.42751e-07 
1.84835e-07 7.47112e-07 
-1.20663e-07 2.46882e-07 
4.37208e-07 2.68355e-07 
5.83999e-08 9.94423e-07 
-1.2857e-06 2.29583e-07 
-1.33357e-07 2.02684e-07 
-1.03505e-06 -8.66288e-08 
-3.09588e-08 5.11321e-07 
-1.20819e-06 2.18109e-07 
-4.84717e-08 4.46946e-07 
-5.22885e-08 1.614e-07 
-9.40722e-07 1.8653e-07 
7.90675e-08 2.47683e-07 
-4.84795e-07 2.24663e-07 
-3.6907e-07 2.57864e-07 
6.06962e-08 3.21611e-07 
-3.31833e-07 1.0773e-07 
-2.30121e-07 4.85239e-07 
3.66242e-07 2.34952e-07 
-2.73978e-07 -1.46416e-07 
-9.52411e-08 2.06984e-07 
-1.15516e-07 2.50913e-07 
-2.83951e-07 2.69917e-07 
-2.29564e-07 2.97565e-07 
-8.61067e-08 2.13699e-07 
