4.49038e-07 1.82034e-07 
4.0855e-07 2.7601e-08 
-1.23798e-07 3.79903e-07 
-4.76901e-08 -3.81441e-07 
-4.52499e-07 -8.82721e-08 
1.17103e-07 -1.60636e-07 
7.63234e-07 3.16476e-07 
-1.30581e-07 -1.23541e-08 
2.36476e-07 1.05671e-08 
-4.19744e-07 7.97669e-07 
-3.41485e-07 -6.98846e-07 
-2.84943e-07 7.26703e-07 
-8.30267e-07 -1.15187e-07 
-5.488e-07 1.2128e-07 
-2.06927e-07 3.84347e-07 
-2.01281e-08 2.55236e-07 
-1.18292e-07 1.38081e-07 
-2.8206e-07 -1.90776e-07 
-9.97129e-07 3.11036e-07 
-6.81537e-08 1.33632e-07 
-6.34365e-07 1.10612e-06 
-1.68446e-07 2.69529e-08 
3.19333e-07 1.85925e-07 
-6.83999e-08 -6.37635e-08 
-3.08714e-07 -6.91095e-08 
1.97422e-07 5.0503e-07 
-1.49766e-07 1.45481e-07 
1.91129e-07 4.89198e-08 
1.97772e-07 -1.83476e-06 
-8.31989e-07 1.2452e-07 
-1.99999e-07 -2.41247e-07 
-2.68269e-07 -1.61436e-09 
-3.15028e-07 -6.10322e-09 
-1.88717e-06 -5.73407e-08 
-5.18232e-08 4.6814e-07 
-1.12117e-07 -2.84211e-08 
-4.74544e-07 -9.30655e-08 
-1.26452e-07 2.38849e-07 
3.66361e-08 -4.09871e-08 
-1.4863e-07 5.71708e-08 
-2.02837e-07 -1.50624e-07 
1.42986e-07 -9.27668e-08 
-1.66503e-08 4.2393e-07 
-1.20635e-07 4.39795e-08 
1.69445e-07 -6.24639e-08 
3.19243e-07 -1.96788e-08 
-2.43469e-07 1.6207e-07 
-2.65244e-07 3.18271e-07 
-1.43702e-07 2.35464e-07 
-3.59967e-08 -4.19127e-08 
