-1.71947e-07 1.39597e-07 
-3.62989e-07 1.34022e-07 
-2.48158e-10 2.47952e-07 
-3.80833e-07 7.91896e-08 
-2.29067e-07 3.17421e-08 
-1.65505e-07 1.71849e-07 
-6.69078e-07 2.25495e-07 
-5.27369e-08 1.09008e-07 
-9.6042e-08 8.49561e-08 
-3.9439e-07 6.11609e-07 
-1.69894e-07 -4.24286e-07 
-4.09722e-07 1.19933e-07 
-4.42632e-07 -4.38912e-08 
3.27817e-07 2.25972e-07 
2.62824e-07 1.43214e-07 
-9.92544e-08 1.80645e-07 
8.42182e-08 1.19795e-07 
5.99485e-08 6.09328e-07 
8.15992e-07 1.54956e-07 
1.49046e-07 2.02632e-07 
-7.43958e-08 -6.92123e-07 
3.25197e-07 3.17165e-08 
5.25894e-08 1.35401e-07 
1.40962e-08 2.56724e-07 
4.34969e-08 4.5919e-07 
2.54974e-07 6.79006e-07 
2.85649e-08 7.00666e-08 
3.68354e-07 1.48456e-07 
1.27794e-07 -4.72548e-07 
-2.46637e-07 2.18371e-07 
1.1829e-07 3.03435e-08 
-4.02256e-07 -8.44213e-08 
-1.81034e-08 1.35126e-07 
2.22522e-06 6.31937e-07 
1.31358e-07 2.4278e-07 
3.08994e-08 7.24976e-08 
-3.7214e-07 9.96817e-08 
5.38133e-08 8.32385e-08 
-6.80735e-08 3.25719e-07 
-1.99241e-08 4.75665e-07 
9.61424e-08 5.29627e-07 
-8.73818e-08 -2.47505e-07 
-4.61712e-09 -2.83954e-07 
7.19163e-08 1.97268e-07 
-2.68097e-07 2.00353e-07 
7.60622e-08 1.96192e-07 
8.15634e-08 2.48732e-07 
-1.43533e-07 2.28697e-07 
-9.74114e-08 2.08805e-07 
-6.44654e-08 2.25651e-07 
