1.98919e-07 2.24525e-07 
6.39204e-07 1.14031e-07 
-2.41098e-10 1.65948e-07 
-2.88272e-07 -3.36286e-07 
-2.9365e-07 -3.82458e-07 
-4.02431e-08 1.4522e-08 
-3.37568e-07 4.30422e-07 
-1.08216e-07 5.48291e-08 
-2.45489e-08 2.01133e-07 
-3.01265e-07 6.763e-07 
-1.66165e-07 -7.43937e-08 
-1.0746e-07 3.42314e-07 
1.08904e-07 2.54965e-08 
-1.38273e-07 1.30075e-07 
-9.35328e-08 2.25609e-07 
-2.37177e-07 1.36271e-07 
1.97839e-08 1.03626e-07 
1.38833e-07 -1.40858e-09 
2.58524e-07 2.36924e-07 
-8.27457e-09 1.11478e-07 
-4.95616e-07 2.76698e-07 
2.556e-07 -3.51065e-08 
2.95988e-07 1.65313e-07 
1.09022e-08 2.6415e-07 
-7.82213e-08 3.46044e-07 
2.85422e-07 2.47379e-07 
-1.82398e-09 5.32134e-08 
-1.87594e-09 7.88892e-08 
1.65863e-07 -1.30438e-06 
-7.40944e-07 1.97407e-07 
9.07569e-08 -1.17668e-07 
-6.77077e-09 1.36662e-07 
-3.84243e-07 -4.50103e-08 
-6.32958e-07 1.42857e-07 
9.57399e-08 -2.95665e-07 
4.39935e-08 1.40785e-07 
-3.38857e-07 2.0399e-07 
5.71214e-08 2.06811e-07 
-1.77571e-07 3.34275e-07 
-1.0813e-08 3.98818e-07 
-2.35231e-08 2.31941e-07 
-2.05562e-08 -3.81585e-07 
2.66584e-07 2.63976e-08 
1.15925e-07 1.06354e-07 
-2.24416e-07 -1.21089e-07 
3.71513e-07 5.86937e-08 
1.60684e-07 1.94672e-07 
-1.38669e-07 2.42972e-07 
-2.72523e-08 2.10713e-07 
-5.91064e-08 5.52822e-08 
