1.28214e-07 2.46861e-07 
1.022e-06 7.43171e-09 
-2.75019e-09 1.03363e-07 
-1.25576e-07 -3.83686e-07 
-2.88846e-07 -4.22871e-07 
1.02771e-07 5.48904e-08 
3.32117e-07 1.85481e-07 
1.03523e-07 3.07604e-07 
3.40313e-08 1.52107e-07 
9.41479e-08 6.67229e-07 
-6.19628e-07 -4.68655e-07 
-5.04721e-07 4.84674e-07 
3.49756e-08 1.54488e-07 
-5.18235e-07 1.05328e-07 
-3.89158e-07 2.39893e-07 
-3.23923e-07 1.05747e-07 
-3.474e-08 1.02016e-07 
-1.01841e-09 -4.08554e-07 
-5.63663e-07 1.93807e-07 
-1.2662e-07 1.07057e-07 
-2.07837e-07 5.46578e-07 
-7.65315e-08 1.37786e-07 
3.23552e-07 1.70306e-07 
6.8527e-09 2.05346e-07 
-2.67847e-07 1.08034e-07 
8.10721e-08 4.57051e-07 
4.44163e-09 1.60732e-07 
-5.70035e-07 1.33466e-07 
1.48062e-07 -1.20864e-06 
-2.25424e-07 1.63898e-07 
7.35375e-08 -8.75834e-08 
2.86198e-07 3.204e-07 
-4.32088e-07 5.96236e-07 
-1.9642e-06 -2.81212e-07 
4.24966e-08 -6.84427e-07 
-2.49503e-08 2.06473e-07 
-5.24828e-07 3.28371e-07 
-2.72892e-08 2.84679e-07 
-7.95589e-08 2.60294e-07 
6.48415e-09 2.02932e-07 
-1.96601e-07 -1.41082e-07 
1.92535e-07 -1.06127e-07 
-5.3815e-07 1.96996e-07 
-2.19471e-07 7.91056e-08 
5.53754e-07 9.31367e-10 
1.54733e-07 4.54275e-08 
-2.87022e-07 1.91019e-07 
-8.78118e-08 1.711e-07 
3.70009e-08 1.47495e-07 
-4.61504e-09 1.62781e-07 
