-0.000366845 -0.000340349 
0.00342253 -0.000319147 
0.00532113 -0.00019896 
0.000147547 -0.00030148 
0.00187385 -0.000137296 
0.000105662 -9.11229e-06 
-0.000311085 -0.000668071 
0.00023346 0.000191387 
-0.000691921 -0.000287616 
-0.000514329 -0.000193404 
0.00052257 -0.000270883 
-0.000139741 -0.00030233 
0.00013375 -0.00022083 
0.000427866 0.000195477 
3.72335e-05 -0.000257008 
-6.7008e-05 0.000512145 
0.00047586 0.00934726 
-5.70668e-06 0.000623823 
0.000509089 0.000632022 
4.66701e-05 -0.00036484 
