1.23069 -0.0401598 
0.708054 2.09641 
2.88574 1.44967 
8.42408 -3.71035 
4.25688 0.119438 
2.70858 1.53965 
-2.48187 -1.5986 
3.51761 -0.174829 
-1.0403 3.02964 
2.83767 0.649981 
2.19448 2.75998 
-0.989321 -6.15568 
4.41549 5.22795 
0.58863 -2.25628 
2.76515 -0.0814876 
0.865423 -1.02964 
4.89396 -0.239643 
-1.40585 4.99805 
0.606391 -1.72092 
0.989612 14.2219 
0.402452 3.26625 
3.06636 3.07269 
1.73532 15.7642 
6.15207 -0.746225 
0.784016 -2.12554 
-0.941334 5.31519 
6.92634 0.324115 
-12.4231 0.411669 
-2.19148 -2.18138 
5.94267 2.91483 
3.49401 -2.63853 
2.76074 4.9767 
1.98316 0.603671 
0.625279 -5.9283 
1.39822 3.19737 
1.44652 4.9114 
0.559062 -0.536988 
-0.176938 0.533373 
3.83482 0.462091 
2.74416 -2.12467 
6.26499 6.18205 
8.20813 2.63908 
2.55356 -3.02011 
0.222172 0.903658 
-0.612497 -2.57816 
2.66825 2.73204 
14.5492 0.762096 
1.12223 3.20674 
10.8868 -2.66971 
1.14588 5.58114 
