-1.71395e-08 -7.32441e-08 
-1.63195e-07 -5.28885e-09 
-1.22149e-07 -2.53787e-07 
-4.08493e-07 -3.25122e-07 
-4.61671e-07 7.11236e-08 
-5.0961e-08 -2.25685e-07 
-1.25744e-07 -2.50486e-07 
-2.13185e-07 -4.68005e-08 
-2.36685e-07 -2.94897e-07 
4.09089e-07 -2.92074e-07 
-4.59191e-08 -3.92155e-07 
-4.14093e-07 -2.74722e-07 
-1.85056e-07 -1.77817e-07 
-2.90976e-07 -1.41952e-07 
-1.47012e-07 -6.61449e-08 
5.58653e-08 -3.78498e-08 
4.60594e-08 -2.84487e-07 
-1.27346e-06 -1.139e-07 
6.30077e-08 -3.86262e-07 
-5.94669e-08 -1.87144e-07 
1.55775e-07 -1.99395e-07 
1.23811e-07 1.48582e-07 
-4.4897e-08 -1.54639e-07 
1.92234e-07 -4.01236e-08 
-4.34952e-07 -1.08731e-07 
-7.65766e-08 1.95345e-07 
-5.52877e-08 -1.60129e-07 
-1.40787e-07 -1.04855e-07 
2.01009e-08 -4.48355e-07 
2.95924e-07 -2.50752e-07 
3.22568e-08 1.51888e-08 
9.41744e-08 1.00546e-07 
2.63723e-07 -1.41074e-07 
-2.5043e-07 -1.50393e-07 
-5.71806e-09 -2.73818e-07 
-4.55133e-08 -8.23508e-08 
-7.16829e-07 9.43055e-08 
-2.86628e-07 -1.11636e-07 
2.59595e-07 -3.41731e-07 
-7.90831e-08 -1.9029e-07 
-3.80836e-07 -3.25251e-07 
2.72522e-07 -2.41471e-07 
-1.09097e-07 -1.61202e-07 
2.38378e-07 -1.24958e-07 
1.2304e-08 -1.70998e-07 
7.67345e-08 -1.48049e-07 
-1.69117e-07 -1.10584e-07 
-3.22049e-07 -2.42689e-07 
3.74275e-08 9.07852e-08 
4.38664e-08 1.79388e-07 
