5.30557e-08 -6.45113e-08 
-1.29035e-07 -1.02806e-08 
-2.80934e-08 7.95523e-10 
-2.41913e-07 -3.67744e-07 
-6.04221e-07 3.40401e-08 
2.89239e-08 -3.99056e-07 
-5.36327e-07 -2.36969e-07 
-6.04869e-08 -1.08716e-07 
-1.12662e-07 8.20378e-09 
4.62883e-07 -1.72857e-07 
4.97457e-08 -4.04306e-07 
-8.5161e-08 2.48742e-07 
-2.46625e-07 -3.54345e-07 
-9.47921e-08 -1.47717e-07 
-3.39306e-08 -6.88317e-08 
6.42424e-08 -1.72232e-07 
-4.51282e-08 -3.8912e-07 
-3.76665e-06 6.18499e-07 
1.38546e-08 -2.64057e-07 
-3.3789e-08 -1.64338e-07 
-4.66057e-08 4.22961e-08 
2.28825e-07 -1.56264e-07 
-2.98487e-08 -1.44892e-07 
3.20788e-08 3.4049e-09 
3.01341e-07 -1.7578e-07 
4.03937e-08 -1.10754e-07 
-7.65163e-08 -2.49677e-07 
-2.12785e-06 -1.14099e-07 
1.54156e-07 -2.04004e-08 
6.3576e-07 -3.54711e-07 
5.15081e-09 -1.92743e-07 
-4.57985e-08 -1.30275e-09 
2.70599e-07 -2.15937e-07 
6.07642e-07 -3.43949e-07 
-2.04242e-08 -5.49885e-08 
8.25491e-08 -4.57988e-08 
-1.63159e-07 -4.35571e-08 
1.1341e-07 -1.23423e-08 
1.52287e-07 3.32068e-08 
1.34129e-08 -1.17566e-07 
-7.76294e-08 -6.59307e-08 
2.87705e-07 -8.16783e-08 
2.27394e-07 -1.08711e-07 
2.03894e-07 -1.87574e-07 
2.09979e-07 -2.02251e-07 
2.11306e-07 -1.18929e-07 
8.2419e-08 -4.40584e-08 
-3.91747e-07 -2.15298e-07 
-5.28374e-08 -6.02579e-08 
-4.52829e-08 4.01488e-07 
