3.44687e-08 -2.76877e-08 
-1.60224e-08 3.60905e-08 
3.49296e-08 2.19645e-07 
-1.43979e-08 7.15557e-08 
-2.19749e-07 9.59025e-09 
-2.62032e-07 4.84744e-07 
1.02635e-07 1.04081e-07 
5.16482e-08 4.26071e-08 
-1.72407e-08 2.4885e-07 
-8.60814e-08 8.27311e-08 
-5.4572e-08 4.35902e-08 
1.65028e-07 3.5556e-07 
-3.31049e-08 9.51337e-08 
7.75282e-08 -1.02438e-07 
9.07511e-08 -6.87768e-08 
-4.2159e-08 2.02043e-08 
-2.15014e-09 5.99256e-08 
-2.05512e-06 8.54664e-07 
-9.33798e-08 1.07776e-07 
-3.27153e-08 2.36198e-07 
-1.94312e-07 2.18693e-07 
1.65544e-07 9.45755e-08 
-2.62504e-08 -3.59345e-08 
-1.60819e-07 6.5593e-08 
7.88786e-07 2.37498e-07 
3.63136e-08 -1.22635e-07 
-2.27371e-08 3.67876e-08 
8.76244e-07 -1.0026e-07 
8.29971e-08 3.4394e-07 
-3.88062e-07 2.40706e-07 
1.89464e-07 -2.14638e-07 
-1.33998e-07 6.93339e-08 
-1.16874e-07 -1.78692e-07 
7.42424e-07 1.90752e-07 
-3.96331e-08 2.95831e-07 
-6.83703e-09 8.39366e-08 
-1.74898e-07 -7.51451e-08 
-1.59932e-07 1.02753e-07 
1.29452e-07 8.632e-09 
-1.08169e-08 3.25914e-07 
8.80341e-08 1.93265e-07 
-1.41069e-08 7.32845e-08 
-2.32186e-07 9.99228e-08 
1.74816e-07 -1.76076e-07 
-4.95532e-09 -1.48194e-07 
-1.90449e-08 1.30868e-07 
-1.64067e-07 2.22127e-07 
-9.29722e-08 -1.22909e-07 
-1.146e-07 -1.56814e-07 
-4.64552e-08 2.20253e-07 
