-1.0282e-08 -1.47171e-07 
-5.12577e-08 -8.54329e-08 
-5.98228e-08 -2.10728e-07 
2.57998e-07 -1.42744e-08 
-3.65714e-07 -1.4224e-08 
2.02856e-07 7.07579e-08 
3.09696e-08 -4.46023e-08 
3.28498e-08 -2.59168e-07 
-3.4243e-08 -2.90166e-07 
-1.2272e-07 -3.2499e-07 
-8.20944e-08 -2.47748e-08 
-9.05296e-08 -3.5986e-07 
1.71601e-08 2.18369e-07 
-1.94095e-07 -1.00644e-07 
-6.81133e-08 2.98483e-08 
7.41025e-08 -2.07463e-07 
8.94417e-09 -4.13912e-08 
2.94017e-06 -7.53608e-07 
7.62605e-09 2.27549e-07 
-2.33745e-08 -4.90651e-08 
6.87115e-08 -2.27027e-07 
-7.99201e-08 3.77643e-07 
-9.71547e-09 -2.08097e-07 
-2.66393e-07 1.41328e-08 
-3.05841e-07 -1.62919e-07 
-2.93998e-08 -2.29995e-08 
5.75259e-09 -1.83308e-07 
-1.57324e-06 -8.80845e-08 
-5.22178e-08 -2.39719e-07 
-1.54489e-08 4.66756e-07 
2.76068e-08 6.12588e-07 
3.49576e-08 -9.88869e-08 
9.00785e-08 1.41178e-07 
-5.52879e-07 2.8605e-08 
-6.97405e-09 -3.98391e-08 
2.42603e-08 -5.86095e-08 
-8.0926e-08 7.94471e-08 
-8.50595e-09 -7.01409e-10 
-3.83595e-08 -9.529e-08 
-2.91914e-08 -1.60837e-07 
8.54445e-08 -1.08378e-07 
-8.51782e-09 -1.95195e-07 
1.79203e-07 -3.3462e-08 
-7.54575e-08 -1.10329e-07 
9.56865e-08 -1.0904e-07 
2.19445e-07 -3.52008e-07 
-5.24118e-08 -5.19716e-08 
-8.0124e-08 -6.5882e-08 
2.48275e-08 6.67102e-08 
-2.98812e-10 -1.66506e-07 
