-0.000301904 -0.000291464 
-0.00858769 -0.000248816 
-0.0023098 -0.000187943 
-0.000157555 -0.000161724 
0.00491513 -0.000609274 
7.38174e-05 -1.564e-05 
-0.000248733 0.000523798 
0.000286961 -0.000235072 
-0.000345735 -0.000626804 
0.000222058 3.18104e-05 
0.000540903 -0.00020987 
-1.72688e-05 -0.000396013 
0.000104184 -0.000187082 
0.000253794 -0.000606697 
-0.00012895 -0.000320724 
1.8628e-05 -2.87284e-05 
-0.00038433 -0.00449862 
-0.00127849 -0.00254044 
-0.000382391 -0.000933795 
-0.000316841 -0.000145449 
