6.52799e-09 1.22e-08 
-6.82913e-08 -1.14442e-07 
2.29454e-08 2.33918e-07 
-3.00983e-07 -1.09794e-07 
-4.87314e-07 -2.1989e-08 
1.70433e-07 -5.50372e-07 
-8.67758e-08 3.04595e-08 
-1.4418e-07 1.9095e-07 
9.10004e-09 -3.84743e-08 
2.6624e-07 -9.025e-08 
-6.80161e-09 -3.10728e-07 
-2.1052e-07 -3.04472e-07 
-1.88067e-09 1.02916e-07 
-3.82665e-08 -2.74779e-07 
4.75993e-08 -1.13992e-07 
4.47562e-08 -4.01558e-08 
1.20623e-09 -2.56085e-07 
-2.21743e-06 2.84683e-07 
-8.84905e-08 -1.43908e-07 
4.68974e-08 -4.42178e-07 
-8.13183e-08 -3.52061e-07 
4.68687e-08 -6.13214e-08 
-1.65355e-08 -6.84636e-09 
6.94627e-08 -2.19944e-07 
6.16621e-07 -2.50531e-08 
2.48423e-08 -9.94438e-08 
-1.31787e-08 -1.62608e-07 
2.77507e-06 -6.87895e-08 
3.80606e-08 5.01967e-07 
5.89982e-08 -5.49586e-07 
8.53103e-09 -3.47963e-07 
-4.13914e-08 -2.19551e-07 
-1.57539e-07 -5.50188e-08 
5.63615e-07 -4.12471e-07 
-8.94694e-09 -1.22919e-07 
-1.10742e-08 2.27408e-07 
7.15254e-08 -1.7484e-08 
-1.26862e-07 1.14187e-07 
2.02075e-08 -4.72228e-08 
-6.30365e-08 -2.3233e-07 
1.06655e-08 -1.70577e-07 
2.26396e-07 -1.90334e-08 
-1.21522e-07 -1.8434e-07 
1.49585e-07 -1.7828e-07 
2.03004e-07 -4.46977e-08 
9.76604e-09 1.16385e-07 
2.43468e-08 -2.11991e-07 
3.41457e-08 -1.83795e-07 
-2.27832e-09 -7.1986e-08 
-7.16673e-08 4.43048e-07 
