1.59078e-08 2.52695e-07 
1.25813e-08 5.13969e-08 
1.08073e-08 4.80627e-07 
1.54815e-07 -1.09739e-07 
1.92219e-08 2.60393e-07 
5.53128e-08 2.58792e-07 
3.11764e-07 1.76565e-07 
-5.83189e-08 1.17247e-07 
3.01046e-08 2.22735e-07 
1.93242e-07 -2.59865e-07 
-5.43263e-08 -2.47889e-07 
-1.31078e-07 1.10639e-07 
6.0998e-08 1.76139e-07 
1.38118e-07 2.17054e-07 
1.48583e-07 1.04452e-07 
-1.03116e-07 2.86808e-07 
5.14504e-09 2.89051e-07 
-4.20755e-06 5.02459e-07 
-1.02862e-07 1.63641e-07 
-5.17987e-09 2.90375e-07 
6.5333e-09 3.989e-07 
9.67368e-08 -3.93921e-08 
-2.49733e-08 1.69743e-07 
1.88197e-07 -1.59179e-08 
-1.80684e-07 1.12667e-07 
2.63855e-08 2.7646e-08 
-1.51134e-08 5.26669e-07 
4.56054e-07 -3.66143e-08 
6.87537e-08 6.44789e-07 
-4.87897e-08 1.9748e-08 
1.77279e-07 -8.64222e-08 
-4.75021e-08 -4.70849e-08 
-3.10274e-07 1.56132e-07 
-6.19887e-08 -6.06689e-08 
-4.45071e-09 9.81591e-08 
-2.06947e-08 4.2264e-07 
4.86368e-08 1.19563e-07 
-1.32215e-07 2.63056e-07 
1.01412e-08 9.93435e-08 
-4.49158e-08 4.66031e-07 
-2.31549e-08 3.6472e-07 
1.44597e-07 1.19105e-07 
7.44397e-08 2.10887e-07 
1.38258e-07 -1.35207e-07 
1.07575e-07 1.90738e-07 
-1.38295e-07 1.94195e-07 
-1.167e-07 2.19141e-07 
1.46569e-07 1.75191e-07 
-6.16105e-08 -1.32422e-07 
-3.12089e-08 2.67234e-08 
