-1.14237e-08 9.96487e-08 
-7.05032e-11 9.32643e-08 
-3.96747e-08 -4.73653e-07 
2.20978e-07 -5.73878e-08 
2.89899e-08 3.1191e-07 
-1.02033e-07 8.21897e-07 
2.90496e-07 2.19566e-07 
6.28161e-08 -2.44431e-07 
6.19003e-09 2.19267e-07 
4.22787e-08 -3.5027e-07 
-3.31762e-08 2.60701e-07 
-8.3646e-08 2.68458e-08 
3.89165e-08 1.71628e-07 
-6.61519e-08 8.20145e-08 
1.08077e-07 1.51666e-07 
-3.7304e-08 -4.91321e-08 
4.24629e-09 8.57239e-08 
-2.80532e-06 -4.91818e-08 
-6.42766e-08 2.90087e-07 
-4.30426e-08 7.0826e-07 
5.78771e-09 5.87477e-07 
9.48266e-08 6.65394e-08 
-1.69718e-08 -1.85377e-08 
-4.57294e-07 2.58427e-07 
-1.74991e-07 1.86111e-07 
2.37779e-10 1.14215e-07 
-1.58712e-08 4.92357e-07 
-1.28706e-06 1.40795e-08 
2.52029e-08 4.05913e-07 
-9.17912e-08 4.45585e-07 
3.15562e-07 3.54566e-07 
-1.58224e-09 3.01792e-07 
-1.03524e-07 4.45412e-08 
-4.6604e-07 3.85625e-07 
1.07202e-09 2.04675e-07 
3.19999e-10 4.66025e-07 
3.26151e-08 1.0784e-07 
4.0241e-08 1.70885e-07 
-1.80387e-09 2.10135e-07 
-6.82858e-08 7.47585e-07 
5.13684e-09 1.15576e-07 
-1.71681e-08 1.97276e-07 
1.43914e-07 3.45187e-07 
5.08624e-08 4.10242e-08 
-4.34518e-08 1.14766e-07 
8.43365e-08 -7.73351e-08 
-6.68133e-09 3.87469e-08 
9.61197e-09 3.12505e-07 
-3.03407e-08 1.1269e-07 
1.44128e-08 8.64642e-08 
