-0.0304248 -2.69641 
-0.085305 2.03619 
2.45965 0.14074 
1.22108 -4.28611 
-0.187558 3.74715 
0.0872508 -4.62791 
1.34888 -0.239025 
-1.98223 1.07982 
-5.71303 3.32861 
1.39983 1.57527 
-2.87012 0.655648 
-4.07827 -3.85968 
1.03207 2.33967 
0.0464541 0.701139 
-0.706295 1.08299 
0.92866 1.09966 
2.27629 -1.77758 
1.04676 3.93158 
-2.15895 -0.799238 
0.561304 5.52882 
-3.39229 5.73209 
0.741094 -2.43099 
1.70159 -2.53078 
3.30273 0.783841 
-1.73107 0.567254 
0.39248 5.87751 
0.947735 2.38597 
-20.7823 4.47658 
-0.00070293 1.08189 
-2.04926 1.48416 
0.532705 -2.5494 
-0.688167 -1.46034 
1.1314 0.055057 
-2.29966 1.69932 
0.33434 -0.00079952 
-2.82669 4.15989 
0.0503598 -0.275933 
-1.50014 3.14294 
1.57147 -0.138764 
-0.529465 -1.44907 
0.542818 -1.20722 
7.09429 2.48859 
1.45248 -1.02463 
1.71564 1.1756 
0.52098 -0.184295 
1.43817 5.25742 
10.5753 1.82964 
-0.242959 5.45423 
2.41314 0.0694926 
-2.85049 2.64969 
