0.000327606 -0.000380036 
0.0045587 -0.000371376 
-0.00353385 -0.00052643 
-0.000157327 -0.000425183 
-0.00237186 0.000231179 
-2.67338e-05 -0.000327692 
-0.000306141 -0.00066012 
-4.94087e-05 7.07367e-06 
-0.00021243 0.000154107 
-0.000479978 -0.000269876 
-0.00131609 -0.000420357 
-0.000105886 -0.000349084 
0.000631227 -0.000246133 
0.000584797 8.31648e-05 
-4.26127e-05 -0.000341701 
-9.74632e-05 -0.000294277 
0.000498207 0.000193109 
0.000512961 0.000362018 
0.000260967 0.000271025 
-1.47573e-05 -0.000207699 
