-1.17417e-07 1.22045e-07 
-1.17256e-07 1.72878e-07 
-3.84622e-09 2.29354e-07 
6.31631e-09 1.47993e-07 
2.90742e-07 5.48438e-07 
-9.16482e-08 4.36776e-07 
8.67166e-08 1.53851e-07 
-1.2366e-07 1.96835e-07 
-9.9096e-08 3.72069e-07 
-2.24884e-07 1.7605e-07 
-1.77605e-07 4.84036e-07 
-1.24718e-07 4.56606e-08 
-2.49535e-07 2.26962e-07 
-1.47792e-07 1.79297e-07 
1.5643e-07 1.24928e-07 
-1.68355e-07 -8.83582e-08 
6.83371e-08 1.11931e-07 
1.88682e-06 2.74538e-07 
9.39921e-09 1.67966e-07 
2.58411e-08 -3.5273e-07 
5.99364e-08 2.94592e-07 
-1.45694e-07 1.7108e-07 
-1.19782e-07 3.85539e-08 
-6.25455e-07 3.27736e-07 
-6.82906e-07 -2.36652e-07 
-7.35224e-08 -2.36049e-08 
-8.87507e-08 4.48898e-07 
-8.78581e-07 2.19675e-07 
-2.64867e-08 4.06413e-08 
-1.82807e-07 1.57463e-07 
3.08196e-08 3.84365e-07 
-1.23968e-09 4.03167e-07 
-1.81855e-07 -3.95057e-08 
-4.83793e-08 1.99337e-07 
-7.67196e-08 4.04901e-07 
1.07286e-09 3.60402e-07 
-1.46663e-08 1.91541e-07 
-5.56937e-08 4.22447e-07 
-1.00452e-07 2.1742e-07 
-6.29802e-08 9.0961e-08 
-1.41687e-07 3.11266e-07 
-2.4352e-07 2.5284e-07 
-1.29263e-07 2.08285e-07 
1.96027e-07 1.36966e-07 
-1.61658e-07 -2.75258e-08 
1.75747e-07 4.31235e-08 
-1.29201e-08 -5.6998e-09 
9.7392e-09 2.52013e-07 
-1.15211e-07 1.6969e-08 
-4.5374e-08 2.76784e-07 
