7.48793e-09 -1.36734e-07 
-8.83904e-08 -1.76329e-07 
-8.89152e-08 -2.06242e-07 
-4.78743e-07 -2.4932e-08 
-1.69635e-07 1.52057e-07 
-1.61636e-07 -5.86988e-07 
-1.73259e-07 -1.07599e-07 
-1.03786e-07 -2.69102e-07 
-4.75469e-08 -2.41231e-07 
9.44749e-08 -2.15322e-07 
2.74765e-08 -4.50652e-07 
-1.50823e-07 -1.56634e-07 
1.77761e-07 9.29456e-08 
4.08287e-08 -6.79858e-07 
2.61466e-08 -1.26737e-07 
9.00022e-08 -1.11274e-08 
7.63485e-08 -1.97391e-07 
-4.35956e-07 -3.81887e-07 
-1.1783e-07 -1.70194e-07 
-8.61995e-08 -1.63484e-07 
-4.91425e-08 -6.78031e-07 
8.26902e-08 -1.09368e-07 
-1.78004e-07 -1.40448e-07 
1.14103e-07 -3.18741e-07 
8.56952e-08 6.01354e-08 
-7.5355e-08 -1.71362e-08 
-1.72504e-07 -2.21905e-07 
7.02751e-07 -2.72674e-07 
4.78617e-08 4.08195e-07 
-1.1591e-07 4.20006e-08 
-4.25804e-08 -4.615e-07 
2.19098e-08 -4.1346e-07 
2.84526e-07 -4.07762e-08 
-9.46542e-08 -3.40297e-07 
1.37842e-08 -4.81144e-07 
-9.90804e-08 -5.92645e-07 
-1.27309e-07 -2.35792e-07 
-1.41238e-07 -1.81937e-07 
-4.62875e-08 -2.14262e-07 
-9.91654e-08 5.61294e-07 
-8.85682e-08 -2.31644e-07 
-2.13368e-07 -9.81841e-08 
1.67257e-07 -2.69316e-08 
-1.00114e-08 -2.71018e-07 
3.80345e-09 -3.29816e-08 
1.47439e-07 -2.02224e-07 
2.02846e-08 -6.99361e-08 
-5.65976e-08 -5.5801e-08 
-4.58553e-08 -1.33462e-07 
-6.27436e-08 1.19447e-07 
