-1.13537e-07 8.91643e-08 
-1.40314e-07 9.13667e-08 
-7.04884e-08 2.18565e-08 
2.01063e-07 -1.01145e-07 
-2.82461e-07 1.31209e-07 
-7.41357e-08 -1.17416e-07 
-1.47243e-08 6.01514e-08 
3.4718e-08 1.34997e-07 
-9.07503e-08 3.07796e-08 
-1.76813e-07 5.96863e-08 
-8.65916e-08 1.25856e-07 
-8.53556e-08 4.5264e-09 
-3.22525e-08 -7.31947e-08 
-1.76248e-07 1.48989e-06 
-1.05247e-07 -8.45196e-09 
-2.34395e-08 8.83117e-09 
-2.25097e-07 5.57374e-08 
-2.40305e-06 -2.46244e-08 
-3.17918e-08 5.95444e-08 
4.32768e-08 3.80052e-07 
-8.44271e-08 4.94226e-07 
-1.28576e-07 -2.28555e-08 
-1.16443e-07 -4.62047e-08 
-3.29176e-07 3.21913e-07 
-1.46559e-07 1.27672e-07 
-6.03678e-08 -1.02594e-07 
-6.2514e-08 2.55321e-07 
-8.21574e-07 1.29588e-07 
8.89791e-08 -1.41819e-07 
-6.0652e-08 9.94599e-08 
-2.55042e-08 2.44174e-07 
-1.84054e-07 1.7939e-07 
-3.30408e-07 -1.36027e-07 
-2.02213e-07 2.34119e-07 
-1.16283e-07 2.49601e-07 
-1.26153e-08 2.67706e-07 
-3.11618e-08 1.80758e-07 
-1.13731e-07 4.41659e-07 
-9.70159e-08 7.52479e-08 
-8.63465e-08 -1.11524e-07 
-1.47774e-07 2.72366e-07 
-1.23822e-08 2.44828e-07 
-2.0104e-07 3.50642e-07 
1.73605e-07 3.50016e-08 
-2.25668e-07 -1.6678e-09 
2.75925e-07 8.16453e-08 
-1.208e-07 3.8843e-09 
-2.00712e-08 6.26614e-08 
-8.82406e-08 2.54093e-08 
-5.68662e-08 -1.36763e-08 
