1.30617e-08 1.30171e-07 
-1.41424e-07 -1.01295e-07 
-5.98107e-08 2.20276e-07 
-1.06314e-09 -2.36543e-07 
-1.045e-07 -1.28635e-07 
-4.8583e-08 1.27248e-06 
4.64872e-09 3.86952e-08 
-1.50489e-07 -3.10283e-07 
-7.36255e-08 2.99547e-07 
-1.69675e-07 9.17845e-09 
-1.85719e-07 4.17658e-07 
-1.34347e-07 3.91725e-08 
1.10871e-07 1.37677e-08 
-1.06698e-07 -4.19464e-07 
-2.58118e-07 7.63913e-08 
-1.76755e-07 1.7768e-09 
-7.66646e-08 4.04913e-08 
7.29101e-07 7.65185e-08 
-4.35548e-08 -3.33381e-07 
-1.9582e-08 2.62435e-07 
-1.63574e-08 5.49067e-07 
-1.87311e-07 1.59283e-07 
-1.2576e-07 -8.14543e-08 
-3.20974e-07 -5.17453e-08 
-6.0778e-08 2.60043e-08 
-7.32852e-08 4.93875e-08 
-5.71898e-08 1.66663e-07 
-2.19371e-07 -5.32707e-08 
-6.32707e-08 3.30903e-07 
-5.95991e-08 -3.14022e-08 
-5.76613e-08 3.05805e-09 
-1.50541e-07 3.50603e-07 
-3.23816e-07 2.77456e-08 
-3.82003e-08 3.94441e-07 
-4.26101e-08 8.25334e-08 
-3.07661e-08 2.65292e-07 
-5.26521e-08 -3.33227e-07 
-1.11789e-07 4.6078e-07 
-9.70177e-08 -4.89063e-08 
-9.81254e-08 -3.51973e-07 
-9.88257e-08 3.59576e-07 
-2.81788e-07 3.57105e-07 
-3.91689e-07 3.50674e-07 
1.0362e-07 8.49652e-09 
-1.32179e-07 -4.14672e-08 
5.04295e-07 3.979e-08 
-4.07406e-08 3.43861e-08 
-4.31592e-08 1.78134e-07 
-3.87116e-08 -2.83981e-08 
-5.84635e-08 1.15504e-07 
