-4.85385e-08 -1.78929e-07 
-1.27083e-07 -1.42526e-07 
-6.86861e-08 1.26659e-07 
-3.0002e-07 5.29631e-08 
1.25168e-08 -6.99516e-08 
-8.29833e-08 -1.09008e-06 
-7.11148e-08 -6.68261e-08 
-4.88049e-08 4.10559e-07 
-6.85231e-08 -1.24147e-07 
-1.16234e-07 -5.1983e-08 
-6.32015e-10 -3.13038e-07 
-8.82573e-08 -1.1518e-07 
-3.13125e-07 6.62013e-08 
-6.29638e-08 -2.93183e-07 
-2.86844e-08 -6.68338e-08 
6.0622e-08 -4.79049e-09 
-4.78858e-08 7.29395e-09 
-7.8257e-07 -1.32923e-07 
-9.70121e-08 8.29673e-08 
-1.90305e-07 -2.1929e-07 
-8.05269e-08 -3.10002e-07 
-6.65837e-08 -1.48666e-07 
-9.59493e-08 -3.85654e-08 
3.77385e-08 -5.19766e-08 
2.83698e-08 2.20317e-07 
-8.63849e-08 -1.31042e-07 
-8.34087e-08 -1.423e-07 
6.93366e-08 -1.79845e-09 
-7.15321e-09 1.19138e-07 
-8.04826e-08 -2.67267e-08 
-8.27513e-08 4.48473e-08 
-2.2017e-08 -1.58213e-07 
-5.32908e-08 1.1103e-07 
-1.12032e-07 -3.64068e-07 
-6.60366e-08 -3.59518e-07 
-1.08962e-07 -3.336e-07 
-9.28785e-08 2.17644e-07 
-1.07066e-07 -2.40663e-07 
-4.1188e-08 1.67051e-08 
-1.25617e-07 7.76431e-07 
-1.19312e-07 -2.80238e-07 
-1.27879e-07 -4.69942e-08 
2.58104e-07 1.25929e-07 
4.16469e-09 -1.37798e-07 
-1.76136e-09 -3.65685e-08 
-5.75551e-07 -1.50254e-07 
-9.61125e-08 -8.0827e-08 
-8.58831e-09 -5.10889e-08 
-3.89099e-08 -6.36741e-08 
-6.44553e-08 3.18108e-07 
