-8.65577e-08 9.17839e-09 
-7.93806e-08 -1.05668e-07 
-7.99435e-08 -1.94973e-07 
-6.75978e-08 -1.20828e-07 
-1.83225e-07 -5.48284e-08 
-6.46639e-08 -6.89003e-07 
-1.39009e-07 -6.11961e-08 
-1.46857e-07 -1.1468e-06 
-7.82818e-08 1.72386e-07 
-1.64292e-08 -2.95649e-08 
-2.62559e-07 4.17618e-07 
-6.39932e-08 -2.45222e-08 
1.68387e-07 -8.77975e-08 
-9.9581e-08 5.35772e-07 
-1.56224e-07 6.07015e-08 
-6.99483e-08 -2.84234e-08 
-1.14039e-07 -3.37645e-08 
3.11641e-07 1.02336e-08 
-5.42072e-08 -2.29212e-07 
-5.08795e-08 5.91111e-08 
-9.05014e-08 3.83962e-07 
-1.6504e-07 9.85863e-09 
-9.67086e-08 -1.00209e-07 
-2.9821e-07 1.56025e-07 
-1.94715e-07 -1.05465e-07 
-6.31749e-08 4.51718e-09 
-7.24055e-08 -7.61794e-08 
-2.801e-07 -4.03293e-08 
-4.7104e-08 -6.5668e-08 
-6.31579e-08 -6.6642e-08 
-4.68799e-08 -2.97726e-08 
-1.41307e-07 8.07352e-08 
9.15837e-09 -1.38017e-07 
-1.39462e-07 -6.76669e-08 
4.73624e-08 1.55867e-07 
-7.20782e-08 1.57529e-07 
-6.32739e-08 -2.67347e-07 
-8.58794e-08 1.11892e-07 
-9.23943e-08 -7.21746e-08 
-8.40699e-08 -3.78512e-08 
-1.24922e-07 2.10857e-07 
-1.67045e-07 5.14636e-07 
-3.67608e-07 -1.58134e-07 
-6.49411e-08 3.03739e-08 
-1.53953e-07 -8.79773e-08 
1.07549e-06 1.75971e-07 
-9.7308e-09 -3.63514e-08 
-7.97058e-08 6.16294e-08 
-1.14712e-07 -3.17835e-08 
-5.57018e-08 -4.31317e-07 
