-9.57832e-09 -1.70382e-07 
-1.52241e-07 -2.15629e-07 
-9.02168e-08 -1.19505e-07 
-2.39026e-07 -1.80153e-07 
-1.84909e-07 -6.65618e-08 
-8.58771e-08 4.11878e-07 
-9.44454e-08 -5.56525e-08 
-1.57992e-07 -1.46891e-06 
-7.47777e-08 5.81363e-08 
-1.23266e-08 -5.39456e-08 
-1.32797e-07 1.55058e-07 
-1.85418e-07 -1.48981e-08 
2.6095e-07 -6.35178e-09 
-9.15764e-08 -4.246e-07 
-1.04498e-07 -8.14377e-08 
-1.77309e-07 -6.43008e-08 
-1.00583e-07 -8.25737e-08 
7.03511e-07 -1.09595e-08 
-5.51254e-08 -2.89581e-07 
-4.54315e-08 1.11191e-07 
-2.37381e-08 -2.22309e-07 
-1.56883e-07 3.22261e-08 
-8.84014e-08 -1.02749e-07 
-9.50731e-08 1.21407e-07 
-1.69071e-07 -5.78349e-08 
-8.70938e-08 2.58536e-08 
-7.26638e-08 -6.98468e-08 
2.01056e-07 -1.21429e-07 
-2.97627e-08 3.08799e-07 
-6.83737e-08 -6.30629e-08 
-6.81488e-08 -8.18753e-08 
-8.60213e-08 -8.79564e-08 
-1.02938e-07 -7.92978e-08 
-4.96301e-08 9.47412e-08 
-7.034e-08 -1.92935e-07 
-7.81687e-08 2.63687e-09 
-7.94539e-08 4.92381e-08 
-1.61085e-07 1.30617e-07 
-8.8415e-08 -1.20511e-07 
-5.9166e-08 -3.71489e-07 
-1.03164e-07 1.0553e-07 
-2.04117e-07 2.45066e-07 
9.06824e-08 -1.5053e-07 
-9.13283e-08 -1.16928e-08 
-1.17355e-07 -1.12252e-07 
-1.33625e-06 -3.6198e-09 
-4.28237e-08 -6.85305e-08 
-6.34641e-08 2.7532e-07 
-7.04335e-08 -6.16402e-08 
-4.80685e-08 5.48834e-08 
