-8.94905e-08 -5.92858e-08 
-1.04239e-07 -7.16322e-08 
-8.80463e-08 4.72451e-08 
-1.70632e-07 -7.84628e-08 
-6.00508e-08 6.74089e-08 
-9.25856e-08 5.75615e-07 
-1.11359e-07 4.25496e-08 
-6.0231e-08 9.25468e-07 
-8.44532e-08 -3.82165e-08 
-2.14535e-07 -9.06774e-09 
-2.21296e-08 -1.3904e-07 
-2.20042e-07 -7.44007e-08 
-2.38602e-07 1.77706e-07 
-8.85866e-08 -7.01971e-07 
-9.76907e-08 8.15127e-08 
-3.67237e-08 -6.8672e-08 
-8.95252e-08 7.54594e-09 
-5.10686e-07 1.26037e-08 
-1.12792e-07 -2.11713e-07 
-7.96151e-08 1.00694e-07 
-3.08345e-08 -1.39516e-07 
-1.29474e-07 2.2828e-08 
-1.20464e-07 1.32667e-08 
-6.58278e-08 -7.05033e-09 
-6.97216e-08 6.35168e-08 
-1.04551e-07 4.14258e-08 
-9.33731e-08 4.58458e-08 
4.24019e-07 -2.48678e-08 
-5.02768e-09 3.83944e-07 
-7.46305e-08 2.50066e-08 
-8.33642e-08 6.26875e-08 
-4.40317e-08 -4.36729e-08 
-4.84901e-09 2.19239e-08 
-1.54516e-08 2.29906e-08 
-1.69097e-07 -2.68599e-07 
-9.14827e-08 1.38532e-07 
-1.02146e-07 5.74821e-08 
-1.61072e-07 2.78401e-07 
-8.55776e-08 5.47524e-08 
-1.08819e-07 -2.72565e-07 
-9.21213e-08 -1.89341e-07 
-2.37075e-07 -1.33839e-07 
1.29588e-08 1.03364e-07 
-1.09652e-07 -1.56385e-08 
-7.3568e-08 -1.63305e-08 
1.99311e-07 -1.05016e-07 
-9.22249e-08 -7.15684e-08 
2.29302e-08 3.70535e-07 
-2.38809e-08 3.39751e-08 
-6.52756e-08 5.90534e-07 
