-1.37437e-07 5.61827e-08 
-5.90267e-08 3.55141e-08 
-8.56095e-08 1.38339e-07 
-7.36025e-09 6.06112e-08 
2.36361e-08 1.20741e-07 
-8.14145e-08 1.06804e-07 
-1.15496e-07 -5.27423e-08 
-5.79478e-08 1.12088e-06 
-9.17412e-08 2.53107e-09 
-1.88399e-07 6.99596e-08 
-4.35634e-08 1.12967e-07 
3.00185e-08 2.76011e-08 
-1.87884e-07 1.02029e-07 
-8.7255e-08 9.64774e-07 
-1.64134e-07 1.57129e-07 
7.73089e-09 -5.90102e-08 
-1.02098e-07 2.5902e-08 
-7.9103e-07 4.18465e-08 
-1.00608e-07 -8.71341e-08 
-1.01908e-07 8.06746e-08 
-6.25214e-08 2.08077e-07 
-8.79348e-08 1.90593e-09 
-1.39589e-07 5.24239e-08 
-9.61536e-08 1.35213e-07 
-7.83587e-08 1.05283e-07 
-9.00897e-08 1.48636e-08 
-1.00196e-07 2.09114e-08 
-3.06342e-07 8.20789e-08 
1.0004e-08 -1.54292e-07 
-9.77003e-08 8.98732e-08 
-9.45068e-08 1.66499e-07 
-9.76805e-08 1.6298e-07 
3.70177e-10 1.00146e-07 
-7.20259e-08 -2.81136e-08 
-1.21109e-07 -2.84716e-07 
-9.52636e-08 1.46602e-07 
-1.05696e-07 -1.50962e-07 
-7.55267e-08 2.46306e-07 
-8.71379e-08 1.66875e-07 
-1.44325e-07 -1.95224e-07 
-1.24397e-07 4.54622e-09 
-8.9947e-08 3.17608e-07 
-1.44433e-07 2.19802e-07 
-8.50306e-08 1.25851e-08 
-7.65834e-08 4.4008e-08 
1.20955e-06 -7.65436e-08 
-6.80482e-08 1.14471e-08 
-3.02195e-08 -1.80732e-07 
-7.59596e-08 -1.94474e-08 
-9.0894e-08 2.28941e-07 
