-8.90922e-08 6.6272e-08 
-6.56524e-08 -2.14308e-08 
-6.93409e-08 1.19156e-08 
-1.49415e-07 -9.9313e-08 
-3.96546e-08 -6.12489e-08 
-7.76158e-08 1.94121e-07 
-8.13534e-08 -3.25759e-08 
-6.92577e-08 1.82409e-07 
-8.12193e-08 -3.4803e-08 
-6.34281e-08 -3.89264e-08 
1.16972e-08 -1.20675e-07 
-5.94857e-08 -6.69639e-08 
-1.28712e-07 -1.12213e-08 
-9.18527e-08 4.40135e-07 
-6.69078e-08 1.89614e-08 
-5.96259e-08 -3.40104e-08 
-4.56358e-08 4.71197e-09 
-6.2827e-07 -3.6222e-08 
-9.33868e-08 -1.09255e-07 
-5.63248e-08 1.93131e-08 
-9.17127e-08 2.68288e-08 
-5.54861e-08 -1.10898e-07 
-9.01942e-08 -1.7992e-08 
-6.37312e-08 7.46186e-08 
-7.93215e-08 -2.73178e-08 
-7.57507e-08 -1.47589e-08 
-8.9424e-08 6.96803e-09 
-3.19015e-07 -1.74508e-08 
-1.36302e-07 1.00919e-08 
-6.38388e-08 -6.36031e-08 
-6.43474e-08 -7.25435e-10 
-9.18246e-08 8.72686e-08 
-3.11202e-08 8.14054e-08 
-4.38682e-08 -6.47564e-08 
-9.13561e-08 -1.38902e-07 
-7.7835e-08 -1.29164e-07 
-7.50397e-08 -1.50695e-07 
-9.95462e-08 -3.50595e-09 
-5.5853e-08 6.10365e-08 
-8.32031e-08 -1.6723e-07 
-7.15922e-08 -1.73475e-07 
-1.63556e-07 5.61698e-07 
-1.0464e-07 1.06948e-07 
-7.36004e-08 -9.06064e-09 
-6.11722e-08 -3.66676e-08 
4.44288e-07 -2.4628e-08 
-5.29229e-08 -6.6709e-08 
1.94645e-08 -1.51592e-09 
-7.79158e-08 -4.41829e-08 
-5.88676e-08 1.93768e-07 
