0.199347 -1.92189 
0.106205 -1.07641 
2.11703 0.677189 
-1.7844 2.66025 
0.697736 -2.28707 
-0.0994058 -3.49433 
2.01504 0.603541 
-1.12834 0.817589 
6.74955 1.98828 
0.636599 -1.33759 
6.79418 -1.21306 
2.73508 1.73479 
-0.0666437 -1.28264 
0.00424081 -1.33061 
-0.544717 1.05433 
0.355808 -1.56879 
0.838337 5.22439 
0.465189 -2.97239 
2.23421 0.760217 
0.329387 2.23003 
2.70628 -3.40404 
3.66808 8.19801 
2.71124 1.14883 
-3.94642 -0.678033 
3.81212 -0.861456 
-0.289911 -2.35099 
-2.77219 5.40705 
16.5603 -0.610516 
-4.24713 -1.68728 
6.01645 -1.58116 
1.55486 -0.187235 
3.31919 4.19797 
-0.635306 0.262933 
1.5489 4.02832 
1.91362 -0.767923 
1.66976 -3.97244 
0.157323 0.581151 
1.1638 1.21481 
-2.55197 0.504201 
1.22434 1.37537 
-0.488581 2.65124 
-1.73412 -2.06311 
-0.274223 4.02326 
-0.972202 -2.19216 
-0.129961 1.05677 
2.65246 -3.63248 
-0.989231 -2.2265 
1.19257 -3.1018 
1.35768 1.57304 
3.90628 -3.56072 
