1.18058e-08 3.63973e-08 
1.37646e-08 -6.19554e-09 
-4.74769e-08 9.29805e-08 
-1.13578e-07 -3.59441e-08 
-2.90837e-08 -3.3524e-09 
-4.36145e-08 -2.00512e-07 
-4.04673e-08 -1.17303e-08 
-7.76808e-08 4.17255e-08 
-3.31195e-08 -2.1454e-08 
-4.71279e-08 6.45422e-09 
-3.70271e-08 -1.21466e-07 
-2.41979e-08 -3.74592e-08 
-6.20345e-08 4.35708e-08 
-1.02814e-07 4.72484e-07 
-4.23718e-08 3.5148e-08 
-1.06168e-08 1.35448e-08 
-1.63519e-08 1.64428e-08 
2.47859e-07 -9.09364e-09 
-5.27677e-08 -5.72332e-08 
-2.19732e-08 3.57714e-08 
5.20129e-09 -2.48789e-08 
-4.83626e-08 -9.56896e-10 
-5.89089e-08 -1.47561e-08 
-6.77561e-08 3.90245e-08 
-1.04582e-07 1.12401e-09 
-1.56471e-08 5.79839e-09 
-5.9581e-08 -6.72214e-09 
-4.26803e-07 -6.6433e-08 
-1.9841e-08 4.9095e-09 
-4.76207e-08 -1.95491e-08 
-3.79418e-08 6.44874e-08 
-1.08408e-07 4.56031e-08 
-1.78099e-08 -3.07352e-09 
-4.17375e-08 -9.33416e-08 
7.86709e-09 -3.34491e-08 
-6.85328e-08 -8.85978e-08 
-5.28629e-08 -1.25914e-07 
1.53708e-08 -2.94877e-09 
-4.02627e-08 1.147e-07 
-2.44169e-08 -1.28336e-07 
-1.3429e-07 2.05501e-08 
-1.45594e-07 9.73248e-07 
9.19474e-08 -4.42794e-08 
-3.58595e-08 1.39594e-08 
-3.6461e-08 -3.5611e-09 
3.44832e-08 -2.90595e-08 
-9.49916e-08 1.0687e-08 
6.47511e-08 -8.85489e-08 
-2.76113e-08 1.7789e-08 
-3.21721e-08 1.6801e-07 
