-7.81552e-08 -1.0063e-07 
-7.90588e-08 7.03844e-08 
-5.99144e-08 3.02717e-07 
-1.4879e-07 -6.75829e-09 
-7.50777e-08 5.11317e-08 
-4.4899e-08 -5.50662e-07 
-7.17968e-08 -1.63624e-07 
-1.03166e-07 -1.80798e-07 
-6.09475e-08 -3.78986e-08 
-9.91395e-08 1.5162e-07 
-6.58767e-08 -1.86314e-07 
-5.16901e-08 -1.4867e-07 
-9.71811e-08 1.19478e-07 
-1.4765e-07 -1.32539e-07 
-1.13172e-07 -1.04994e-07 
-5.28691e-08 -3.39957e-09 
-4.91558e-08 -3.19898e-07 
-3.81471e-07 -2.09752e-07 
-5.08285e-08 -1.33652e-07 
-3.71439e-08 -1.7639e-07 
-1.21129e-07 1.4202e-07 
-6.10891e-08 -3.55569e-07 
-6.67844e-08 1.42695e-07 
-6.12488e-08 -7.96371e-08 
-4.46443e-08 -3.06922e-08 
-7.36232e-08 -1.41448e-07 
-7.4667e-08 4.73319e-08 
-2.89284e-07 -2.17793e-07 
-4.47969e-08 -1.18909e-07 
-7.8625e-08 4.65081e-08 
-9.94874e-08 -1.45063e-07 
-6.8023e-08 6.90457e-08 
-5.61832e-08 -1.34678e-07 
-6.70948e-08 -8.73795e-08 
-5.34635e-08 2.81459e-07 
-9.50754e-08 2.33171e-07 
-6.0488e-08 -1.73284e-08 
-1.32969e-07 -1.79442e-07 
-5.92621e-08 -1.2185e-07 
-5.03253e-08 2.38711e-07 
-9.29258e-08 -3.39922e-07 
-3.98806e-08 2.90533e-07 
-7.32007e-08 8.97214e-09 
-7.32305e-08 8.065e-09 
-7.54347e-08 1.52077e-07 
2.39499e-07 -1.79234e-07 
-1.04228e-07 -3.49432e-07 
-8.99208e-09 -1.83948e-07 
-6.78306e-08 -7.44891e-08 
-6.74539e-08 -2.47427e-07 
