-29.0788 -1.55578 
-27.2015 -2.75504 
-32.768 -14.7678 
-31.0737 -13.0617 
-28.5495 -4.22087 
-29.4278 -1.97179 
-17.0454 3.20155 
-30.149 11.715 
-22.0306 6.03806 
-22.6281 19.3102 
-22.0026 10.1848 
-17.1383 -7.18189 
-15.2883 -12.4035 
-11.8351 -0.898405 
-13.5927 -0.925575 
-25.8469 -2.7093 
-20.0972 -6.23713 
-19.377 -1.28966 
-18.1953 -16.117 
-29.7493 29.6896 
-24.6923 -11.9067 
-28.1693 2.14405 
-25.5031 1.5421 
-32.768 -16.858 
-32.768 -11.4201 
-32.768 -9.98146 
-32.768 -3.72757 
-25.6089 -6.5838 
-22.0678 -0.641017 
-25.954 2.68044 
-31.4345 -14.2143 
-13.9724 1.19806 
-23.3084 6.84426 
-17.003 -0.364548 
-26.3592 -31.2229 
-26.6497 -14.5403 
-23.7546 14.0252 
-16.9919 2.55096 
-17.3054 -1.14159 
-27.7337 1.96452 
-32.768 6.14597 
-32.768 -25.7054 
-32.768 -10.9171 
-27.6098 -2.85519 
-30.8252 28.0976 
-31.6402 4.72086 
-2.62537 0.171145 
-21.6291 0.162951 
-23.6179 5.72691 
-32.768 10.4769 
