-1.13335e-07 -4.63001e-08 
-1.66058e-08 -7.64145e-08 
-8.36911e-08 4.24464e-08 
-1.30217e-07 -3.37549e-08 
-7.91406e-08 -5.70349e-08 
-7.05272e-08 -5.37616e-07 
-7.38083e-08 -2.87085e-07 
-7.23255e-08 -1.37047e-07 
-6.32735e-08 -1.464e-07 
-1.005e-07 2.94911e-08 
-6.65204e-08 -1.15852e-07 
-5.27421e-08 -3.75238e-08 
-7.08499e-08 -6.0787e-10 
-3.5451e-08 5.28242e-07 
-6.25793e-08 -1.27346e-07 
-4.98297e-08 -1.29536e-07 
-1.84066e-08 -5.10035e-07 
-6.52077e-08 -3.21384e-07 
-7.38096e-08 -3.41617e-07 
-2.44717e-08 -6.7052e-08 
-1.05815e-07 4.54833e-08 
-7.22153e-08 -3.3383e-07 
-5.67516e-08 7.97606e-08 
-7.13103e-08 -1.45565e-07 
2.81205e-08 -6.32009e-08 
-8.85159e-08 -1.49885e-07 
-7.21062e-08 3.23858e-08 
-3.00317e-07 -3.81391e-07 
-6.27363e-08 -1.17682e-07 
-8.08029e-08 2.76526e-08 
-3.75202e-08 -2.03391e-07 
-3.9151e-08 -1.83388e-08 
-5.38091e-08 -1.52145e-07 
-7.82311e-08 -1.5176e-07 
-2.93771e-08 1.4504e-07 
-8.10716e-08 5.90104e-10 
-6.6345e-08 -7.24366e-08 
-1.09815e-07 -1.33118e-07 
-7.64355e-08 -5.52816e-08 
-1.21968e-07 1.62639e-07 
-5.71607e-08 -3.039e-07 
-3.31124e-08 -5.80667e-07 
-8.49595e-08 -9.44162e-08 
-6.47374e-08 1.51492e-08 
-7.72116e-08 -2.18862e-08 
2.32016e-07 -2.83515e-07 
-6.68457e-08 -5.55732e-08 
2.23428e-08 -3.5916e-07 
-5.69962e-08 -1.70998e-07 
-5.82971e-08 -5.34165e-07 
