-7.62051e-08 7.27758e-08 
-7.39423e-08 -7.41666e-08 
-6.45275e-08 3.65501e-08 
-8.7376e-08 -9.04765e-08 
-7.18964e-08 -1.28466e-07 
-6.77058e-08 6.23296e-08 
-7.16571e-08 -1.46965e-07 
-6.11808e-08 -7.58631e-08 
-6.51444e-08 -1.4763e-07 
-8.0565e-08 1.90774e-08 
-7.09858e-08 -2.29589e-08 
-6.12007e-08 -1.20134e-07 
-4.9661e-08 1.73962e-07 
-1.60407e-07 -5.77137e-07 
-6.13827e-08 -8.56717e-09 
-5.97386e-08 -1.08907e-07 
-9.03637e-08 1.91539e-07 
-5.96498e-07 -1.98435e-08 
-7.83526e-08 -7.49423e-08 
-7.76044e-08 6.83139e-08 
-8.92014e-08 1.0891e-07 
-7.48731e-08 3.04399e-08 
-9.35936e-08 -2.22835e-07 
-7.09392e-08 -1.04897e-07 
-1.13431e-07 -4.49498e-08 
-7.69861e-08 -6.37868e-08 
-8.21337e-08 -3.53571e-08 
-2.7582e-07 -3.79411e-09 
-2.1239e-08 -2.37478e-07 
-7.38039e-08 -2.62548e-08 
-4.84809e-08 7.95987e-08 
-6.4448e-08 -4.37423e-08 
-7.77392e-08 -1.25047e-07 
-6.84527e-08 -3.02541e-07 
-6.77396e-08 1.21489e-07 
-9.21808e-08 1.33492e-07 
-9.01643e-08 -2.68418e-08 
-9.24795e-08 8.01515e-09 
-8.15425e-08 -9.13773e-08 
-8.92912e-08 -1.23158e-07 
-6.86257e-08 -5.51575e-07 
-6.71934e-08 9.11151e-08 
-7.22209e-08 2.6244e-08 
-7.43882e-08 6.02949e-08 
-7.39557e-08 -1.51945e-07 
-1.9454e-07 -3.64847e-09 
-7.57795e-08 -8.43089e-08 
-1.47887e-09 -8.13886e-08 
-6.97884e-08 -7.94072e-08 
-5.8292e-08 -3.49626e-07 
