-0.00018466 -0.000263397 
0.00177973 -0.000201395 
-0.00559845 -0.00035333 
6.06281e-05 -0.000349098 
0.00100598 -0.000417997 
-0.000178259 -0.000313213 
0.000183993 0.00031013 
-0.000320161 -0.000222839 
-8.13729e-05 4.62719e-05 
0.00207543 -0.000577633 
-0.000259621 -0.000172044 
-0.000152625 -0.000275221 
0.000232802 -0.000315928 
-0.000135353 6.11581e-05 
-0.000151292 -0.000275896 
-7.41609e-05 -0.000324698 
-7.68215e-05 -0.00688408 
-0.000847956 -0.00376889 
7.49482e-06 -6.92426e-05 
-0.00023384 -0.000240515 
