-1.05373e-07 -9.418e-08 
-5.61675e-08 6.42585e-08 
-5.85177e-08 -1.62401e-08 
-9.20793e-08 -3.50919e-07 
-3.83173e-08 2.78127e-08 
-7.55993e-08 1.74797e-08 
-8.79019e-08 -1.13908e-07 
-6.58844e-08 3.93825e-08 
-3.10057e-08 -1.02184e-07 
-8.32704e-08 5.84901e-08 
-7.00294e-08 -5.79957e-08 
-6.2918e-08 -9.55459e-08 
-5.21148e-08 1.6968e-07 
-4.83126e-08 9.69943e-08 
-7.78301e-08 -7.73719e-09 
-5.61174e-08 -4.0946e-08 
-6.80705e-08 5.42911e-08 
-3.26045e-07 -7.11827e-09 
-6.09562e-08 -6.92811e-08 
-7.58666e-08 9.46929e-08 
-1.00297e-07 -5.63362e-08 
-6.31663e-08 -1.9819e-08 
-6.56835e-08 -2.63855e-07 
-6.45206e-08 -1.03043e-07 
-8.78865e-08 -4.21908e-08 
-5.65334e-08 1.17458e-08 
-6.87471e-08 5.77984e-08 
-1.73717e-07 3.53917e-08 
-8.55441e-08 -1.51344e-07 
-7.35029e-08 5.29473e-08 
-6.46495e-08 -9.14461e-09 
-7.44466e-08 -4.85125e-08 
-6.2773e-08 -2.76062e-08 
-3.63928e-08 -2.40581e-07 
-4.57828e-08 6.61803e-08 
-8.71894e-08 7.85692e-08 
-1.01152e-07 -1.09655e-09 
-5.14973e-08 2.90074e-08 
-9.58719e-08 -6.03693e-09 
-8.15346e-08 2.07354e-07 
-8.19589e-08 2.21165e-07 
-8.9417e-09 1.78756e-08 
-7.55641e-08 1.67528e-08 
-5.84675e-08 5.77429e-08 
-7.06675e-08 1.53873e-09 
3.19722e-07 -6.02231e-08 
-3.81001e-08 -1.38638e-08 
-5.74409e-08 -1.87598e-08 
-8.48759e-08 4.29325e-08 
-4.1726e-08 3.91693e-07 
