0.686474 3.66744 
-0.419095 1.4743 
4.35497 2.28037 
4.44226 2.50267 
-0.858115 1.53433 
0.783328 1.42749 
0.978198 0.645731 
-0.41944 1.09397 
-6.87263 7.03458 
2.17146 0.826997 
1.88927 2.75468 
-1.7396 -5.15294 
-0.959691 1.69177 
-0.633514 1.30331 
-1.64722 1.08002 
-0.686927 1.77829 
-0.879256 -1.58005 
0.224697 2.43723 
-0.011457 -0.224983 
-0.103773 -0.195063 
-2.8205 3.70099 
0.325036 -5.55316 
1.66708 0.488132 
2.36151 2.2608 
-1.00093 1.7156 
1.36337 4.6196 
-1.19398 -1.08187 
-17.9643 3.17638 
1.14191 1.61255 
-0.186462 2.70983 
-0.363866 -0.849549 
-0.370496 1.5079 
-0.540075 1.29813 
0.428114 -1.34827 
-0.769138 2.9915 
-2.514 -2.28343 
-0.983065 1.47915 
-1.1615 5.52529 
2.60378 1.56407 
-1.56509 -0.144094 
3.37465 0.339318 
2.62912 4.40784 
-0.189349 -0.49171 
0.191936 2.52305 
-0.781675 1.007 
-2.12915 6.33911 
-2.0214 -2.40776 
0.652058 1.42779 
-6.07232 0.918639 
-0.0857906 -4.05741 
