-5.62571e-08 1.32165e-07 
-5.79426e-08 -7.3669e-11 
-6.02374e-08 1.2878e-07 
-4.50103e-08 -2.65834e-07 
-5.44054e-08 4.66969e-08 
-1.11635e-07 -3.36518e-08 
-3.02661e-08 7.64582e-08 
-7.39921e-08 3.20265e-09 
-5.44616e-08 1.31561e-07 
-5.17038e-08 -2.34853e-08 
-5.11e-08 -3.6767e-08 
-3.95293e-08 1.89084e-08 
-5.29876e-08 1.66573e-08 
-3.24386e-08 1.13289e-07 
-3.56181e-08 -1.15641e-07 
-5.71401e-08 5.03125e-08 
-5.79841e-08 -1.85307e-08 
1.59856e-07 7.21296e-08 
-3.71727e-08 -4.12062e-08 
-9.11318e-08 1.11606e-08 
-2.96805e-08 5.17629e-08 
-5.87561e-08 1.345e-07 
-1.10575e-07 2.27788e-07 
-4.27136e-08 7.75983e-08 
-4.05735e-08 2.52789e-08 
2.25225e-10 4.23858e-08 
-6.09911e-08 2.00926e-08 
1.07428e-07 -3.74244e-08 
-1.08091e-08 7.26862e-08 
-2.68763e-08 -1.20002e-08 
-1.71984e-08 2.10098e-08 
-3.03898e-08 -3.52802e-08 
-3.6954e-08 9.77577e-09 
-5.70672e-08 1.15844e-07 
-4.95932e-08 3.35469e-08 
-1.10693e-07 7.7046e-08 
-1.61834e-08 -2.81822e-08 
-4.93073e-08 -8.65658e-09 
-6.86852e-08 -6.56399e-08 
-3.7074e-08 1.96398e-07 
-4.62563e-09 1.63182e-08 
-2.31956e-08 -1.69953e-08 
-3.05956e-08 -3.42697e-08 
-3.79886e-09 -3.22369e-08 
-6.40432e-08 -9.9993e-08 
-1.30422e-07 9.19683e-09 
-6.50713e-08 -3.61381e-09 
-2.37564e-08 4.10192e-08 
-7.2384e-08 -3.66437e-08 
-5.62542e-08 -2.65843e-07 
