3.88915e-08 -1.46238e-08 
9.42931e-09 -7.24277e-08 
2.48177e-08 -1.49659e-07 
-1.95091e-08 -9.2237e-08 
1.19468e-08 -5.497e-08 
-6.40823e-08 1.12717e-08 
2.75963e-08 7.62948e-09 
-4.24388e-08 -8.00335e-08 
3.8623e-08 -7.10965e-08 
-1.49825e-08 -1.16582e-08 
-3.39997e-08 -2.37097e-08 
-2.54965e-08 -8.58303e-08 
3.01857e-08 -3.84738e-08 
-2.82182e-08 -3.26311e-08 
-4.34886e-08 5.63276e-10 
-3.98662e-09 -8.13898e-08 
-3.80409e-08 -3.06598e-08 
-6.54056e-08 -1.20459e-07 
-1.76271e-08 -5.71619e-08 
-4.0677e-08 7.75561e-08 
-6.40732e-08 -5.6804e-08 
1.32522e-08 -1.636e-07 
3.32797e-09 -1.38574e-07 
-4.73906e-09 1.29096e-08 
-4.52502e-08 -5.52358e-08 
-4.565e-08 2.38955e-08 
-1.17789e-08 1.97599e-08 
-4.68327e-08 2.24567e-08 
-4.47807e-08 -1.03718e-07 
-6.82952e-08 7.21334e-08 
-2.58703e-08 -7.80379e-09 
2.90274e-08 -3.46505e-08 
-3.35967e-08 -4.07801e-08 
-2.3281e-08 -3.77611e-08 
3.83735e-08 -1.64351e-08 
4.3423e-09 -2.56128e-08 
-4.63014e-08 -6.93682e-08 
-1.04177e-08 -3.69028e-08 
5.76254e-09 -7.42611e-08 
-6.00254e-09 -1.71533e-07 
9.04152e-09 -7.36236e-08 
-2.97231e-09 -2.02559e-08 
-4.56035e-08 -1.53471e-08 
1.00609e-08 -7.10355e-08 
-4.54748e-08 -1.24849e-07 
-2.2879e-07 5.619e-08 
1.70622e-08 -3.00386e-08 
-1.2038e-08 -2.62715e-08 
3.21812e-08 -1.40379e-08 
-2.499e-09 2.32383e-07 
