-1.43482e-07 1.84306e-08 
-5.15546e-08 5.86776e-08 
-4.98034e-08 7.67603e-08 
-2.10412e-08 -2.2506e-07 
-3.80198e-08 4.49955e-08 
-8.84135e-08 1.73472e-08 
-7.24735e-08 -4.31875e-08 
-4.90951e-08 1.02681e-07 
-5.18851e-08 -5.06588e-08 
-2.70154e-08 -2.43231e-08 
-1.88382e-08 -1.2924e-09 
-2.84683e-08 -1.63582e-08 
-9.57473e-08 1.29271e-07 
-2.43004e-08 1.91043e-07 
-7.52199e-09 -2.27337e-08 
-5.3052e-08 1.4628e-07 
-3.42713e-08 5.52096e-09 
6.82007e-08 2.18562e-08 
-4.00768e-08 -3.43422e-08 
-2.0081e-08 4.80573e-08 
1.90641e-09 4.62271e-08 
-3.06242e-08 8.85653e-08 
-1.45531e-07 3.6989e-08 
-9.1735e-09 -1.43427e-07 
-1.01911e-07 3.9258e-08 
5.7479e-08 -2.74282e-08 
-6.62479e-08 6.14162e-08 
-5.97422e-08 -1.95552e-08 
-2.92982e-08 -5.05066e-08 
-9.43725e-08 3.68913e-08 
-7.31359e-09 2.29061e-08 
-3.37244e-08 1.13154e-09 
-6.12602e-09 4.20765e-08 
-3.13074e-08 -1.55395e-09 
-2.58215e-08 1.57337e-08 
-7.13545e-08 4.88904e-08 
1.61902e-08 -1.11053e-08 
-2.01297e-08 6.72814e-09 
-3.3572e-08 2.1918e-08 
-6.98624e-09 1.75776e-07 
-6.39274e-09 -2.73278e-08 
-1.36733e-08 -3.62016e-09 
-7.55716e-08 -2.37255e-09 
-2.16236e-08 2.33272e-08 
6.86956e-09 -5.11204e-08 
-1.47478e-07 -1.30032e-07 
-4.74363e-08 1.40585e-08 
-6.05485e-09 1.24915e-08 
-4.79092e-08 -2.75298e-08 
-3.47994e-08 4.06573e-08 
