6.88133e-08 5.88678e-08 
-6.98481e-08 4.96224e-08 
-7.87072e-10 3.19615e-08 
-2.63597e-08 -4.37902e-07 
-4.41678e-08 1.43866e-09 
-5.97185e-08 1.29575e-08 
-5.29782e-08 -1.08786e-08 
-4.97932e-08 4.01467e-08 
-3.92104e-08 1.4962e-07 
-2.11087e-08 -2.59663e-08 
-4.62188e-09 6.74074e-09 
-2.07303e-08 3.53561e-08 
-3.26086e-08 5.72468e-08 
-1.05227e-08 -1.70219e-07 
-2.95559e-08 -1.40816e-07 
-9.34008e-08 1.20255e-07 
-1.77243e-08 -7.485e-09 
7.60615e-09 4.93654e-08 
-3.61892e-09 -5.3467e-08 
2.75053e-08 -1.29586e-08 
-5.45146e-08 1.7431e-08 
-3.51066e-08 8.02085e-08 
2.80565e-08 1.94215e-07 
-9.19829e-09 2.32828e-08 
-6.89607e-08 -4.86279e-08 
-2.81545e-08 -6.25954e-09 
-4.7948e-08 -2.46005e-08 
-2.75808e-09 -1.28531e-08 
-4.83864e-08 4.2352e-08 
3.06767e-08 -3.05379e-08 
-3.04286e-09 2.87366e-08 
-5.46915e-08 -2.19519e-08 
-3.0549e-08 4.43985e-08 
-4.34798e-08 1.08917e-07 
2.73538e-08 -3.89088e-08 
-7.20357e-08 -1.16103e-08 
7.40621e-09 2.05006e-08 
-2.20406e-08 1.09734e-08 
-1.15429e-07 3.5136e-08 
-7.73823e-09 -7.30566e-08 
2.6887e-08 -9.09568e-08 
-1.42629e-08 9.08706e-09 
-8.07354e-08 6.54341e-09 
-1.45534e-08 4.8999e-08 
-2.99022e-08 -5.54676e-08 
-1.73655e-07 -7.96771e-09 
-2.08717e-09 -1.37076e-08 
-6.12484e-09 3.24432e-09 
-2.90542e-09 -2.75636e-08 
-6.67008e-08 -1.19753e-07 
