-1.16914e-07 -3.36952e-08 
-9.8457e-08 6.58027e-09 
-6.28249e-09 8.08675e-09 
-1.07415e-08 5.66023e-08 
-2.18394e-10 -7.07417e-08 
-5.06675e-08 -1.34408e-08 
-7.34644e-08 -2.82325e-08 
-4.57213e-08 1.58741e-08 
-2.22364e-08 -1.53066e-07 
-4.56895e-08 -1.126e-08 
-2.29346e-08 1.61739e-10 
-3.169e-08 -8.01697e-09 
-4.45526e-08 4.12053e-08 
-2.05356e-08 1.8481e-07 
-3.78555e-08 8.65841e-08 
4.7929e-08 5.25221e-08 
-6.78646e-08 -1.99905e-08 
-1.40695e-09 -8.38468e-08 
-3.1612e-08 -2.81714e-08 
2.11828e-08 1.16938e-07 
-5.12175e-08 -2.11477e-08 
-3.79118e-08 1.53376e-07 
-4.40006e-08 2.66295e-08 
-9.19018e-09 1.43522e-07 
-8.57624e-08 1.73891e-08 
2.9169e-08 -2.64299e-08 
-3.48931e-08 -2.56689e-08 
-1.39124e-08 -1.80691e-08 
-3.33258e-08 -1.05844e-07 
-1.26798e-07 3.26988e-08 
-1.6041e-09 -3.57402e-08 
-2.86504e-08 -2.45993e-08 
-1.5135e-08 -6.25818e-10 
-4.66986e-08 -1.04266e-07 
-8.26525e-08 8.19503e-08 
2.44775e-08 1.61971e-09 
-1.48037e-08 -4.58262e-08 
4.42352e-09 -2.36463e-08 
-1.65743e-09 3.45923e-08 
1.61201e-09 1.08841e-07 
-5.25466e-09 -6.60666e-09 
9.83268e-09 -2.41941e-08 
3.05323e-09 -1.64907e-08 
-4.10194e-09 -3.13879e-08 
6.8006e-09 7.0854e-09 
-7.30741e-08 1.48169e-08 
-6.21249e-08 -1.13657e-08 
-1.05059e-08 -1.49713e-08 
-3.6907e-08 -2.41219e-08 
-1.57565e-08 1.34084e-07 
