-0.225562 0.618573 
-0.59544 -0.328499 
0.329563 2.13294 
2.32576 0.158429 
-0.213013 1.97137 
-0.413354 2.77647 
1.15964 1.40594 
-1.29105 1.19917 
-3.03588 -2.09136 
1.37956 2.4998 
0.639881 2.24948 
-3.71589 0.493471 
-2.0428 2.53199 
-0.92578 2.31545 
-2.82767 1.11413 
-0.676877 3.73007 
-1.88372 -2.01182 
0.784084 3.25807 
-1.8219 -0.692944 
0.199861 -3.73936 
-0.564423 3.75754 
-1.83982 -1.29368 
3.31686 -7.86099 
-0.445125 1.47203 
-3.95296 3.23566 
1.36674 0.110669 
-0.243114 8.16551 
-5.21544 0.264282 
3.85243 3.31699 
5.15393 0.672211 
2.83595 -0.390833 
-1.21102 -2.62897 
-0.555031 1.47409 
0.00674904 0.0993061 
0.381308 2.95882 
-2.14826 -0.88083 
-0.491038 1.17967 
-0.164257 7.29411 
0.827669 1.04721 
-0.163476 -0.321742 
0.180607 -1.77932 
-2.62476 2.15373 
-0.815337 2.50709 
0.239377 2.41828 
-0.658763 1.07374 
0.687737 -0.776374 
-5.01821 0.909604 
0.20422 -1.53262 
0.656022 1.32201 
-4.81966 -2.58847 
