-5.63403e-08 9.51067e-08 
-7.36657e-08 2.64606e-08 
-1.20589e-07 1.56433e-08 
-7.90959e-08 -2.06532e-07 
-7.09716e-08 2.08295e-08 
-9.33367e-08 1.10942e-08 
-1.07985e-07 2.62357e-08 
-8.1409e-08 6.57407e-09 
-3.05169e-08 3.39657e-07 
-7.17611e-08 2.42386e-08 
-1.02252e-07 1.92496e-08 
-5.40959e-08 -9.72388e-10 
-1.28511e-07 1.82367e-07 
-1.01267e-07 1.12924e-07 
-7.86591e-09 -8.86058e-08 
-1.03683e-07 -4.95362e-08 
-5.87326e-08 -8.79063e-09 
-1.02707e-07 8.00783e-08 
-9.76192e-08 -1.41557e-08 
-1.54359e-07 -6.18717e-08 
1.71709e-08 6.65732e-08 
-2.93212e-08 -4.76593e-08 
-3.21812e-08 -1.42657e-09 
-1.22133e-07 -1.1262e-07 
-6.64888e-08 1.55992e-09 
-1.00555e-07 2.34648e-08 
-1.30223e-07 4.54236e-08 
-8.7959e-08 7.96194e-09 
-4.87315e-08 8.65233e-08 
-6.96283e-08 6.23054e-08 
-9.23268e-08 3.79316e-08 
-4.10897e-08 -1.95868e-09 
-9.09991e-08 -3.58584e-11 
-1.04648e-07 8.4297e-08 
-7.49829e-08 -2.70792e-08 
-1.19081e-07 -7.47733e-09 
-7.46246e-08 2.24424e-08 
-1.11e-07 8.82791e-09 
-6.77192e-08 -3.29708e-08 
-6.25802e-08 6.54039e-08 
-1.01468e-07 -2.47615e-08 
-5.54123e-08 5.86818e-09 
-6.27448e-08 3.60081e-08 
-5.41451e-08 1.17971e-08 
-1.32876e-07 -7.95502e-08 
-2.57468e-08 6.73302e-09 
1.31017e-08 2.32755e-08 
-3.33035e-08 5.11868e-08 
-5.48377e-08 1.33844e-08 
-6.6421e-08 -1.09398e-07 
