2.99631e-08 3.62232e-08 
1.44295e-08 -6.36338e-08 
5.02909e-08 2.47056e-08 
2.19101e-08 -1.30074e-07 
-7.4955e-08 5.84461e-09 
5.9747e-12 -8.27484e-08 
1.53931e-08 -5.87381e-08 
1.95551e-08 -9.67412e-08 
-5.18265e-09 -1.28324e-07 
-2.00862e-08 -2.31077e-08 
8.84325e-08 -5.21823e-08 
3.18214e-09 -1.08905e-07 
-1.54083e-07 1.90072e-07 
3.61552e-08 -1.30946e-07 
3.41947e-08 -1.0965e-08 
-3.75223e-08 -1.8684e-07 
-4.57714e-08 -5.47476e-08 
-5.91509e-08 -1.10049e-08 
-3.63596e-08 -4.35971e-08 
-1.44114e-08 -6.78788e-08 
5.29917e-08 2.22595e-09 
3.99143e-08 -1.14809e-07 
5.75949e-08 -4.21186e-08 
-1.52035e-10 -1.26149e-07 
-3.77649e-09 -4.24115e-08 
-8.33334e-09 2.26401e-08 
-2.9919e-08 -3.35449e-08 
-3.32503e-08 -2.64981e-08 
-3.44352e-09 -6.98253e-08 
3.5007e-08 -4.92724e-08 
-1.91028e-08 6.51754e-12 
-3.63659e-08 -2.26537e-08 
-5.97046e-08 -7.69516e-08 
1.31565e-08 -1.20172e-07 
3.40459e-09 -2.05544e-08 
-1.0824e-07 -5.97983e-08 
4.21731e-08 -7.42577e-08 
1.08471e-07 -2.75901e-08 
-1.19572e-07 -6.5433e-08 
2.2597e-09 4.81846e-08 
-4.68634e-08 -2.29077e-08 
-1.0512e-08 -7.75134e-08 
-8.94488e-09 3.62517e-08 
3.64255e-08 -9.85639e-09 
2.96098e-08 -4.21477e-08 
-4.3885e-08 -5.40609e-08 
4.82277e-08 -1.88263e-08 
2.64441e-08 3.35712e-09 
2.83057e-09 -6.89863e-08 
-7.31037e-09 -3.85882e-08 
