1.48394e-08 7.30557e-08 
5.23713e-08 4.10966e-08 
5.62586e-08 4.86685e-08 
5.02604e-08 5.36562e-08 
3.7494e-10 6.49483e-08 
3.81088e-08 1.27305e-07 
4.66979e-10 6.39018e-08 
-4.03139e-08 1.19433e-07 
-1.69263e-08 -2.26918e-07 
1.57541e-08 7.03688e-08 
1.8164e-07 -7.71594e-08 
-7.83312e-09 5.29373e-08 
4.53379e-08 1.55282e-07 
-3.85069e-08 2.04588e-07 
2.53792e-08 -3.28345e-09 
-3.24782e-08 1.23027e-07 
-7.79662e-08 -3.53196e-08 
9.10066e-08 1.27377e-08 
-2.56079e-08 2.065e-08 
2.21755e-08 4.19643e-08 
-2.72658e-09 4.47435e-08 
4.11929e-09 2.032e-08 
-7.72091e-08 7.10469e-08 
-7.65488e-09 9.79885e-08 
3.21974e-08 1.72343e-08 
5.7447e-09 6.24851e-08 
2.58098e-08 4.6931e-08 
-1.51523e-08 9.74398e-09 
4.29612e-09 8.86947e-08 
5.16509e-09 -3.6979e-10 
2.96382e-08 8.93997e-09 
-2.15172e-09 -2.59676e-08 
4.97236e-08 2.41843e-08 
5.16416e-08 -1.00241e-07 
7.16407e-08 4.1272e-08 
-2.09024e-08 -1.94918e-08 
1.21859e-09 1.1152e-07 
9.84834e-08 1.32537e-08 
4.77352e-08 8.49735e-09 
1.59332e-08 3.24414e-08 
8.47072e-08 3.71856e-08 
-2.52199e-09 -8.1329e-08 
-2.65649e-09 5.44972e-08 
8.40289e-08 5.63423e-08 
2.6897e-08 -2.42763e-09 
-9.28446e-09 -4.08678e-09 
-3.06979e-08 -3.2375e-08 
-7.78612e-08 4.37822e-08 
2.80974e-08 6.08685e-08 
3.603e-09 -3.57548e-09 
