-1.41355e-07 7.7158e-08 
5.76728e-09 9.483e-08 
-2.2903e-08 2.23538e-08 
-1.03541e-08 -1.532e-08 
1.70202e-08 5.82388e-08 
5.95181e-08 2.17919e-07 
-3.08318e-08 1.09848e-07 
-3.19543e-08 4.65122e-08 
-1.8993e-08 6.72319e-08 
2.27254e-08 1.18126e-07 
1.87553e-08 -8.40028e-09 
-9.4198e-10 1.69082e-07 
1.69131e-07 1.0914e-08 
-9.80374e-08 3.63855e-07 
-4.98682e-08 2.96843e-08 
1.11568e-07 2.55212e-07 
-5.89662e-08 6.25933e-09 
1.10014e-07 5.31922e-08 
-4.44781e-08 3.48783e-08 
-5.19142e-08 8.89284e-08 
-3.72923e-08 7.86252e-08 
-2.43024e-08 1.45038e-07 
6.28654e-08 1.10369e-07 
7.52402e-09 1.54208e-07 
-4.57063e-09 7.41716e-08 
3.60672e-09 5.8195e-08 
-1.09675e-08 7.60261e-08 
1.01631e-08 2.15454e-08 
4.84435e-09 7.77952e-08 
-1.85841e-08 7.3799e-08 
-1.5584e-08 6.20493e-08 
-1.99672e-08 4.20009e-08 
-3.04077e-08 1.02698e-07 
9.0769e-09 -5.67964e-08 
5.28304e-08 9.18485e-08 
6.18446e-08 1.88632e-08 
-5.27934e-08 1.2359e-07 
2.24505e-08 1.05678e-07 
1.2434e-07 1.00507e-07 
6.45307e-09 4.36051e-08 
1.14116e-07 9.56117e-08 
5.21021e-09 -6.4449e-08 
-4.29627e-08 5.14515e-08 
-6.55769e-08 2.53201e-08 
-2.51756e-08 3.86161e-08 
5.89512e-09 7.12781e-08 
-7.74031e-08 4.45311e-08 
-4.87587e-08 7.76857e-08 
3.17451e-08 4.04462e-08 
-4.41738e-08 7.54204e-08 
