1.19784e-07 5.55708e-08 
4.53109e-08 -6.78851e-08 
8.9722e-09 2.90662e-08 
5.78559e-08 -3.86262e-08 
4.59001e-08 4.01187e-08 
3.33399e-08 -1.49172e-07 
-4.96949e-08 -5.43744e-09 
-7.84e-09 -1.2129e-08 
2.52483e-08 1.64714e-07 
3.38802e-08 -1.89665e-08 
1.2675e-07 3.85712e-08 
3.8587e-08 -2.86579e-08 
-1.95715e-07 1.44383e-07 
6.30366e-08 -1.2413e-07 
-3.55789e-08 8.71482e-08 
2.69107e-08 -4.22411e-09 
4.39592e-08 6.7089e-08 
-2.83884e-08 4.54737e-08 
7.44911e-08 5.51682e-08 
4.36466e-09 -1.02941e-07 
8.9926e-08 1.27984e-08 
6.52406e-08 -4.00324e-08 
1.09554e-07 -8.44055e-08 
5.87203e-08 -1.97017e-08 
-3.03956e-08 -1.5418e-08 
5.54908e-08 4.50854e-08 
9.13777e-09 7.37501e-08 
1.89621e-08 4.23469e-08 
1.40872e-08 -4.81332e-08 
3.04701e-08 -3.37304e-08 
-1.56044e-08 -2.32082e-08 
3.89473e-08 1.01092e-07 
2.32817e-08 -7.48386e-08 
5.48036e-08 1.1735e-07 
3.35649e-08 1.71885e-08 
-4.48752e-09 -7.49984e-08 
7.94433e-08 1.14261e-08 
2.59247e-08 -2.62041e-08 
-1.81124e-07 -1.80375e-08 
3.90293e-08 5.58319e-08 
2.79643e-08 2.205e-09 
1.1567e-09 2.1557e-08 
-4.04732e-08 3.4849e-08 
-6.81999e-09 2.63577e-08 
3.18703e-08 7.39641e-08 
-4.66172e-08 -3.70244e-08 
7.82301e-08 3.41803e-08 
1.52254e-07 1.15092e-08 
3.40278e-08 4.71647e-08 
4.43577e-08 1.87966e-08 
