-1.40458e-07 -5.78939e-08 
3.07355e-09 -3.66858e-08 
-3.20732e-08 -7.82212e-08 
4.48095e-09 -1.02034e-07 
1.32635e-08 -2.76774e-08 
9.13074e-09 8.57122e-08 
1.68026e-09 -2.2376e-08 
2.14118e-08 -3.65632e-08 
-3.44085e-08 -2.39886e-07 
2.44345e-08 -3.97094e-08 
1.78109e-08 -1.15278e-07 
6.42165e-09 -1.48407e-07 
1.07616e-07 2.04993e-08 
-5.37269e-08 9.88647e-08 
6.61321e-09 -6.97705e-09 
3.05738e-09 1.36312e-08 
6.72554e-08 -4.03909e-08 
9.90207e-09 -6.22433e-08 
-1.02962e-08 -8.70467e-08 
4.71716e-08 -2.89292e-08 
-4.282e-08 -7.16366e-08 
3.84914e-08 -5.25177e-08 
-5.97913e-09 -4.93066e-08 
-1.24865e-08 -9.29851e-08 
8.34681e-08 -3.69659e-08 
-3.43268e-08 3.47404e-08 
5.17288e-08 -1.57913e-07 
1.98901e-08 9.40253e-10 
-1.17756e-08 -6.83314e-08 
4.56012e-08 -5.33391e-08 
5.50584e-08 -5.10594e-08 
2.77319e-08 -1.54789e-07 
-9.23455e-09 1.44464e-08 
1.51207e-08 -1.12101e-07 
2.18168e-08 -1.15262e-07 
3.55848e-08 -5.53725e-08 
-1.2982e-07 -5.44543e-10 
4.24296e-08 -4.49728e-08 
-3.74387e-08 -2.8692e-08 
-2.3749e-09 -7.46246e-08 
3.57236e-08 -5.7912e-08 
5.72635e-09 -1.43157e-07 
2.17776e-09 -1.12751e-09 
5.6756e-08 -1.8423e-08 
2.93663e-08 -3.74339e-08 
5.45679e-08 -6.28351e-08 
-3.44493e-08 -4.00491e-08 
2.41856e-08 -5.27947e-08 
1.22587e-08 1.86228e-08 
-3.55503e-08 -7.48855e-09 
