-2.4182e-07 -6.71583e-08 
1.89537e-08 -2.86522e-08 
-4.32e-08 -8.83347e-08 
-1.04864e-08 -1.31793e-07 
-4.03819e-09 -4.84857e-08 
1.08591e-08 2.88217e-08 
-5.06272e-08 3.41331e-10 
-5.43797e-09 -5.88443e-08 
-9.95653e-09 -2.0891e-07 
8.21753e-09 -2.05916e-08 
-1.99919e-08 -8.09825e-08 
1.47006e-08 7.66926e-08 
-8.98156e-08 1.15185e-07 
-7.43186e-08 2.03932e-07 
1.54168e-08 -7.10402e-08 
2.62756e-08 -5.40049e-08 
1.11902e-08 -1.13381e-07 
-1.89131e-08 -1.37693e-08 
1.50175e-08 -1.10142e-07 
4.30247e-10 5.73923e-08 
2.75272e-08 2.5054e-08 
-2.35527e-08 -4.94573e-09 
3.09317e-08 8.95258e-09 
1.359e-08 2.41146e-09 
-7.81129e-08 -1.39859e-08 
-3.60555e-08 1.4079e-08 
3.88803e-08 -1.54804e-07 
2.73834e-08 2.62088e-08 
-4.42286e-08 -3.91866e-08 
1.23108e-08 -5.52253e-08 
-1.07201e-07 -1.18953e-08 
2.43606e-08 -7.14581e-08 
-6.81257e-09 5.04102e-08 
2.1365e-08 -1.47384e-07 
8.8934e-09 3.09687e-08 
6.8731e-08 -1.58966e-08 
-9.3007e-08 7.591e-08 
1.82924e-08 5.04339e-08 
-1.01606e-08 -2.47025e-08 
7.12131e-09 1.98557e-08 
1.26105e-08 -2.46523e-08 
9.09427e-09 2.805e-08 
-5.29453e-08 2.27621e-08 
-1.9773e-09 -4.08911e-08 
2.05715e-08 -3.08283e-08 
1.55041e-08 -2.27244e-08 
-1.80575e-08 4.86983e-08 
-3.26222e-08 -7.03516e-08 
5.7515e-09 1.54085e-08 
-4.14051e-09 1.87213e-08 
