-6.79183e-08 -2.57938e-08 
-3.4699e-08 -4.04481e-08 
-2.88609e-08 -6.05916e-09 
8.96966e-09 1.19951e-07 
1.21967e-08 -3.27539e-08 
1.93692e-08 3.30867e-08 
1.20676e-08 4.18836e-08 
2.87805e-08 -5.47987e-08 
-4.52623e-08 -1.63154e-07 
1.52153e-08 -3.55252e-08 
1.36856e-07 7.13807e-09 
2.91463e-08 -2.68841e-08 
9.34888e-08 -2.25897e-08 
6.78844e-08 -8.95797e-08 
-8.22253e-09 -8.23416e-09 
-1.45656e-08 8.59211e-10 
-1.81833e-08 -8.36285e-08 
-1.87605e-08 -1.32747e-07 
-9.52237e-09 -1.47128e-08 
1.57293e-08 -6.911e-08 
-3.34865e-09 -9.99063e-08 
-1.52982e-08 1.288e-08 
1.40509e-08 -1.17002e-08 
-4.05371e-09 -3.19003e-08 
6.17989e-08 -4.29257e-08 
-9.37566e-09 1.47747e-08 
-4.25494e-08 4.46089e-08 
-3.20086e-08 1.01071e-08 
2.28355e-08 -2.52176e-08 
-4.67142e-09 -1.08426e-08 
1.48498e-08 4.52901e-09 
5.22935e-08 -1.27808e-07 
1.40783e-11 -2.56484e-08 
-1.996e-09 -7.69002e-08 
-3.76031e-09 -2.19163e-08 
-1.18418e-07 1.35723e-08 
2.59932e-08 2.80607e-08 
-1.49439e-08 -3.16877e-08 
-4.43077e-08 -9.82781e-11 
-1.54824e-08 -3.56997e-08 
2.38766e-08 -6.31698e-08 
1.53256e-08 -1.32634e-07 
4.35993e-08 1.04018e-08 
-1.6916e-08 -2.32587e-09 
3.95919e-08 -4.63359e-08 
-8.23997e-09 -7.22381e-09 
-3.57669e-08 1.94172e-08 
2.05832e-08 -4.32422e-09 
-2.23821e-08 2.13087e-08 
-5.32137e-08 1.48673e-08 
