-0.000348278 -7.13464e-05 
-0.000387807 -7.94703e-05 
-0.00146061 -5.37306e-05 
-0.000163322 -6.87832e-05 
0.00181589 0.000243666 
-0.000163559 0.000218491 
0.000297766 0.000296629 
0.000228074 4.96256e-05 
-0.000141387 9.48006e-05 
0.00115311 -0.000784808 
0.00032062 0.00028441 
-0.000122804 0.000207698 
-0.000139686 6.69608e-05 
-0.000130017 5.31948e-05 
-0.000168799 -0.00021756 
-0.000148017 7.80821e-05 
-2.30315e-05 0.000272277 
-0.0001172 0.00146807 
-3.71897e-05 0.00012666 
-0.00019001 2.9695e-05 
