4.20076e-08 -1.77293e-07 
9.15987e-08 -3.01481e-08 
2.73137e-08 -2.69264e-08 
2.53648e-08 -2.38695e-07 
8.57734e-09 -3.42744e-08 
7.73814e-09 -9.72524e-08 
5.61382e-08 1.81746e-08 
-2.60843e-09 4.53356e-08 
1.46284e-09 -8.67519e-08 
5.72451e-09 -2.59034e-08 
-5.98163e-08 -5.26962e-08 
8.73857e-09 -2.63417e-08 
1.1086e-07 -6.58885e-08 
-4.26568e-08 -2.43753e-08 
3.83247e-08 -2.85269e-08 
2.8447e-09 -9.4914e-09 
8.47788e-09 -3.71576e-08 
9.72685e-09 7.41745e-08 
1.46905e-08 -1.84824e-08 
-7.0012e-08 -1.75971e-08 
8.86707e-10 6.90606e-08 
1.10472e-08 -4.59995e-08 
1.88007e-09 -2.45031e-08 
2.30467e-08 -7.36233e-08 
-6.39855e-08 -2.32389e-08 
-8.85057e-09 -5.44301e-08 
1.82784e-08 -4.16419e-08 
3.86525e-08 -7.65919e-09 
-1.3537e-08 -2.98866e-08 
3.04607e-08 -3.9271e-08 
-8.61411e-08 -4.95968e-08 
3.77693e-08 4.42712e-08 
-2.15652e-09 -1.54618e-08 
2.39632e-08 -1.126e-07 
8.50201e-09 -6.50406e-08 
1.2532e-07 -7.31527e-08 
1.54208e-09 -1.38788e-08 
-3.00332e-09 -2.85692e-08 
-8.85147e-08 -3.1223e-08 
3.44734e-08 1.06126e-07 
3.70784e-08 -5.36479e-08 
2.1737e-08 2.93534e-08 
-6.56072e-08 6.6383e-09 
-1.15583e-09 -4.06826e-08 
2.75939e-08 -3.19697e-08 
3.17585e-08 -3.7264e-08 
1.69304e-08 -3.15165e-08 
-2.18168e-08 -3.86027e-08 
6.46909e-08 -7.27333e-08 
-2.7923e-08 -2.67637e-08 
