4.1283e-08 -6.21244e-08 
7.5053e-09 -4.9466e-08 
-2.3794e-09 -1.07126e-08 
2.45078e-09 4.61239e-09 
2.00112e-08 -5.33462e-08 
2.7527e-08 4.99804e-08 
3.48419e-08 -4.98056e-08 
2.84305e-08 -8.99005e-08 
-1.82666e-09 -2.35002e-08 
1.12728e-08 -2.89971e-08 
1.67241e-08 -1.62443e-08 
1.38042e-08 -6.69282e-09 
7.43253e-08 -1.91994e-08 
4.12546e-08 -3.5417e-08 
1.75452e-08 -4.16834e-08 
1.19753e-08 -8.26646e-09 
-7.32465e-09 -4.98948e-08 
-3.67484e-08 -1.8945e-08 
5.8367e-09 -2.00187e-08 
-5.81141e-08 -7.34095e-08 
5.7192e-08 -7.47538e-08 
5.81122e-09 -1.83941e-08 
-3.93039e-09 -2.21172e-08 
1.43631e-08 -5.12534e-08 
1.03083e-07 -3.18747e-08 
2.4625e-08 5.06336e-09 
-6.50936e-09 -5.74492e-08 
2.64491e-08 2.36248e-08 
5.37339e-09 -3.08954e-08 
-1.6737e-08 -7.22482e-08 
2.39879e-08 -2.41647e-08 
-7.93201e-10 -5.8368e-08 
-1.30631e-09 1.22182e-08 
1.11849e-08 1.37713e-09 
-3.55398e-09 -1.5613e-08 
-5.26054e-09 -3.99366e-08 
2.00066e-08 -5.34317e-08 
-1.32466e-09 -3.66894e-08 
-1.32591e-08 -1.40541e-08 
5.22648e-09 2.7054e-08 
4.87753e-08 -3.95529e-08 
1.67599e-08 -1.48629e-07 
1.17153e-07 -6.63095e-08 
6.37258e-09 -1.19867e-08 
3.06952e-08 -1.6151e-08 
-2.33585e-08 -4.80074e-08 
4.85749e-09 2.44174e-08 
3.41187e-08 -5.10385e-08 
-4.06926e-08 1.88588e-09 
2.93195e-08 1.51424e-08 
