-4.19239e-09 -1.93736e-07 
5.6902e-08 -4.66934e-08 
1.44473e-08 -4.04704e-08 
6.21674e-09 -5.38552e-08 
1.62204e-08 -2.66571e-08 
2.54839e-08 2.38986e-08 
4.96044e-08 2.92245e-08 
9.78458e-09 1.34072e-08 
5.97188e-09 -1.4223e-07 
7.13507e-09 -2.79854e-08 
-1.51493e-08 -5.01587e-08 
8.53692e-09 7.03614e-09 
2.66087e-09 -4.82917e-08 
-6.04112e-08 -3.76624e-08 
2.52886e-08 -4.69963e-08 
6.96937e-09 -1.77311e-08 
1.71214e-08 -2.15896e-08 
-2.10382e-09 8.323e-08 
-1.23439e-09 -4.79701e-08 
-4.27564e-08 1.4428e-09 
-1.06982e-09 3.39232e-08 
7.19644e-09 -7.37012e-09 
-1.58991e-09 -2.45818e-08 
1.37279e-08 -2.66258e-08 
8.45956e-08 -3.16316e-08 
1.65977e-08 1.31246e-08 
-9.27895e-10 -3.9828e-08 
4.30421e-08 -1.92084e-08 
6.09688e-09 -3.05251e-08 
-4.38688e-08 -2.1032e-08 
-1.73575e-08 -2.9339e-08 
2.03347e-08 3.43189e-09 
-6.1289e-09 3.27047e-09 
1.35674e-08 -1.00386e-07 
1.48328e-08 -4.96394e-08 
7.46134e-08 -5.43764e-08 
1.77467e-08 -3.06475e-08 
-7.89665e-09 -3.96143e-08 
-4.11946e-08 -5.52817e-08 
2.28835e-08 1.62515e-08 
5.53491e-08 -7.18788e-08 
1.21739e-08 -2.00092e-08 
5.91289e-08 -4.1203e-08 
1.86694e-08 -7.3344e-09 
2.31697e-08 -3.2189e-08 
4.29724e-08 -5.9514e-08 
-1.11732e-09 -4.55563e-08 
-4.71805e-11 -7.38142e-08 
-1.43047e-09 -3.75843e-08 
1.55542e-08 -2.87591e-08 
