-4.97588e-09 -1.31499e-07 
-1.32031e-09 -2.54772e-08 
2.18707e-08 2.08862e-08 
1.86787e-08 -1.14381e-07 
6.64799e-09 -1.47968e-08 
1.16404e-08 -3.79891e-09 
4.65875e-08 6.74726e-08 
-2.01795e-08 6.49201e-08 
1.08334e-08 -6.94711e-08 
7.5036e-09 -3.02229e-08 
-3.58588e-08 -4.99933e-08 
1.87734e-08 -5.35655e-08 
-4.13111e-08 -5.19678e-08 
-4.2253e-08 -3.57602e-10 
-3.12421e-09 -7.1351e-09 
1.38177e-08 -2.79658e-08 
2.8669e-08 -1.52584e-09 
9.86627e-09 4.62117e-09 
-3.55384e-09 -5.58648e-08 
1.81903e-08 3.62382e-08 
-3.83505e-08 8.09308e-08 
1.06905e-08 -2.89215e-08 
8.47724e-09 -2.73472e-08 
1.00034e-08 -1.84644e-08 
-7.47755e-08 -2.5213e-08 
5.62247e-09 3.88638e-09 
-3.91147e-08 2.88035e-08 
-1.21921e-08 -3.92658e-08 
6.77161e-09 -3.03527e-08 
2.54756e-08 1.04488e-08 
-2.02864e-08 -2.37331e-08 
9.67445e-09 -1.29198e-08 
6.05642e-09 -1.75191e-08 
1.19427e-08 -2.5826e-08 
1.80456e-08 -4.63032e-08 
-4.42967e-08 -1.31137e-08 
7.94009e-09 -1.42706e-08 
5.4235e-09 -2.14346e-08 
-5.78112e-08 -7.49969e-08 
2.6256e-08 1.3962e-08 
1.55913e-09 -7.89958e-08 
-2.52401e-08 5.10755e-08 
7.26198e-09 -8.5341e-09 
2.45388e-09 -6.67799e-08 
1.53139e-08 -1.97442e-08 
3.67872e-08 -1.55547e-08 
7.63902e-09 -4.67002e-08 
1.55748e-08 -6.72047e-08 
2.72254e-08 -2.10629e-08 
9.94988e-10 -6.11716e-08 
