3.36861e-08 -1.91768e-08 
-2.94685e-08 -3.49453e-09 
2.54349e-08 -3.09155e-08 
8.50649e-09 -3.65411e-08 
1.57947e-08 -1.65815e-08 
1.52902e-08 -2.04724e-08 
4.79713e-08 -1.40417e-07 
3.04677e-08 -3.83689e-08 
1.55839e-08 -1.28441e-08 
1.18656e-08 -7.83945e-09 
3.86721e-08 -3.69178e-08 
6.55736e-09 7.5739e-08 
-3.24894e-08 -2.7065e-08 
2.8753e-09 -3.70322e-08 
2.3856e-08 -1.73726e-08 
1.64235e-08 -3.24599e-09 
-2.71647e-09 -1.86135e-08 
-3.30766e-08 1.24154e-07 
1.78922e-08 8.96091e-09 
1.32353e-08 8.56411e-09 
-3.23178e-08 -8.02355e-09 
1.39903e-08 6.64555e-09 
1.52809e-08 -3.78087e-10 
1.74573e-08 -5.23783e-09 
4.96615e-08 -7.69573e-09 
8.70479e-09 7.07514e-09 
3.47979e-08 -4.67643e-08 
3.36366e-08 4.59251e-08 
1.81468e-08 -3.38118e-09 
-4.24726e-08 -1.78606e-08 
3.40418e-08 1.59836e-09 
2.13946e-08 -4.65932e-08 
6.37799e-09 8.2724e-08 
1.52058e-08 -4.34061e-08 
7.30138e-09 -1.37807e-08 
6.19734e-08 -3.60671e-08 
1.85128e-08 -3.36179e-08 
6.79637e-09 -2.35034e-08 
1.38892e-08 -3.99074e-08 
1.79664e-08 7.05533e-08 
2.04784e-08 -4.89393e-08 
4.37204e-08 -1.38111e-07 
2.62934e-08 -2.95961e-08 
-1.36174e-08 3.72711e-08 
2.71048e-08 -1.92275e-08 
1.32378e-08 -1.81328e-08 
4.60764e-08 -2.78794e-09 
1.12301e-10 -4.61617e-08 
-3.96292e-08 -1.29904e-08 
3.64976e-08 5.24126e-08 
