1.0608e-08 -4.44033e-08 
1.96216e-08 -4.75305e-09 
4.31094e-08 2.65464e-08 
7.28992e-09 -9.6449e-09 
1.60572e-08 -1.93398e-09 
3.57529e-09 -2.52941e-08 
2.99432e-08 1.04467e-07 
-1.54983e-08 7.83249e-10 
1.30313e-08 -4.29914e-08 
1.12355e-08 -1.58961e-08 
2.00502e-08 -3.05989e-08 
1.84408e-08 -7.74313e-08 
1.6562e-08 -2.52223e-08 
9.1508e-09 -4.17019e-08 
-1.14246e-08 -9.37602e-09 
1.51414e-08 -4.27297e-09 
1.51088e-08 -2.43341e-08 
-1.87978e-09 6.3749e-08 
1.66248e-08 -4.75967e-08 
3.07587e-09 7.43215e-09 
-3.69965e-08 9.05838e-08 
1.07927e-08 4.85448e-09 
1.34563e-08 -2.79421e-08 
9.94494e-09 -9.43297e-09 
-3.77915e-08 -2.09099e-08 
1.37054e-08 1.02525e-08 
1.34105e-08 -2.91144e-08 
2.98065e-08 1.71013e-09 
1.44806e-08 -9.86259e-09 
-4.06065e-08 1.48561e-08 
1.75086e-08 -1.05389e-08 
2.73935e-08 -1.89126e-08 
2.97725e-09 3.10388e-08 
1.36597e-08 2.71651e-08 
6.52619e-09 -1.07281e-08 
4.24639e-08 -2.19613e-08 
1.52265e-08 -4.48416e-08 
1.0977e-08 -2.72215e-08 
1.97609e-08 -8.1463e-08 
2.08908e-08 1.45236e-08 
3.15049e-08 -5.24381e-08 
-2.99584e-08 -2.94602e-08 
-1.12787e-08 -4.04818e-08 
2.25481e-08 -2.81573e-08 
1.98665e-08 -1.66994e-08 
3.07816e-08 -1.28052e-08 
2.40382e-08 -1.04127e-08 
3.21392e-09 -3.99733e-08 
-4.05431e-08 -1.4867e-08 
1.0479e-08 -3.12564e-08 
