-1.25747e-06 2.13598e-05 
-0.00212582 -4.38724e-05 
-0.000627304 -1.32218e-05 
-0.000113623 0.000181252 
-0.00209684 -9.163e-05 
-0.00014869 0.000105824 
-0.00059486 -3.71856e-05 
0.000198127 0.000365656 
-0.000137339 7.18365e-05 
0.000334559 0.000396999 
-0.000698104 -0.000400268 
-0.000120326 4.29767e-06 
-0.000101911 -8.16159e-05 
-0.000120258 5.84275e-05 
-0.000140275 -0.000130173 
-0.000102563 9.44448e-05 
4.88393e-06 0.000386525 
-0.000119774 -0.000245657 
-0.000121881 5.04227e-06 
-8.35348e-05 5.28411e-05 
