2.86664e-08 -1.77039e-08 
-2.08085e-08 -6.17923e-09 
3.36008e-08 2.70291e-08 
7.43867e-09 -5.46045e-09 
1.53873e-08 8.09732e-09 
-4.67434e-09 -3.40597e-09 
-7.30786e-10 2.42575e-07 
-1.54278e-08 3.10344e-08 
1.38804e-08 -1.46715e-08 
1.27565e-08 -2.49032e-08 
-6.45163e-08 -8.75055e-09 
2.47514e-08 -1.80386e-07 
5.10765e-08 -2.3729e-08 
1.77666e-08 9.72243e-09 
6.94936e-09 5.06326e-09 
1.42056e-08 -5.02251e-09 
7.90832e-09 -1.57833e-08 
1.0334e-08 5.11832e-08 
1.43651e-08 -3.39785e-08 
7.56371e-09 -7.89392e-09 
6.50512e-08 4.50408e-08 
1.06439e-08 -2.13996e-08 
1.34911e-08 -1.79718e-08 
9.05466e-09 -8.96756e-09 
-5.55784e-08 -1.9294e-08 
1.85304e-08 6.93026e-09 
-4.99086e-10 -6.46141e-10 
7.92378e-09 -3.42283e-08 
1.3247e-08 -8.98815e-09 
1.76871e-07 7.73104e-09 
3.80523e-09 -4.88568e-09 
-1.01267e-08 -1.82258e-08 
-7.7518e-09 -6.96071e-08 
1.08714e-08 2.7144e-08 
1.52646e-08 -5.53845e-09 
-2.96396e-09 2.64213e-09 
7.87695e-09 -1.12556e-08 
-6.11377e-09 -1.8164e-08 
1.75152e-08 -2.91668e-11 
1.16224e-08 2.28763e-08 
1.87992e-08 -4.45238e-08 
-4.71823e-08 1.35768e-08 
-6.52868e-08 3.5292e-08 
4.74069e-08 -6.24761e-08 
1.22886e-08 -1.23513e-08 
-1.11429e-08 1.19127e-09 
6.83865e-09 -4.63643e-09 
4.62673e-08 -2.22398e-08 
1.66833e-08 -5.97503e-09 
1.70502e-11 -6.42531e-08 
