8.54289e-09 -3.71444e-09 
-2.46219e-08 -4.69589e-09 
1.53391e-08 1.23904e-09 
1.64625e-08 -1.97754e-09 
1.51441e-08 5.96144e-09 
5.79813e-08 -4.64321e-09 
3.09199e-08 -4.39733e-08 
2.54746e-08 2.2567e-09 
1.64387e-08 -1.08821e-08 
1.52792e-08 -4.26173e-10 
-5.33523e-08 -3.75576e-09 
6.85959e-09 2.23985e-08 
7.44895e-09 -5.50015e-09 
1.63734e-08 -5.57243e-09 
2.2803e-08 -7.2063e-09 
1.53327e-08 -4.09623e-09 
2.75341e-08 1.35699e-08 
9.54899e-09 -1.97186e-09 
1.53992e-08 -3.05436e-08 
8.38366e-09 -1.33072e-08 
-6.51701e-09 -1.44934e-08 
8.77874e-09 -3.98325e-09 
1.5527e-08 6.27424e-09 
1.53521e-08 -3.60462e-09 
3.11407e-09 -1.02e-09 
-1.52796e-09 -5.05959e-09 
1.93349e-08 -1.67771e-08 
2.23149e-08 -7.69475e-08 
1.74379e-08 -7.77602e-09 
7.16216e-08 -2.28034e-09 
2.28484e-08 -2.28845e-09 
2.08254e-08 9.95276e-09 
2.58806e-08 8.20184e-08 
1.70124e-08 -3.55583e-09 
4.26071e-10 -1.07837e-08 
7.00436e-08 -4.61935e-09 
1.85108e-08 4.98196e-09 
2.49693e-08 -3.82414e-08 
1.19938e-08 1.05148e-08 
1.56017e-08 1.39051e-08 
2.5858e-08 -2.57402e-08 
1.53336e-07 -6.52557e-08 
5.92993e-08 -4.69105e-09 
-1.43201e-08 4.62476e-08 
1.49181e-08 -2.34831e-09 
-1.45245e-09 3.78813e-09 
1.84285e-08 -7.76202e-09 
2.03526e-08 1.23788e-08 
-9.49561e-10 -7.14065e-09 
1.73502e-08 3.75188e-08 
