4.59708e-09 -1.56837e-08 
5.8878e-08 -5.07427e-09 
1.54123e-08 6.58859e-09 
1.63615e-08 -4.17339e-09 
1.53079e-08 1.62508e-09 
1.46402e-08 -1.95626e-09 
4.15376e-08 -4.6493e-08 
2.20619e-08 -2.00848e-08 
1.35105e-08 -2.03432e-09 
1.08742e-08 -3.41967e-08 
-6.47089e-08 -3.56057e-09 
7.38219e-09 5.68235e-08 
1.43861e-08 1.97664e-10 
1.58185e-08 -3.09564e-10 
2.05575e-08 -6.6086e-09 
1.5254e-08 -4.36006e-09 
8.03104e-09 -1.06132e-10 
-9.93413e-10 5.72391e-09 
1.5353e-08 -2.10521e-08 
7.56601e-10 -2.33689e-08 
-1.36994e-08 6.64274e-08 
2.40623e-08 7.03248e-10 
1.49083e-08 1.4844e-09 
1.7699e-08 -3.79618e-09 
3.16503e-08 -2.27401e-09 
7.32868e-09 -5.75657e-09 
4.25638e-10 -3.58983e-08 
1.64763e-08 -8.31706e-08 
1.66762e-08 -1.81455e-08 
5.92056e-08 -1.89166e-09 
2.55776e-08 -9.21734e-09 
2.71387e-08 1.07132e-08 
2.26317e-08 1.28742e-07 
1.6681e-08 -3.50652e-09 
-6.19847e-09 -6.64292e-09 
3.44552e-08 -2.20127e-08 
1.63968e-08 1.04135e-08 
2.20433e-08 -7.35376e-09 
1.22564e-08 1.41896e-09 
1.73468e-08 -2.0718e-08 
1.85503e-08 9.13708e-09 
-9.45698e-08 -6.64558e-08 
3.39169e-08 -1.4225e-08 
-1.49739e-08 1.20391e-08 
1.50278e-08 -3.21454e-09 
-8.71953e-09 4.4841e-09 
1.90534e-08 -3.60158e-09 
2.7072e-08 2.33619e-08 
-1.38048e-08 -5.38619e-09 
1.449e-08 -9.31468e-09 
