-0.000149746 7.21769e-05 
0.00118048 -6.41251e-05 
-0.000375119 -1.41519e-05 
-0.000107626 7.96994e-05 
0.00255392 -7.91219e-05 
-5.01201e-05 5.25002e-05 
0.000360302 0.000197853 
-0.000234077 -0.000125154 
-4.92956e-05 0.000178436 
-0.00046201 -0.000212989 
0.000482282 0.000293066 
-0.000114749 0.000199477 
-0.000129081 3.01617e-05 
-7.49905e-05 5.04968e-05 
-8.40444e-05 0.000112725 
-7.98425e-05 3.29608e-05 
4.96915e-05 0.000393182 
-5.45293e-05 0.000297886 
-2.41612e-05 3.31782e-05 
-9.31889e-05 4.89375e-05 
