-6.31393e-09 -6.43254e-09 
-2.81612e-08 -2.2693e-09 
-1.08297e-08 2.96475e-09 
1.80362e-08 -3.01661e-09 
-2.35912e-08 6.54316e-11 
6.70676e-09 -3.49806e-09 
-1.29945e-08 -2.595e-08 
-6.55923e-09 -2.50144e-09 
-2.31804e-09 -9.7205e-09 
2.28814e-09 1.65353e-08 
-1.40756e-07 -8.7849e-09 
-1.92693e-08 5.06569e-08 
-7.7866e-09 -1.46864e-09 
1.99822e-08 -3.27278e-09 
-8.14744e-09 -6.66062e-11 
9.68856e-09 -4.14571e-09 
-9.2386e-09 1.44216e-08 
-6.29092e-09 -4.93968e-08 
-2.08873e-08 -2.94113e-08 
-1.32726e-09 -9.67581e-10 
-1.274e-08 2.0593e-09 
-7.59153e-10 -8.15953e-10 
-3.16995e-08 2.3156e-09 
-2.87093e-08 9.34233e-11 
-5.83416e-08 -1.98894e-09 
-1.74622e-08 -1.91628e-09 
5.98647e-09 -2.0019e-08 
-1.30945e-08 -7.04602e-08 
-9.14861e-09 4.72127e-09 
-2.3869e-08 -3.85252e-09 
-1.31862e-09 -2.43452e-09 
-9.63709e-10 -2.76212e-08 
5.75143e-09 9.77829e-08 
-3.04087e-08 -2.74555e-09 
-8.01732e-09 -6.51559e-09 
1.75435e-08 8.97093e-09 
6.86926e-09 -6.67464e-09 
-8.17387e-09 3.66716e-09 
-9.80919e-09 -7.66917e-09 
-1.23896e-08 1.98099e-08 
1.31814e-08 1.28333e-08 
-4.2726e-08 -3.49959e-08 
-2.79424e-08 -4.73668e-09 
9.31678e-09 -2.2879e-08 
-1.9267e-08 -2.88956e-09 
-2.09327e-08 4.84895e-09 
-7.77802e-09 -3.57438e-09 
2.3568e-08 4.52373e-09 
-1.43109e-08 -2.31512e-10 
7.1924e-09 -2.5674e-08 
