-7.12881e-05 2.79682e-05 
-0.00179413 6.95441e-05 
-0.000494079 5.23425e-05 
-0.000109752 -6.37895e-05 
-0.0012677 -0.000458965 
-0.000185788 8.99384e-05 
-0.000250403 0.000121843 
0.000140696 0.000226456 
-0.000105376 0.000106428 
0.000436651 0.000199801 
-0.000646133 -0.000330775 
-5.47801e-05 -8.17874e-05 
-7.11933e-05 0.000163384 
-7.61149e-05 5.56333e-05 
-0.000109586 -0.000132235 
-7.42033e-05 4.28965e-05 
-0.000139358 0.000549936 
-0.000103922 -0.000121192 
-0.000145184 4.81388e-05 
-8.39474e-05 5.65849e-05 
