-6.60543e-09 -1.06319e-08 
6.63601e-09 -1.16305e-08 
-7.43093e-10 -3.36662e-09 
1.22662e-08 -1.14419e-08 
4.94842e-08 1.73447e-10 
-2.54132e-09 -7.81129e-09 
-4.94939e-10 -7.49206e-09 
-6.77473e-09 -1.43732e-08 
2.65947e-10 -1.06069e-08 
-4.74419e-10 1.31252e-08 
-1.20325e-07 -7.00243e-09 
-1.82845e-08 -2.42919e-09 
-1.56775e-08 -6.69575e-09 
4.16985e-08 -7.91476e-09 
-5.46098e-09 -2.14763e-09 
-1.34163e-09 -9.70692e-09 
-2.77098e-09 -1.2616e-08 
-7.20862e-09 -4.11176e-08 
-1.76754e-08 -2.9282e-08 
-9.75387e-10 -1.50158e-08 
-5.23785e-09 5.00565e-08 
-3.77636e-09 -1.10481e-08 
4.60612e-09 -4.97891e-09 
-8.90192e-09 -8.59158e-09 
-3.82598e-08 -5.89942e-09 
-5.26523e-09 -1.08092e-08 
-1.20351e-08 2.92949e-08 
8.50225e-09 3.75675e-08 
-4.07091e-09 -2.41755e-08 
-1.19036e-08 -1.391e-08 
-3.20592e-09 -1.23329e-08 
-4.18005e-09 -1.79497e-08 
2.04861e-08 1.52302e-07 
3.76289e-09 -1.35429e-08 
-8.76485e-09 -1.1124e-08 
-8.38643e-09 -8.43646e-09 
2.1918e-09 -1.3082e-08 
-1.25013e-08 -9.05424e-09 
-1.10245e-08 -6.26505e-09 
-6.3667e-09 1.42169e-08 
-1.39497e-09 4.91616e-08 
-1.65033e-08 -8.91578e-09 
5.58064e-09 -1.17336e-08 
2.91239e-08 -7.5942e-08 
-1.19229e-08 -8.77015e-09 
-1.20932e-08 -7.91356e-09 
-3.93902e-08 -3.71367e-10 
-4.97404e-09 -4.85437e-09 
-2.76165e-08 -1.03932e-08 
-1.01327e-08 -7.57008e-08 
