-6.68824e-05 -7.75573e-05 
-0.00187874 -7.79031e-05 
0.00128869 -9.74866e-05 
-5.07561e-05 9.45213e-05 
0.00107558 -7.98562e-05 
-3.37826e-05 -0.000101117 
-0.000714079 0.000108369 
0.000431014 0.000127155 
-8.46971e-05 0.00010486 
0.000987485 3.28142e-05 
-0.000857597 -5.33676e-05 
-4.25751e-05 -0.000128293 
-2.67776e-05 0.000115458 
-6.05985e-05 -4.86235e-05 
-8.25329e-05 -0.000283974 
-6.62314e-05 -9.44206e-05 
-4.7076e-05 0.000855022 
-5.17889e-05 -0.000157459 
-3.04521e-05 -2.87234e-05 
-5.58251e-05 -8.83046e-05 
