-1.08595e-08 -1.00461e-08 
-8.44678e-09 -1.19261e-08 
-2.12547e-09 -1.91089e-08 
1.95504e-09 -1.02808e-08 
-1.28191e-08 -1.74253e-08 
-3.17519e-09 -1.74062e-08 
-2.75987e-09 -6.94724e-09 
-1.46739e-09 -1.11507e-08 
-1.15327e-08 -1.26987e-08 
-1.19665e-09 1.20399e-08 
-1.67378e-08 -1.01981e-08 
-9.70271e-09 2.57795e-09 
4.00833e-09 -1.3058e-08 
1.68281e-08 -1.23734e-08 
-1.02696e-08 -1.00188e-08 
-3.00896e-09 -8.71747e-09 
-2.97634e-09 -9.69224e-09 
-7.27579e-09 -2.27459e-08 
4.19192e-09 -1.94824e-08 
-3.87734e-09 -6.75975e-09 
-6.4758e-09 -7.4652e-08 
-5.07388e-09 -1.35906e-08 
-7.27141e-09 6.96889e-09 
6.63642e-10 -1.09397e-08 
-1.16817e-08 -7.04729e-09 
-4.08666e-09 -1.19048e-08 
-2.35946e-09 -1.09299e-08 
-7.06901e-09 -2.03469e-08 
-3.39997e-09 -1.54397e-09 
-7.48399e-09 -1.14597e-08 
-7.46055e-09 -1.17579e-08 
-3.37016e-08 -1.87811e-09 
6.74762e-10 -4.11758e-08 
-1.55648e-08 -4.86241e-09 
1.49998e-09 -1.19722e-08 
-7.00363e-09 -1.44337e-08 
-5.90951e-09 -9.85895e-09 
-1.15305e-08 -7.48271e-09 
-1.08687e-09 1.9968e-09 
-6.56697e-09 6.38258e-09 
-2.66128e-09 -6.10147e-08 
-4.83918e-08 -2.00086e-08 
-2.3908e-09 -1.15043e-08 
-4.96775e-08 5.59617e-08 
4.0963e-09 -8.87312e-09 
-5.11339e-10 -1.54775e-08 
-3.83619e-09 -1.40204e-08 
1.88088e-09 -1.27988e-08 
1.61274e-08 -1.15165e-08 
-4.54532e-09 -3.57314e-08 
