-1.2628e-08 -1.37393e-08 
-4.75317e-09 -1.29397e-08 
-3.68401e-09 -1.80817e-08 
4.65472e-09 -6.04867e-09 
-1.10132e-09 -3.23783e-08 
-2.77847e-09 -1.59309e-08 
-1.231e-09 -6.89562e-09 
-2.07782e-09 -1.20796e-08 
-7.49099e-09 -1.23967e-08 
-2.31299e-10 3.18469e-09 
-2.75818e-08 -6.33178e-09 
-4.13505e-09 -2.16457e-09 
-2.24431e-08 -7.35485e-09 
3.08829e-08 -1.05522e-08 
-1.71657e-08 -6.31873e-09 
-1.32651e-09 -7.82181e-09 
-4.42405e-09 -1.02352e-08 
-6.99954e-09 -2.25303e-08 
-1.12426e-09 -1.18976e-08 
-3.51999e-09 -9.30989e-09 
-4.47726e-09 5.65354e-08 
5.03555e-09 -1.80427e-08 
-5.79212e-09 -1.89624e-08 
-8.40027e-09 -1.16124e-08 
-4.31834e-08 -5.024e-09 
-4.35666e-09 -1.21618e-08 
-8.08732e-09 6.02216e-09 
-1.93773e-09 -3.04204e-08 
-3.86645e-09 -2.38212e-08 
-8.3833e-09 -1.52406e-08 
-3.66233e-09 -1.20321e-08 
-3.92849e-08 -1.14679e-08 
-3.78057e-09 9.52427e-08 
3.49328e-10 -1.13104e-08 
-3.59597e-09 -1.16782e-08 
-7.16627e-09 -1.24491e-08 
-3.4832e-09 -1.35547e-08 
-1.11894e-08 -7.00236e-09 
-5.0557e-09 -8.77219e-09 
-1.54845e-08 2.66239e-08 
-1.81909e-09 1.81145e-08 
-3.98833e-08 -6.91087e-09 
4.16135e-09 -1.10992e-08 
-3.8801e-09 -1.11949e-08 
1.80249e-10 -9.62734e-09 
-5.47781e-09 -1.37766e-08 
-2.89802e-08 1.22739e-09 
2.15929e-09 -1.63496e-08 
-2.21112e-08 -1.03022e-08 
-6.37654e-09 -4.77276e-08 
