-6.5412e-11 5.30257e-11 
-1.0413e-09 -1.05363e-08 
2.2385e-09 -8.16795e-09 
1.89253e-08 -2.62867e-10 
3.85515e-09 2.29152e-10 
-5.62786e-10 -1.58289e-09 
7.93882e-10 9.79392e-11 
7.28049e-09 -7.23972e-09 
-3.98423e-09 -7.71956e-09 
-3.49251e-09 -1.83115e-08 
1.41361e-08 -1.25111e-08 
-1.88088e-08 -1.74722e-08 
1.27615e-08 -5.13947e-09 
-2.33641e-08 -6.70463e-09 
1.20042e-08 -3.76269e-09 
-6.58368e-10 -7.67563e-09 
2.01418e-09 -8.17343e-09 
1.73943e-09 -2.22227e-08 
-6.71214e-09 -8.00661e-09 
-2.59679e-09 -5.30991e-09 
-3.949e-10 9.33747e-08 
-1.08614e-09 -7.46241e-09 
3.49501e-09 -2.46728e-09 
6.99151e-09 -5.03416e-09 
-1.6142e-08 -8.83082e-09 
2.88351e-09 -5.53276e-09 
4.49511e-09 -1.93177e-09 
2.10877e-10 3.65963e-09 
-3.47059e-09 -3.0486e-09 
-3.19129e-09 -6.99717e-09 
-9.86519e-10 -9.15763e-09 
2.83322e-08 -1.50754e-08 
8.23839e-10 -6.62563e-08 
-2.26315e-08 -7.20154e-09 
-2.17885e-09 -6.22076e-09 
-1.08609e-09 -7.23128e-09 
5.58332e-10 -7.58383e-09 
9.16532e-09 -3.99e-09 
-8.03755e-09 -1.03352e-08 
-6.12874e-09 -1.87698e-08 
-5.63171e-09 -7.19783e-08 
4.43028e-08 -6.01188e-09 
-7.05247e-09 -9.3299e-09 
-2.34389e-08 2.70423e-10 
-1.25691e-09 -7.99373e-09 
5.62534e-10 -2.67854e-09 
4.31845e-08 -1.30569e-08 
-5.41021e-09 -2.75744e-09 
3.48171e-08 -1.00823e-08 
1.51396e-09 -3.97155e-08 
