-1.2668e-09 9.45401e-10 
-6.6242e-10 -8.59421e-09 
6.07997e-09 -7.3924e-09 
-5.45405e-09 8.33979e-09 
-1.32407e-09 -7.47649e-09 
-1.10481e-09 -5.36394e-09 
8.80453e-10 -2.1849e-11 
4.07832e-09 -2.52424e-09 
-1.34315e-09 -3.93725e-09 
-1.30217e-10 -5.8539e-09 
-1.00764e-09 -5.6093e-09 
-1.18585e-08 -7.08616e-09 
-1.03202e-08 -4.72351e-09 
-1.45781e-08 -6.68124e-09 
-2.32548e-11 -5.89864e-09 
1.11472e-09 -9.31421e-09 
2.83279e-09 -6.21582e-09 
9.43888e-09 -2.14383e-08 
2.01119e-09 -5.7632e-09 
2.75155e-09 -4.58018e-09 
-7.57179e-10 1.6133e-07 
2.90448e-09 -8.75196e-09 
4.54891e-11 1.22534e-09 
-2.17729e-10 -8.74695e-09 
4.15703e-09 -6.21603e-09 
3.80284e-09 -4.906e-09 
-1.65684e-09 -1.15116e-08 
9.93728e-11 3.26782e-09 
8.44873e-10 3.98261e-08 
-3.24675e-10 -1.08831e-08 
-6.87474e-09 -7.38026e-09 
2.03942e-08 -4.96489e-09 
-7.67044e-09 -7.25315e-09 
-4.39346e-09 -6.08253e-09 
-7.00219e-09 -5.89258e-09 
-9.81531e-10 -7.10391e-09 
-2.04846e-09 -6.31817e-09 
-7.10437e-10 -7.22047e-09 
-9.40678e-09 -1.86216e-08 
-5.69341e-09 2.60494e-08 
2.2114e-09 -5.92357e-08 
2.58223e-08 -6.45622e-09 
-1.26421e-09 -8.57481e-09 
-1.12325e-09 1.57812e-08 
-1.78547e-09 -6.60241e-09 
1.26559e-09 -7.63587e-09 
9.94497e-09 -5.32609e-09 
-7.13541e-10 -5.84961e-09 
3.00382e-08 -1.05739e-08 
-9.6502e-10 -3.90072e-08 
