-0.60596 -0.163585 
0.105966 -0.0321927 
-1.60268 2.31048 
-4.92445 -2.45768 
0.375159 -4.75235 
-0.200857 1.38844 
1.31326 0.354107 
-0.707321 1.36034 
-0.852581 -3.09106 
1.47554 -0.0544661 
-1.90593 1.67293 
1.43019 -0.519517 
0.768352 -0.489058 
0.128749 -0.532558 
1.74669 0.874418 
-0.225915 1.83816 
-0.979045 1.81238 
-1.29004 0.712312 
0.430856 0.494631 
0.213871 -0.725491 
0.750144 1.58773 
-1.18409 0.210722 
-1.18099 3.9576 
-1.28755 1.16015 
0.230723 -2.79342 
-0.407321 -1.46934 
-2.16155 9.47127 
8.79074 2.44154 
-0.969669 2.11128 
-1.27659 0.905182 
2.85245 -2.69993 
3.63404 1.53531 
0.0289606 0.136272 
-0.811569 1.25354 
0.164752 0.905603 
-0.533844 2.71958 
0.0281537 0.672501 
-0.576698 -2.27378 
-3.87359 0.850783 
0.756283 0.559564 
0.0311319 -0.743777 
3.91441 -1.92275 
-0.202441 2.37205 
0.257013 0.326399 
-0.194398 0.814751 
1.33951 2.51858 
0.759781 -0.008385 
-0.377469 -5.924 
3.71606 1.91387 
-1.05362 0.00291288 
