-1.70479e-09 -5.31332e-09 
-2.00805e-10 -9.54137e-09 
3.73613e-10 -5.31267e-09 
-1.56502e-08 -8.78739e-09 
-1.18766e-09 -7.77141e-09 
-5.62968e-10 -5.7711e-09 
-1.00433e-09 7.04357e-09 
1.24037e-08 6.38458e-09 
9.47168e-10 -7.35101e-09 
2.15102e-11 -5.78498e-09 
6.7841e-10 -5.05988e-09 
5.35696e-09 -5.45263e-09 
-7.52399e-09 -2.41027e-09 
1.1108e-09 -6.85747e-09 
1.75249e-09 -2.19812e-09 
4.44382e-09 -7.26022e-09 
2.81626e-10 -6.11338e-09 
-2.12687e-09 -1.81913e-08 
1.91699e-09 -4.44031e-09 
3.04922e-09 -6.58474e-09 
-2.20734e-09 -1.91845e-08 
2.25649e-09 -8.9831e-09 
-2.837e-09 -9.12331e-09 
-1.61923e-10 -7.98666e-09 
-3.53531e-10 -6.04673e-09 
-8.21204e-10 -5.26382e-09 
-2.46065e-09 -3.50313e-09 
-3.13321e-11 3.28904e-10 
-6.21863e-10 -5.60194e-09 
-1.4026e-09 -9.29507e-09 
-9.67835e-11 -5.79604e-09 
-1.36898e-08 -6.63852e-09 
-1.30644e-08 -2.61353e-08 
-5.65045e-09 -6.04433e-09 
-3.60166e-10 -6.56346e-09 
3.92272e-09 -7.93341e-09 
2.80898e-10 -6.1292e-09 
3.84352e-11 -8.49856e-09 
4.14945e-09 -1.42445e-08 
7.90233e-09 4.05137e-09 
-9.19109e-10 -3.06264e-08 
4.20763e-09 -5.48879e-09 
8.57386e-10 -6.569e-09 
-9.19547e-09 1.8381e-08 
-4.30031e-10 -6.31853e-09 
1.18647e-09 -8.98293e-09 
1.52048e-09 -6.12215e-09 
-1.2457e-09 -4.70103e-09 
2.76995e-10 -7.96325e-09 
-8.45811e-10 -3.03793e-08 
