-1.39616e-09 -5.06979e-09 
2.7385e-09 -2.27212e-09 
8.85518e-11 -8.72535e-09 
1.06585e-08 1.60691e-08 
2.94293e-09 -9.02969e-10 
-2.23518e-09 -5.83442e-11 
2.59238e-09 -2.27661e-09 
7.54359e-09 -1.98757e-08 
-5.74627e-09 -7.00485e-09 
2.04271e-09 -1.65049e-09 
3.57348e-09 -5.41836e-09 
-3.56439e-09 4.73587e-10 
-5.05443e-09 2.2042e-09 
-8.47782e-09 -3.2939e-09 
2.87746e-09 -1.36351e-08 
-5.4135e-10 -1.7224e-09 
3.69761e-09 -2.91987e-09 
1.78484e-09 -3.18795e-08 
9.81424e-10 -7.94013e-09 
1.0358e-10 -6.25543e-09 
4.87624e-09 3.61952e-08 
3.19394e-09 -1.43923e-09 
4.25201e-09 -1.25348e-09 
4.7207e-09 -3.23241e-09 
4.14482e-09 -1.35367e-09 
4.27393e-09 -2.23159e-09 
4.98369e-09 -7.85584e-09 
1.31768e-09 3.54348e-10 
1.92139e-09 -1.71061e-09 
3.41695e-09 -8.13452e-09 
-1.37256e-08 -6.1158e-09 
1.00234e-08 -3.69509e-09 
3.34012e-09 1.16813e-08 
7.80506e-10 -1.37485e-09 
-5.3497e-09 -4.07147e-09 
5.05611e-09 -7.52154e-10 
-2.64845e-09 -1.35301e-09 
6.25764e-09 -2.10709e-09 
-2.68281e-09 -8.73429e-09 
-3.35223e-08 -9.11316e-09 
-2.32473e-09 2.27556e-08 
6.85645e-09 -3.24684e-09 
-1.2191e-09 -1.71419e-09 
1.30775e-08 1.97285e-09 
2.00437e-09 -5.55732e-09 
1.69732e-09 -7.82651e-10 
7.86788e-09 -1.61727e-09 
2.39334e-09 -5.41155e-09 
3.49378e-09 -3.96562e-09 
3.20184e-09 -3.16211e-09 
