-6.73493e-05 3.15047e-05 
6.62483e-05 0.000191126 
0.000506653 -5.46631e-05 
3.22835e-05 -0.000253288 
0.00105757 0.000174312 
-2.94306e-05 7.12094e-05 
-0.00103008 4.29853e-06 
0.00028959 8.84588e-05 
-4.52581e-06 -1.25274e-05 
0.00052462 5.20363e-05 
-0.000875529 3.1507e-06 
-5.60266e-05 2.46211e-05 
-4.92699e-05 8.49051e-05 
-9.05627e-05 8.14012e-05 
-3.90642e-05 4.26537e-06 
-0.000127878 6.88609e-05 
-0.000166881 -0.00014188 
-8.64624e-05 -1.34219e-05 
-0.000111339 9.57713e-05 
-0.000109266 2.88573e-05 
