1.40106e-09 -1.45326e-09 
-7.32298e-10 -8.72226e-09 
-1.25382e-09 -4.14337e-09 
-4.87861e-09 -2.21149e-08 
-1.03735e-09 -2.84856e-09 
4.95167e-09 -6.3461e-09 
-1.23094e-09 -1.81855e-09 
5.39386e-09 -4.6318e-09 
1.46212e-08 -5.85355e-09 
3.67081e-09 -3.0395e-09 
4.75779e-09 -7.0015e-10 
8.36146e-09 -8.47978e-09 
-8.03518e-10 -4.35838e-09 
-4.73951e-09 -1.80987e-09 
1.98687e-09 1.23274e-08 
4.38328e-09 -4.00479e-10 
4.28852e-09 -3.21496e-09 
-2.86877e-09 -2.60461e-08 
4.39793e-09 1.20998e-09 
3.1794e-09 -4.09171e-09 
1.06368e-10 3.63854e-09 
2.09705e-09 -4.70811e-09 
2.71399e-09 -2.53085e-09 
-9.44823e-10 -3.14973e-09 
-2.24103e-09 -5.55811e-09 
1.4897e-09 -4.17627e-10 
-1.26135e-09 -5.31616e-09 
2.3252e-09 6.84253e-11 
-1.35097e-10 -1.50468e-08 
-1.26921e-08 -8.90637e-09 
7.26905e-09 3.07527e-09 
-1.45396e-08 -9.19253e-09 
-1.90389e-09 -1.88811e-08 
-1.65739e-09 -1.37357e-09 
-1.10036e-09 -6.5081e-10 
-2.20161e-08 -1.15567e-08 
7.97729e-09 -2.8535e-09 
1.27878e-09 -2.62958e-09 
2.74224e-09 -9.00055e-09 
2.41987e-08 -7.00107e-09 
1.54855e-09 -1.0175e-07 
1.18226e-09 -4.06166e-09 
6.62091e-09 -1.10882e-09 
5.29409e-10 -4.71574e-09 
3.55776e-10 -3.2594e-09 
1.12242e-09 -6.34684e-09 
-6.14187e-09 -7.56978e-09 
2.1349e-09 -2.99799e-09 
7.66285e-09 4.93856e-09 
-1.37448e-09 -3.5507e-08 
