1.72565e-09 -3.63031e-09 
4.78387e-10 -1.24005e-08 
6.05381e-11 -6.62661e-09 
6.89452e-09 -1.69623e-08 
1.94593e-10 -8.49665e-09 
4.81472e-09 -3.47835e-09 
-4.65712e-09 -2.19962e-09 
2.5208e-09 -6.2292e-09 
-3.18958e-09 -2.38649e-09 
-3.83227e-10 -4.16973e-09 
1.83137e-09 -3.09885e-09 
-1.19065e-08 -7.46486e-09 
5.01428e-09 -8.40485e-09 
5.59181e-09 -4.61077e-09 
-9.74232e-10 1.7662e-08 
5.22433e-09 -1.49199e-09 
9.5386e-10 -5.4018e-09 
-5.24112e-09 -2.82135e-09 
-2.98009e-09 -9.82894e-09 
1.77405e-09 -6.04509e-09 
-4.52973e-09 -5.82348e-08 
-6.15624e-10 -2.98784e-09 
2.09342e-09 -2.72099e-09 
4.87374e-10 -3.81727e-09 
-2.27653e-09 -4.22273e-09 
3.61261e-09 -2.70972e-09 
3.99458e-09 -6.21519e-10 
8.6982e-11 6.92541e-10 
1.67261e-09 -6.72837e-08 
5.31199e-09 -1.01878e-08 
7.10502e-09 1.67086e-09 
-5.93419e-09 -2.90821e-09 
-4.84326e-09 -1.67113e-08 
-2.88036e-09 -9.3298e-09 
3.27193e-10 -2.01531e-09 
-1.75284e-08 -9.732e-09 
2.72958e-09 -5.42543e-09 
4.37305e-09 -2.62873e-09 
-1.62225e-08 -1.49915e-08 
1.98623e-08 -3.06477e-09 
-3.52193e-10 2.94999e-08 
5.23905e-10 -5.15661e-09 
4.20256e-09 -4.0935e-09 
-8.0786e-09 -8.84807e-09 
7.24623e-10 -5.21932e-09 
2.14045e-09 -7.50791e-09 
-2.48934e-10 -6.69507e-09 
3.28311e-09 -5.92235e-09 
-1.5535e-09 -1.00649e-08 
1.85829e-10 -4.22559e-09 
