-1.25408e-09 -4.91588e-09 
3.07442e-09 -7.57896e-09 
6.23177e-10 -3.8293e-09 
6.21945e-09 1.34003e-08 
5.15327e-10 -1.07134e-08 
-3.92869e-09 -1.21671e-09 
-4.29776e-09 1.73407e-09 
4.65232e-09 -1.19882e-08 
-1.2959e-08 4.48809e-10 
-2.72986e-10 -2.30448e-09 
2.6091e-09 -6.22499e-09 
-1.80833e-08 -3.1624e-09 
6.7498e-10 -2.06964e-09 
-1.76769e-09 -5.69696e-09 
3.82937e-10 2.75934e-09 
2.98885e-09 -1.66947e-09 
-1.34298e-09 -4.70443e-09 
1.9293e-09 -9.72372e-09 
-5.37167e-09 -1.56298e-08 
-7.36852e-10 -6.74268e-09 
4.66934e-10 -4.52768e-08 
1.64197e-09 -7.17106e-10 
2.3312e-09 -2.28483e-09 
2.51353e-09 -1.82698e-09 
4.11234e-10 -1.16528e-09 
4.65764e-09 -3.86747e-09 
5.508e-09 -2.22304e-09 
1.12992e-09 6.09672e-10 
1.65978e-10 -4.88115e-08 
9.71251e-10 -6.02197e-09 
-1.24822e-09 -2.2916e-09 
2.13185e-09 -1.60394e-09 
-2.95135e-09 -3.65792e-09 
2.34693e-09 -1.25395e-08 
-1.16056e-09 -5.99427e-09 
-7.01657e-09 4.55246e-09 
-8.8124e-09 -6.31723e-09 
4.55029e-09 -2.8128e-09 
-1.6219e-08 -1.66477e-08 
-1.95102e-09 -2.0561e-09 
1.77735e-10 8.67542e-08 
2.72599e-09 -1.29786e-09 
-7.53829e-09 -3.1864e-09 
-3.14213e-09 -6.98476e-09 
-3.22027e-10 -6.34731e-09 
3.36765e-09 -2.35682e-09 
5.43103e-09 3.98772e-10 
4.08293e-09 -4.71012e-09 
-3.04735e-09 -4.44531e-09 
4.57046e-09 1.94351e-08 
