-6.17798e-05 0.000148113 
0.000805437 -0.000286964 
-0.000404322 5.01255e-05 
-0.000215351 0.000505252 
0.000769707 0.000208561 
-9.16118e-05 7.19822e-05 
-2.53998e-05 0.000125718 
0.000256629 3.34586e-05 
-0.000137316 0.000114269 
0.000266153 4.69774e-05 
-0.000501899 7.12377e-05 
-8.19091e-05 4.96485e-05 
-0.000117906 -3.36559e-05 
-0.000137753 0.000149307 
-6.14145e-05 5.03123e-05 
-0.000143121 8.36935e-05 
2.7009e-05 0.000629757 
-8.68765e-05 2.20418e-05 
-0.000102691 7.79087e-05 
-9.71812e-05 0.000100187 
