1.85464e-09 -4.4362e-09 
7.03992e-10 2.96595e-09 
-3.07087e-09 -5.5769e-09 
-1.6733e-09 -1.03497e-09 
2.86249e-09 3.84644e-09 
-5.09471e-09 -3.28933e-09 
1.06535e-08 4.84304e-09 
1.05918e-08 1.8046e-10 
8.01355e-09 -3.39143e-09 
4.05195e-09 -1.60298e-09 
3.14589e-09 -2.35302e-09 
7.53643e-09 -7.54891e-09 
-1.56161e-09 1.72625e-10 
-4.99669e-09 -2.12921e-09 
2.33035e-09 -4.30249e-09 
4.16246e-09 -8.60401e-12 
6.01355e-09 -5.81297e-09 
-1.7124e-09 -1.79389e-08 
6.79394e-09 9.55566e-10 
7.52155e-10 -2.53531e-09 
1.03232e-09 1.7226e-08 
7.60134e-09 -2.06446e-09 
2.97042e-09 -1.69369e-09 
2.24545e-09 -4.78187e-09 
1.06118e-09 -3.77469e-09 
3.14164e-09 -3.64125e-10 
-1.06184e-09 -6.13989e-09 
3.30272e-09 2.41524e-09 
-3.30624e-09 6.84696e-09 
-7.24032e-09 -9.22241e-09 
2.25038e-09 9.60302e-10 
-8.57139e-09 -7.99948e-09 
9.63612e-10 2.45745e-10 
-9.19969e-10 -8.53842e-10 
-8.70202e-10 -2.28107e-10 
5.92214e-09 -1.05863e-08 
3.04383e-09 2.79239e-09 
1.87015e-09 -2.191e-09 
-4.15826e-09 3.80876e-09 
-2.26773e-08 -1.58258e-09 
-2.73183e-09 -1.16498e-07 
1.87953e-09 -1.93737e-09 
6.95862e-09 1.85522e-09 
1.34141e-08 -1.37363e-09 
9.53964e-10 2.00286e-09 
5.3331e-10 -7.09624e-09 
2.44396e-09 -8.1003e-09 
1.83501e-09 -3.40053e-09 
6.12471e-09 -2.21207e-09 
4.46142e-09 -2.26082e-08 
