0.244817 -0.44608 
-0.14081 0.311652 
1.92014 0.722079 
0.612224 -0.628626 
0.011403 3.28436 
-0.0892633 1.22236 
0.659803 0.114915 
-0.586447 1.168 
-1.95799 1.31294 
-0.958955 0.965121 
-3.48708 0.752565 
-1.26273 1.12456 
-0.755572 -1.39319 
0.467196 0.866667 
-0.510912 0.956507 
-0.161122 1.33007 
-1.14872 -0.419568 
-0.561574 1.01638 
-0.354335 0.765811 
0.121287 1.32946 
1.29698 -0.228508 
0.901931 -1.53643 
-1.45592 3.10063 
-1.36238 0.851842 
-0.382141 -1.32383 
0.352148 3.12903 
-2.55325 -1.51971 
-11.1073 1.3801 
-1.13407 0.747083 
-0.669454 1.01282 
3.29859 -0.284857 
1.57455 1.99965 
-0.0179327 0.60707 
-0.113353 1.29956 
0.76652 -0.604304 
-0.232795 1.95053 
-0.115462 0.811833 
-0.763124 -3.83679 
1.15726 1.12624 
1.34508 0.834131 
-0.56687 0.708604 
-1.40246 -2.09532 
0.280484 1.59624 
0.0242183 1.63026 
-0.228946 0.737234 
0.754688 2.06044 
1.7906 -0.774578 
-0.452162 -1.63032 
-0.454264 0.881649 
-0.769094 1.52378 
