1.84875e-09 -5.8145e-09 
3.0622e-09 -2.28111e-09 
3.86421e-09 -5.91637e-09 
5.75366e-09 -1.99898e-08 
3.70885e-10 -6.94038e-09 
6.92098e-09 -5.34721e-09 
1.36453e-08 3.41605e-09 
7.32932e-09 -9.2743e-09 
4.15378e-09 -4.48929e-09 
2.70711e-09 -3.31487e-09 
3.03292e-09 -2.54005e-09 
-1.67075e-09 -3.64738e-09 
-1.25251e-09 -1.50408e-09 
6.86513e-09 -4.08871e-09 
2.50864e-10 3.89771e-09 
3.82794e-09 -1.74713e-09 
4.93106e-09 -7.88594e-09 
-5.0548e-09 -6.7974e-09 
3.58041e-09 1.01919e-09 
3.15329e-10 -1.27087e-09 
-5.61899e-09 -7.44428e-09 
7.44445e-09 -2.84023e-09 
2.02147e-09 -1.85291e-09 
5.03674e-10 -3.40411e-09 
-4.34734e-10 -5.25183e-09 
3.7151e-09 -2.54226e-09 
2.03248e-09 5.38201e-10 
3.89816e-09 -1.21899e-09 
1.04314e-09 9.42557e-11 
3.84246e-10 -1.10777e-08 
2.15245e-09 2.91053e-11 
-1.00464e-08 -3.41607e-09 
-5.63389e-09 -1.39317e-08 
-4.65279e-09 -6.75946e-09 
1.78124e-09 3.35818e-10 
-1.53707e-08 -1.12973e-08 
8.72835e-09 -2.68356e-09 
2.34184e-09 -2.15084e-09 
9.40098e-09 -7.00093e-10 
-2.50304e-09 -1.71335e-09 
1.03104e-09 1.01156e-08 
1.01139e-09 -4.18752e-09 
-2.78441e-09 -2.35255e-09 
-5.04874e-10 -6.61615e-09 
1.30109e-09 -6.98131e-09 
9.86332e-10 -6.03934e-09 
2.93718e-09 -8.40032e-10 
3.91349e-09 -3.18614e-09 
8.65879e-09 -7.38269e-09 
3.53064e-10 -1.17021e-08 
