-3.70105e-09 -5.74421e-09 
3.31448e-09 -1.18479e-08 
5.30776e-09 -5.82738e-09 
4.52236e-09 -1.62344e-08 
-2.80046e-09 -1.38681e-08 
3.60497e-09 -6.78038e-09 
-4.80007e-09 -1.0466e-09 
2.56531e-09 -1.49472e-08 
-6.01615e-09 -5.02747e-09 
-2.83906e-09 -4.81982e-09 
-9.49484e-10 -6.78207e-09 
-1.40191e-08 -5.84528e-09 
-1.45392e-09 -5.24648e-09 
5.63035e-09 -5.82493e-09 
-2.03317e-09 3.44175e-09 
3.48132e-09 -4.12764e-09 
-5.65402e-09 -5.31223e-09 
-3.92816e-10 8.18546e-10 
-9.28323e-09 -6.35081e-09 
-6.76064e-10 -5.70554e-09 
-9.07085e-09 -2.83398e-08 
-9.61577e-10 -3.54872e-09 
-1.79077e-09 -4.5875e-09 
-1.97677e-09 -3.4667e-09 
-1.52652e-09 -6.32991e-09 
8.20982e-10 -4.69957e-09 
2.534e-09 -7.49757e-09 
-2.22104e-09 -4.75779e-09 
2.61484e-09 -1.9127e-08 
4.6133e-09 -1.12493e-08 
-1.38633e-09 -8.27783e-09 
-6.01156e-09 -1.49143e-09 
-2.42004e-09 -9.33199e-09 
-4.82889e-09 -1.03199e-08 
-9.94497e-10 -1.81246e-09 
-1.96135e-08 -5.89542e-09 
3.25503e-09 -9.26909e-09 
1.30917e-09 -4.03739e-09 
-1.95114e-08 -2.32134e-08 
1.36093e-08 -2.40787e-09 
-4.82552e-10 9.80376e-08 
1.36899e-10 -7.32903e-09 
-8.76384e-09 -6.98205e-09 
-1.0348e-08 -9.40018e-09 
1.26165e-09 -1.18559e-08 
-1.92074e-10 -5.00404e-09 
1.40221e-09 2.10518e-09 
2.93544e-09 -6.64437e-09 
-2.20958e-10 -8.6956e-09 
4.64115e-10 8.61024e-10 
