-4.4931e-09 -5.22106e-09 
-1.39082e-11 -6.43585e-09 
2.85313e-09 -5.31998e-09 
1.88946e-09 -5.33864e-09 
-2.64291e-09 -1.57443e-08 
-5.87488e-09 -5.97337e-09 
-3.11901e-09 -1.80018e-09 
-3.99021e-09 -1.32467e-08 
-1.07846e-08 -5.07881e-09 
-1.65741e-09 -3.93692e-09 
4.9314e-10 -6.61592e-09 
-1.73775e-08 -7.35486e-09 
-6.2526e-10 -4.59057e-09 
-1.91828e-08 -5.80881e-09 
5.8664e-10 -1.49307e-09 
3.21115e-09 -4.4568e-09 
-1.29287e-08 -3.41082e-09 
1.77027e-09 -1.96619e-10 
-4.46801e-09 -1.24362e-08 
-1.16917e-09 -8.97784e-09 
-9.13265e-09 -3.1911e-08 
-6.57689e-09 -6.53835e-09 
3.23101e-09 -6.91887e-09 
-3.08937e-09 -5.11861e-09 
5.90685e-11 -5.6006e-09 
2.73656e-09 -4.8164e-09 
-7.56464e-10 -1.2345e-08 
-3.69424e-09 9.09559e-10 
-4.85737e-09 -2.24811e-08 
-5.46947e-09 -1.20392e-08 
-4.66437e-09 -2.17573e-09 
4.81582e-09 -4.08636e-09 
5.02415e-10 5.9059e-09 
-4.8462e-09 -1.0224e-08 
-4.08747e-09 -1.10191e-08 
6.13168e-09 -3.89277e-09 
-1.03868e-08 -3.00367e-09 
4.00954e-10 -4.1989e-09 
-2.62389e-08 -2.02294e-08 
1.78038e-08 -4.17718e-09 
-2.91465e-09 3.79767e-08 
-7.40873e-11 -7.14204e-09 
-5.37555e-09 -2.547e-10 
-7.10789e-09 -1.47643e-09 
-1.46883e-09 -1.11495e-08 
-3.18166e-10 -5.29369e-09 
2.55693e-09 6.44965e-11 
-2.32613e-09 -6.27254e-09 
-1.68108e-09 -8.91222e-09 
5.20026e-09 4.66919e-09 
