-4.21451e-10 -4.76955e-09 
-2.7995e-09 -1.73983e-09 
2.07177e-10 -5.56376e-09 
2.7294e-09 -1.72969e-08 
-2.35955e-09 -9.46462e-09 
-7.50868e-09 -3.50232e-09 
8.03754e-10 -3.52583e-09 
-4.18784e-09 -8.96313e-09 
-9.98876e-10 -5.26591e-09 
1.34263e-10 -3.01608e-09 
1.33692e-09 -5.55739e-09 
-1.41078e-08 -4.47328e-09 
-7.19456e-10 8.909e-10 
-2.9406e-08 -5.02896e-09 
4.36854e-10 3.05097e-10 
2.90508e-09 -4.65537e-09 
1.17901e-09 -3.63659e-09 
-1.97675e-09 -3.46924e-08 
1.32295e-09 -1.25272e-08 
-2.78962e-10 -7.50455e-09 
-6.50405e-09 1.26997e-08 
3.20978e-09 -6.70467e-09 
3.28197e-09 -4.61174e-09 
-2.05433e-09 -4.83077e-09 
7.58929e-10 -4.63343e-09 
5.00625e-09 -1.62e-09 
-2.29673e-09 -1.7022e-09 
-1.84736e-09 1.48791e-09 
-5.95177e-09 -8.74351e-09 
-8.36922e-09 -4.6305e-09 
-5.65337e-09 -1.28734e-09 
5.79893e-09 -5.9949e-09 
1.88053e-09 4.34286e-09 
-4.84254e-10 -7.62005e-09 
-4.8123e-10 -1.16166e-08 
-1.27526e-10 -4.30624e-09 
-1.71052e-08 -1.27554e-09 
1.44153e-10 -3.79545e-09 
1.05592e-08 -6.3121e-09 
7.63081e-10 -5.28861e-09 
-1.16755e-09 -4.51892e-08 
1.10265e-10 -4.66414e-09 
1.72084e-09 3.20658e-09 
4.7725e-09 -1.28356e-09 
-1.32458e-09 -3.03793e-09 
6.50025e-10 -6.10395e-09 
2.46008e-09 -8.18847e-09 
1.8874e-09 -4.37135e-09 
-1.03389e-09 -4.37853e-09 
3.94259e-09 -9.4234e-09 
