0.221147 0.176968 
-0.232711 0.615505 
2.61276 -0.13236 
4.59202 0.74772 
-0.267284 5.90526 
-0.0119316 0.232575 
0.467477 0.484782 
0.329957 0.991363 
-2.45274 -1.22505 
0.72316 0.308934 
-0.771194 0.0409042 
-1.65515 1.19752 
-1.25134 -0.189979 
0.321985 1.55265 
-1.89185 0.946026 
0.0612356 0.0980785 
-0.55328 -1.69866 
0.290943 0.803912 
-0.871881 0.832152 
-0.177642 0.885604 
-0.674983 -0.635362 
0.865143 -1.78776 
0.037196 -3.7704 
-0.3707 0.646538 
-2.17909 0.992512 
0.515833 6.5936 
-0.486037 -5.04768 
-6.90813 0.610868 
1.23985 0.467079 
0.252077 0.761166 
-1.09205 1.10577 
-1.40229 -1.40805 
-0.0521575 0.950679 
-0.114374 0.31561 
-0.111693 0.668577 
-0.0223931 0.86202 
-0.0793459 0.861782 
-0.789514 -3.94722 
2.66827 0.69222 
0.229227 0.581457 
-1.15314 1.44244 
-4.46758 2.16675 
0.405771 -0.256053 
0.0104776 1.52403 
-0.721997 0.843869 
-0.171806 0.868445 
0.907358 1.30645 
-0.410917 3.37822 
-2.30935 1.30946 
-0.457733 1.03609 
