3.68803e-10 -5.43752e-09 
-7.5652e-10 -6.13338e-09 
-4.34508e-11 -5.4891e-09 
4.30901e-11 1.20343e-08 
-1.59655e-09 -1.54411e-08 
-7.22133e-09 -4.8595e-09 
4.22079e-09 -3.98857e-09 
2.29433e-09 -6.52743e-09 
1.70967e-09 -3.04778e-09 
1.0362e-09 -5.04168e-09 
5.28486e-10 -6.10126e-09 
-3.36454e-09 -5.60327e-09 
-1.37801e-09 -9.05366e-09 
-5.12661e-09 -4.99917e-09 
4.8021e-10 -4.14428e-09 
4.06449e-09 9.94965e-10 
-9.34826e-09 -5.04406e-09 
9.58714e-10 2.98774e-09 
-4.28028e-09 -1.34124e-08 
-3.03832e-10 -7.50941e-09 
-2.54048e-09 6.24115e-10 
-5.80142e-11 -6.40176e-09 
5.46107e-09 -5.46159e-09 
-3.35061e-09 -5.47782e-09 
2.00521e-10 -5.83682e-09 
7.09118e-09 -3.86366e-09 
-2.93628e-09 -1.45352e-09 
-5.6004e-09 5.97758e-09 
9.89042e-10 -1.61373e-09 
4.41359e-10 -2.20097e-09 
-1.12206e-08 -2.23702e-09 
2.18269e-09 -4.89462e-09 
-6.09649e-09 -4.69546e-09 
-5.18421e-09 -2.84428e-09 
-7.31641e-10 2.10339e-09 
-1.4379e-08 -5.49843e-09 
-3.74725e-09 -4.03414e-09 
1.01136e-09 -6.65888e-09 
4.75019e-09 -8.98486e-09 
2.68729e-08 -3.01733e-09 
-1.14078e-09 -3.32919e-08 
-2.06028e-10 -7.65077e-09 
1.36031e-08 -9.2542e-09 
-2.44255e-09 1.81585e-09 
8.9645e-11 -4.54527e-09 
4.73035e-10 -5.82795e-09 
-3.25027e-10 -3.22443e-09 
2.80591e-09 -5.52501e-09 
2.83383e-09 -5.71326e-09 
7.27392e-10 -1.0491e-08 
