-5.9e-05 3.00298e-05 
0.00108071 0.00030409 
-0.000482707 3.13236e-05 
9.60843e-06 0.000327381 
0.000252045 1.99546e-05 
-5.51042e-05 6.06448e-05 
-0.000494605 7.98708e-05 
0.000404124 4.02969e-05 
-5.66547e-06 9.44272e-06 
0.000141358 5.73154e-05 
-0.000946151 1.79859e-05 
-8.19968e-05 5.47189e-05 
-6.15245e-05 3.36509e-05 
-5.1388e-05 0.000180502 
-5.59259e-05 2.38109e-05 
-0.000115497 1.55679e-05 
-0.000318811 0.000467741 
-6.5309e-05 1.22373e-05 
-1.91063e-05 6.22426e-05 
-4.89986e-05 7.86551e-05 
