-1.62372e-09 -5.45323e-09 
-1.33307e-09 -4.22026e-09 
-5.33194e-09 -5.83791e-09 
-5.53675e-10 3.21993e-09 
-1.09489e-09 -1.10321e-08 
-3.15252e-09 -6.14701e-09 
2.09171e-09 -4.07164e-09 
-6.34204e-10 -1.57656e-09 
-1.65608e-09 -3.13951e-09 
1.04535e-09 -5.87496e-09 
6.20371e-10 -5.73416e-09 
-3.55346e-09 -5.47388e-09 
1.0128e-09 -1.53958e-08 
-7.64324e-09 -4.03989e-09 
-2.38324e-09 5.31672e-11 
2.07356e-09 1.60072e-09 
-5.25264e-09 -5.16249e-09 
-2.58263e-09 -6.90901e-09 
-3.14214e-09 -1.32194e-09 
-5.83513e-10 -9.45185e-09 
3.37854e-10 -8.53083e-10 
2.05059e-09 -7.68377e-09 
-4.06244e-11 -5.90668e-09 
-2.95781e-11 -5.19899e-09 
-1.83137e-10 -5.72278e-09 
-6.69984e-10 -4.67179e-09 
2.30142e-09 -2.7299e-09 
-5.53737e-10 2.52876e-09 
-1.02765e-09 -9.31067e-09 
8.60517e-10 -2.77848e-09 
-4.59893e-09 -4.40537e-09 
6.03021e-09 -5.20218e-09 
2.72338e-10 -7.9238e-09 
-2.3732e-09 -9.66967e-09 
4.17691e-11 -3.26595e-08 
-3.87491e-09 -4.9432e-09 
-1.20057e-09 -5.46199e-09 
1.85203e-09 -2.87941e-09 
-2.66049e-09 -9.98983e-09 
2.23307e-08 -3.54665e-09 
-1.23856e-09 -4.38206e-08 
-9.99582e-10 -7.77479e-09 
1.3496e-08 -6.22141e-09 
2.19103e-10 -2.43207e-09 
-1.15388e-09 -4.01986e-09 
-1.55205e-10 -5.79138e-09 
-2.55827e-10 -7.33739e-09 
-4.11061e-09 -5.21093e-09 
7.73353e-10 -4.76713e-09 
1.14497e-09 -1.53608e-08 
