-2.0635e-05 7.66461e-05 
0.000848354 5.65534e-05 
-0.000939331 0.000135385 
4.77433e-06 0.00039297 
0.000252114 6.72518e-05 
-8.35642e-05 6.29663e-05 
0.000121997 0.000143282 
0.000140026 5.05983e-05 
-8.29293e-05 0.000105845 
0.000102615 5.52559e-05 
-0.000477814 6.39124e-06 
-1.74012e-05 7.47539e-05 
-2.73085e-05 0.000109083 
1.12497e-05 0.000184852 
-5.90499e-05 1.35179e-05 
-7.17793e-05 8.71501e-05 
-6.43211e-05 0.00046039 
-3.74754e-05 -2.49679e-05 
-1.73371e-05 8.76712e-05 
-2.86422e-05 8.44791e-05 
