-1.14551e-09 -5.27471e-09 
-1.36414e-09 -5.41443e-09 
-9.91354e-09 -5.34469e-09 
-4.51582e-10 1.2872e-09 
-2.73988e-09 -1.01772e-08 
8.33833e-09 -5.82334e-09 
1.21976e-09 -5.0525e-09 
-7.53988e-10 -1.17653e-08 
-2.51148e-10 -4.49883e-09 
7.61265e-10 -4.75772e-09 
2.1737e-10 -5.12611e-09 
-2.34199e-08 -5.86089e-09 
1.7777e-09 -1.23999e-08 
-1.45971e-09 -2.76309e-09 
-2.94547e-09 -3.59234e-09 
2.82161e-09 -3.0537e-09 
1.91001e-10 -5.14547e-09 
4.92974e-10 -6.07077e-09 
-1.82946e-09 -9.74284e-09 
-4.31275e-10 -6.04876e-09 
-1.37264e-09 -5.88516e-09 
-9.68311e-10 -6.59327e-09 
6.42762e-09 -5.91506e-09 
5.12604e-10 -4.55229e-09 
-2.10531e-10 -5.49149e-09 
-6.28626e-10 -3.96921e-09 
-1.73254e-09 -1.54722e-09 
-6.36495e-10 -4.6273e-09 
-5.07907e-10 1.02968e-09 
-2.23601e-10 -3.93292e-09 
-1.48198e-09 -5.22116e-09 
-2.2604e-09 -5.29835e-09 
-8.32766e-09 -7.69901e-09 
-4.21746e-09 -1.24816e-08 
7.55537e-10 -1.29967e-08 
9.23908e-09 -5.5041e-09 
-6.93633e-10 -5.53405e-09 
1.76456e-09 -4.59114e-09 
-3.23751e-09 1.82323e-09 
5.33076e-09 -3.14062e-09 
-2.0133e-09 1.34178e-07 
-1.1149e-09 -6.58124e-09 
-2.70293e-08 -7.45245e-09 
-1.82465e-09 -3.94647e-09 
-4.15292e-10 -3.6909e-09 
-3.65437e-11 -5.54712e-09 
-5.99549e-09 -4.00709e-09 
-3.45756e-09 -6.13548e-09 
2.91851e-09 -4.89863e-09 
5.96908e-09 -7.7082e-09 
