1.65243e-09 -5.56704e-09 
2.93331e-10 -5.8567e-09 
-1.93744e-09 -5.37203e-09 
1.28436e-09 -3.0948e-09 
-2.08586e-09 -5.51171e-09 
-1.4444e-09 -5.57812e-09 
2.25561e-09 -4.38699e-09 
-1.17246e-09 -1.00867e-08 
-2.09167e-09 -4.49265e-09 
1.65028e-09 -5.15673e-09 
3.55332e-10 -4.97183e-09 
1.82753e-08 -5.16578e-09 
-9.53914e-11 -1.68242e-08 
2.36679e-09 -3.23943e-09 
-2.81338e-09 -3.94537e-09 
1.37427e-09 -4.31007e-09 
-1.59754e-09 -5.3804e-09 
-1.29966e-09 -6.09991e-09 
5.65856e-10 -1.54681e-09 
-5.26986e-10 -7.31299e-09 
-6.15327e-10 -5.24288e-09 
-1.00872e-09 -5.32113e-09 
-2.07582e-09 -5.85448e-09 
-7.80613e-10 -4.07412e-09 
-3.63253e-10 -5.36966e-09 
-7.34836e-10 -5.07158e-09 
-2.98374e-10 2.34091e-09 
2.81054e-09 1.08273e-08 
3.79333e-10 -1.51575e-08 
1.38429e-09 -5.2117e-09 
3.20343e-09 -5.61543e-09 
9.60928e-09 -5.34911e-09 
1.36463e-09 -6.66685e-09 
9.0646e-10 -7.39695e-09 
-1.09843e-09 -2.36731e-08 
1.14118e-08 -5.04098e-09 
-2.35081e-11 -5.75738e-09 
4.04411e-10 -5.23679e-09 
-5.45599e-09 -3.8797e-09 
5.75855e-09 -4.63737e-09 
-1.902e-09 -8.72586e-08 
-1.00125e-09 -6.14048e-09 
4.27352e-09 -5.86663e-09 
2.31892e-10 -4.34846e-09 
-7.54223e-10 -5.00226e-09 
-3.20521e-10 -5.83303e-09 
6.80434e-11 -6.09419e-09 
2.10401e-10 -5.52583e-09 
4.1034e-09 -4.67921e-09 
7.04943e-09 -2.95307e-09 
