-1.13458e-09 -4.6555e-09 
-1.48171e-09 -6.23195e-09 
-1.1019e-08 -5.59578e-09 
1.33196e-09 -1.25192e-10 
-1.41153e-09 -7.91258e-09 
-1.02742e-08 -5.28688e-09 
1.06359e-09 -4.80095e-09 
2.14767e-09 -7.42856e-09 
-5.71226e-13 -3.0381e-09 
1.68269e-09 -4.64153e-09 
-4.0533e-10 -7.04107e-09 
-2.53758e-08 -5.88151e-09 
5.8202e-10 -4.28549e-09 
-1.17569e-08 -2.92835e-09 
9.3922e-10 -3.0631e-09 
-2.58149e-10 -2.66113e-09 
5.05385e-10 -5.10477e-09 
-2.50389e-10 1.69076e-09 
-3.80907e-09 -1.06593e-08 
-4.29858e-10 -4.11328e-09 
-1.26908e-10 -6.34399e-09 
-1.15495e-09 -5.6967e-09 
9.17187e-09 -5.57902e-09 
-1.13793e-09 -5.85109e-09 
-3.66092e-10 -5.43618e-09 
1.10687e-09 -3.26415e-09 
3.45505e-09 -3.89576e-09 
-3.19002e-09 -1.08009e-08 
7.16829e-11 -2.61807e-08 
-2.56569e-10 -4.68521e-09 
-1.41894e-08 -1.61304e-09 
4.44718e-09 -5.25324e-09 
-1.48966e-08 -7.48594e-09 
-1.48168e-08 -9.35888e-09 
-1.97691e-09 2.60095e-08 
-6.39261e-09 -5.69511e-09 
-1.19438e-09 -5.72731e-09 
1.31204e-09 -2.75043e-09 
-7.16204e-09 2.06749e-10 
2.27453e-09 -2.12126e-09 
-2.21855e-09 2.66049e-07 
-8.43593e-10 -5.81578e-09 
-1.77288e-08 -2.63102e-09 
-1.62769e-10 -4.20512e-09 
-5.39624e-10 -2.79249e-09 
3.31834e-10 -5.13325e-09 
3.722e-09 -3.29138e-09 
-2.28459e-09 -5.6963e-09 
4.49753e-10 -5.56024e-09 
-1.70929e-09 -6.98589e-09 
