-3.49698e-05 7.92321e-05 
-0.000950142 0.000118408 
0.00148724 0.00013532 
-2.87025e-05 -0.000220348 
7.27254e-05 9.54382e-05 
-5.40498e-05 6.356e-05 
-0.000140574 6.6822e-05 
-0.000352271 7.24458e-05 
1.84159e-05 7.82413e-05 
6.61593e-05 5.69283e-05 
0.000676328 3.70122e-05 
-5.57414e-05 4.76686e-05 
-2.87825e-05 1.00575e-05 
-9.57916e-05 -2.70975e-05 
-1.49885e-05 8.45213e-05 
2.00446e-05 1.56766e-05 
-8.42984e-06 -0.00016764 
-1.30261e-05 -9.17057e-06 
-1.96744e-05 3.54439e-05 
-2.9261e-05 1.24771e-05 
