1.23485e-09 -5.11397e-09 
-1.11179e-09 -6.13965e-09 
-7.2828e-09 -5.66639e-09 
1.5494e-09 -1.66872e-09 
-1.54229e-09 -5.40036e-09 
1.09889e-08 -5.61833e-09 
-4.17006e-11 -5.05693e-09 
1.6957e-09 -8.59419e-09 
-1.16203e-09 -3.1554e-09 
6.10376e-10 -5.20796e-09 
-1.99286e-10 -4.74205e-09 
3.4009e-09 -4.94416e-09 
-5.48352e-10 -1.48868e-08 
3.56278e-09 -3.00076e-09 
-2.43443e-09 -2.7101e-09 
-4.07814e-09 -4.67115e-09 
-1.76209e-09 -5.25759e-09 
-1.50754e-10 -6.6766e-09 
-2.48237e-09 -7.67566e-09 
-4.7644e-10 -6.90673e-09 
-9.36234e-10 -5.77026e-09 
-2.00172e-09 -4.81551e-09 
-9.66312e-09 -5.88406e-09 
-6.47869e-10 -4.69875e-09 
-3.27132e-10 -5.39472e-09 
-5.40045e-10 -5.28053e-09 
1.09486e-09 -5.41584e-09 
-1.36869e-09 1.02111e-08 
6.88215e-10 -2.40745e-08 
8.05832e-10 -4.69607e-09 
-1.07401e-08 -7.46244e-09 
6.69077e-09 -5.30028e-09 
-1.16699e-08 -6.77717e-09 
-9.87574e-10 -1.09347e-08 
7.30765e-10 -2.10037e-08 
-7.4324e-09 -5.17404e-09 
-1.91708e-09 -5.8408e-09 
-9.90611e-11 -4.06427e-09 
3.17697e-09 1.57441e-09 
4.96751e-09 -1.50232e-09 
-8.7979e-10 2.1591e-07 
-1.20551e-09 -6.84409e-09 
6.04173e-09 -8.15431e-09 
-5.20089e-10 -4.76378e-09 
-7.15014e-10 -1.59379e-09 
8.135e-10 -5.10959e-09 
1.58338e-09 -4.91746e-09 
-2.10804e-09 -5.10873e-09 
6.58633e-10 -4.53075e-09 
-2.79928e-09 -4.60229e-09 
