1.236e-09 -4.6863e-09 
-1.88792e-09 -5.83578e-09 
-5.21188e-09 -5.79037e-09 
-2.67419e-10 -6.5725e-09 
-2.31697e-09 -6.1564e-09 
2.35281e-09 -5.75653e-09 
-1.40636e-10 -5.16194e-09 
1.75182e-10 -5.09339e-09 
-2.68449e-09 -2.98502e-09 
5.91623e-10 -4.62193e-09 
-8.52021e-10 -7.16148e-09 
6.31493e-09 -5.98828e-09 
9.83935e-11 -1.79853e-08 
6.63214e-11 -1.67283e-09 
-2.18978e-09 -2.92795e-09 
-2.9608e-09 -6.88446e-09 
2.11475e-10 -5.24441e-09 
-5.72909e-10 3.12412e-09 
-1.23397e-09 -7.52981e-09 
-3.96249e-10 -4.15761e-09 
-5.004e-10 -6.5272e-09 
-2.40325e-09 -5.44259e-09 
-5.45019e-09 -6.09088e-09 
-1.37658e-09 -4.70494e-09 
-3.76725e-10 -5.30912e-09 
1.03004e-09 -4.61527e-09 
5.60285e-09 -5.7365e-09 
-9.95426e-10 -1.34666e-08 
6.77157e-10 -3.13282e-08 
-1.22472e-09 -5.28739e-09 
-1.12558e-08 2.60172e-09 
-2.38671e-10 -5.42894e-09 
-1.58476e-08 -5.28335e-09 
-3.62714e-09 -1.02727e-08 
3.29752e-09 -1.25627e-08 
-8.54316e-10 -5.08129e-09 
-2.41231e-09 -5.39874e-09 
-7.93897e-10 -8.05751e-10 
-1.51805e-10 1.02709e-09 
5.44007e-09 -1.85598e-09 
-7.56245e-10 1.21269e-07 
-8.44537e-10 -7.3534e-09 
-3.28135e-08 -5.64314e-09 
-9.38632e-10 -2.95709e-09 
-5.9476e-10 -2.45554e-09 
4.73124e-10 -5.71319e-09 
1.68195e-09 -4.68212e-09 
2.04424e-10 -5.85075e-09 
1.35603e-09 -4.99774e-09 
1.59732e-09 -4.8331e-09 
