3.12082e-09 -5.23995e-09 
-1.76196e-09 -4.48573e-09 
-4.82296e-09 -5.66757e-09 
1.15978e-09 -7.3127e-09 
-1.84799e-09 -5.76014e-09 
2.13927e-10 -4.44072e-09 
1.34297e-09 -5.01392e-09 
2.10308e-09 -5.39663e-09 
8.9469e-10 -2.46311e-09 
3.67025e-09 -4.94193e-09 
-5.66547e-10 -5.63956e-09 
-4.32548e-09 -6.48417e-09 
-2.05693e-10 -1.14737e-08 
-3.2516e-09 -3.26128e-09 
-2.54994e-09 -7.6336e-09 
4.72052e-10 -2.33523e-09 
-2.65124e-09 -5.24236e-09 
-9.76469e-10 1.73961e-09 
-2.62887e-09 -6.67842e-09 
-3.85589e-10 -4.06102e-09 
-3.55919e-11 -6.28226e-09 
-1.9941e-09 -5.84347e-09 
-1.52051e-08 -5.95192e-09 
-1.23421e-09 -5.3422e-09 
-4.30104e-10 -5.29913e-09 
1.57626e-09 -4.33125e-09 
2.10279e-11 -5.17644e-09 
-1.91137e-09 -9.22353e-09 
7.37357e-10 -2.81462e-08 
-1.94067e-09 -5.27691e-09 
-5.96463e-09 -5.39238e-10 
-9.74301e-10 -5.3367e-09 
-2.19095e-08 -8.71858e-09 
-1.07077e-08 -2.52311e-09 
-9.91394e-10 -2.72671e-09 
-1.96074e-08 -5.10601e-09 
-6.8703e-10 -6.13016e-09 
-1.87244e-09 9.32807e-10 
-4.37836e-10 -7.44877e-09 
3.57227e-09 -5.7798e-10 
-2.26677e-09 7.11223e-08 
-7.76326e-10 -6.47473e-09 
-2.3823e-08 -5.56877e-09 
-1.41184e-09 -2.52088e-09 
-3.83297e-10 -6.23631e-09 
1.50225e-10 -5.17216e-09 
-2.12041e-09 -5.10711e-09 
1.2792e-09 -6.00158e-09 
2.29073e-09 -4.82194e-09 
2.60904e-09 -4.82703e-09 
