6.09759e-09 -5.42585e-09 
1.23382e-09 -6.29071e-09 
-7.58312e-10 -5.82458e-09 
2.51257e-10 1.99637e-10 
-1.02232e-09 -6.04461e-09 
-3.95038e-10 -7.08361e-09 
1.22065e-09 -5.32134e-09 
3.28662e-09 -9.66072e-09 
-2.49638e-09 -2.72559e-09 
-5.03731e-09 -5.36508e-09 
-1.11834e-09 -6.35633e-09 
3.72471e-09 -4.77861e-09 
-1.28028e-10 -1.33404e-08 
-4.81451e-09 -4.47777e-09 
-2.52739e-09 -1.11805e-09 
-2.92064e-09 -9.29322e-09 
-1.27258e-09 -5.26148e-09 
1.04134e-09 -1.97497e-10 
5.0571e-10 -8.13985e-09 
-4.12811e-10 -4.45014e-09 
-4.43593e-10 -6.95411e-09 
-2.47393e-09 -4.97082e-09 
-1.63408e-08 -5.72426e-09 
-1.22029e-09 -3.60831e-09 
-4.07535e-10 -5.22902e-09 
1.59122e-09 -4.34178e-09 
7.26382e-09 -5.3223e-09 
1.54839e-09 -3.62765e-09 
6.74858e-10 -2.90199e-08 
-2.47905e-09 -5.21531e-09 
3.09199e-09 -4.29968e-09 
1.76869e-09 -4.99483e-09 
-4.04598e-09 -8.64603e-09 
1.13093e-08 -6.93311e-09 
5.51321e-09 -1.55984e-08 
-1.03583e-08 -4.95727e-09 
-1.31691e-09 -5.00935e-09 
2.51131e-10 2.38196e-09 
-1.4123e-10 -5.27554e-09 
9.04194e-09 1.62054e-10 
-7.27849e-10 7.89244e-08 
-7.97777e-10 -7.64286e-09 
-3.44717e-09 -4.22992e-09 
-1.58983e-09 -2.88204e-09 
-3.30798e-10 -4.92353e-09 
3.85354e-10 -5.73327e-09 
4.61364e-09 -5.01615e-09 
1.39097e-09 -5.86534e-09 
1.69594e-09 -5.33544e-09 
4.4393e-09 -5.42725e-09 
