2.73782e-09 -4.89278e-09 
5.17137e-10 -4.98412e-09 
-4.14464e-09 -5.40207e-09 
1.44456e-09 -8.49518e-09 
-1.83673e-09 -5.16098e-09 
-1.34906e-09 -6.41363e-09 
7.36547e-10 -4.66957e-09 
2.04395e-09 -1.29301e-08 
1.19178e-09 -4.32269e-09 
-9.25251e-10 -4.52292e-09 
-8.4455e-10 -5.38396e-09 
-4.50139e-09 -6.69829e-09 
-3.34812e-10 -1.22714e-08 
-3.25819e-10 -3.46969e-09 
-1.42592e-09 -6.9001e-09 
4.69972e-09 3.77231e-10 
-3.98665e-09 -5.26441e-09 
-2.02948e-09 -1.3737e-09 
-1.05317e-09 -4.21433e-09 
-4.68493e-10 -5.37036e-09 
-4.11074e-10 -6.49635e-09 
-9.99716e-10 -5.60112e-09 
-8.56017e-09 -5.38683e-09 
-3.52704e-10 -4.80388e-09 
-4.29159e-10 -5.30301e-09 
-8.28631e-10 -3.90773e-09 
-2.20979e-10 -5.18826e-09 
-4.15169e-09 -2.14457e-08 
-3.11551e-12 -1.87999e-08 
-8.2478e-10 -5.29841e-09 
-1.5269e-08 -2.37049e-09 
1.60707e-09 -5.50407e-09 
-1.55516e-08 -8.26404e-09 
-5.64315e-09 -7.26601e-09 
-2.86938e-09 1.22317e-08 
-1.09358e-08 -5.47068e-09 
-7.18128e-10 -6.45801e-09 
-2.81218e-09 -8.91337e-09 
-5.59385e-10 -5.96151e-09 
2.02735e-09 -4.02506e-09 
-2.26418e-09 8.78003e-08 
-1.07825e-09 -5.20105e-09 
-1.23943e-08 -4.91379e-09 
4.14746e-10 -4.15714e-09 
-6.3119e-10 -7.72378e-09 
-1.79739e-10 -5.3155e-09 
8.89064e-09 -4.02929e-09 
7.40145e-10 -5.85215e-09 
-1.60372e-09 -4.5941e-09 
4.36766e-09 -4.8223e-09 
