-9.69106e-06 4.00374e-05 
0.00260082 5.0525e-05 
4.25187e-05 8.76735e-05 
-2.7024e-05 -4.55619e-06 
-1.84768e-05 6.31812e-05 
-6.44792e-05 4.99041e-05 
0.00025444 6.66111e-05 
-0.000127564 4.04072e-05 
-4.93046e-05 0.000100159 
-2.28852e-07 5.45403e-05 
0.000450222 3.8864e-05 
4.37063e-06 6.06304e-05 
-5.70662e-05 6.23702e-05 
8.40212e-05 -0.000211608 
-5.32655e-05 1.37842e-05 
-1.1794e-05 6.56646e-05 
-2.8587e-05 0.000148763 
-5.65688e-05 3.68715e-06 
-1.93284e-05 4.52617e-05 
-3.97855e-05 3.60364e-05 
