4.57118e-09 -5.01168e-09 
2.00293e-09 -4.74187e-09 
-5.13703e-10 -5.98366e-09 
5.35543e-09 -3.00609e-09 
-1.49063e-09 -5.61917e-09 
-3.37741e-09 -6.62226e-09 
1.60629e-09 -4.87044e-09 
4.58445e-09 -1.03375e-08 
-2.41057e-09 -5.08256e-09 
1.03023e-09 -4.53735e-09 
2.3366e-09 -6.01678e-09 
-3.54953e-09 -6.1421e-09 
-1.68932e-09 -2.14152e-08 
3.64645e-09 -3.9699e-09 
3.34447e-09 -3.95826e-09 
-1.92079e-09 -5.37428e-09 
1.15817e-09 -4.805e-09 
2.34948e-09 5.56334e-09 
-1.72204e-09 -1.05315e-08 
2.08728e-09 -4.70404e-09 
2.67764e-09 -7.85945e-09 
3.59343e-09 -4.95377e-09 
-3.69302e-08 -5.14634e-09 
8.49657e-10 -3.43893e-09 
-1.46759e-09 -4.83967e-09 
8.42178e-10 -5.54299e-09 
4.63552e-09 -5.46063e-09 
4.68336e-09 -2.81434e-09 
1.73141e-09 -3.91778e-08 
4.10668e-10 -4.92328e-09 
-1.7068e-08 -2.10482e-09 
8.45186e-11 -4.5632e-09 
-2.77677e-09 -1.05242e-08 
7.54485e-09 -3.42635e-09 
-1.10833e-09 2.40998e-08 
-1.64598e-08 -4.64297e-09 
-3.38381e-09 -5.27622e-09 
4.13786e-09 -6.20763e-09 
6.16075e-10 -5.10606e-09 
6.67135e-09 -2.16069e-09 
8.17429e-10 2.66697e-08 
1.99123e-09 -5.74505e-09 
-1.04998e-08 -8.13549e-09 
-1.34206e-09 -3.59147e-09 
1.78891e-10 -7.91861e-09 
1.87237e-09 -5.04445e-09 
7.91261e-09 -3.7074e-09 
2.68253e-09 -4.36558e-09 
-4.28292e-09 -4.69756e-09 
2.35859e-10 -5.88945e-09 
