3.81365e-09 -5.20155e-09 
1.79593e-09 -3.98792e-09 
8.58305e-10 -5.64398e-09 
1.76262e-09 4.66318e-09 
2.20789e-09 -4.53904e-09 
6.06511e-10 -6.05857e-09 
4.52508e-09 -4.9883e-09 
2.17157e-09 -1.17334e-09 
-2.89597e-11 -2.79057e-09 
4.8314e-09 -4.86347e-09 
2.72945e-09 -5.06687e-09 
1.02425e-08 -6.22902e-09 
1.74828e-09 -1.26393e-08 
-2.54095e-09 -4.64814e-09 
5.12282e-09 -2.27942e-09 
4.10267e-10 -6.16991e-09 
1.14513e-09 -4.74268e-09 
3.42817e-09 -8.70701e-09 
-5.59282e-10 -5.62085e-09 
6.80373e-10 -4.03745e-09 
4.01241e-09 -8.45161e-09 
6.64702e-09 -4.49843e-09 
-4.64107e-09 -5.39907e-09 
2.96407e-09 -3.15528e-09 
3.0773e-09 -4.80701e-09 
5.43181e-09 -4.75755e-09 
4.49214e-09 -5.63255e-09 
4.2518e-09 2.46103e-09 
1.64245e-09 -2.11711e-08 
4.21238e-10 -4.80483e-09 
-1.27719e-08 -4.59322e-09 
4.06505e-09 -4.86099e-09 
7.55984e-09 -8.05963e-09 
-5.93152e-09 -1.60132e-08 
-4.15882e-09 -1.13267e-08 
-2.99324e-08 -4.47073e-09 
3.93998e-09 -4.68881e-09 
7.22543e-09 -6.21307e-09 
1.88408e-09 -4.15055e-09 
1.867e-09 -3.25386e-09 
-1.3378e-09 -5.88589e-10 
2.01052e-09 -4.13734e-09 
-7.17066e-09 -1.05706e-08 
-3.3954e-09 -2.97065e-09 
2.31943e-09 -3.66584e-09 
8.99775e-10 -6.31655e-09 
4.36757e-09 -3.88227e-09 
5.44829e-10 -5.84571e-09 
3.56483e-09 -4.98325e-09 
1.25386e-09 -4.66466e-09 
