-4.14379e-05 -1.12981e-06 
-0.000652888 0.000264019 
0.000476211 6.78375e-05 
-2.12744e-05 5.50645e-05 
-3.37843e-05 5.77961e-06 
8.50694e-06 -7.11742e-05 
-0.000196837 2.37108e-06 
1.99703e-05 3.66397e-05 
-1.98816e-05 -7.38266e-05 
-8.03072e-05 8.27611e-06 
-0.000306178 -3.69154e-05 
-3.22406e-05 -4.09749e-05 
-1.12126e-05 -2.1407e-05 
-2.51918e-05 9.50069e-05 
-3.11427e-05 1.59661e-05 
-4.40091e-05 -1.15767e-05 
-3.41008e-05 -5.80629e-05 
-2.48279e-05 -2.60035e-05 
-2.14101e-05 4.96519e-05 
-6.12323e-05 -4.42034e-06 
