2.52832e-09 -5.12223e-09 
2.82837e-09 -5.07138e-09 
1.40412e-09 -5.17749e-09 
2.80324e-09 -1.2144e-09 
1.19025e-09 -4.82689e-09 
6.6134e-11 -6.31911e-09 
8.67839e-10 -4.92645e-09 
3.53981e-09 -8.96499e-09 
-2.64835e-09 -5.20822e-09 
2.13795e-09 -4.84784e-09 
2.67532e-09 -5.13846e-09 
7.47199e-09 -5.64392e-09 
5.46212e-10 -1.9042e-08 
-5.36468e-09 -4.87145e-09 
2.7083e-09 -3.3339e-09 
-1.74816e-09 -5.2707e-09 
-1.618e-09 -4.96534e-09 
4.45135e-09 -2.59282e-10 
1.76369e-09 -1.04848e-08 
2.43867e-09 -4.28004e-09 
3.76496e-09 -7.65274e-09 
4.08029e-09 -5.27053e-09 
-1.44456e-08 -5.57595e-09 
3.7471e-09 -3.9022e-09 
-6.98013e-10 -4.77285e-09 
3.6767e-09 -5.12363e-09 
3.48036e-09 -5.61249e-09 
5.75305e-09 -1.98775e-09 
2.20015e-09 -1.30844e-08 
1.10884e-09 -4.73673e-09 
-4.90124e-09 -2.3354e-09 
2.95218e-09 -4.93697e-09 
1.3906e-09 -5.24787e-09 
-6.92063e-10 -1.98407e-08 
-4.63367e-09 3.06583e-09 
-1.34447e-08 -4.8545e-09 
-1.38054e-10 -5.1522e-09 
2.65742e-09 -6.15055e-09 
-1.88561e-09 -4.73617e-09 
3.18621e-09 -1.39191e-09 
2.66108e-09 -9.08863e-09 
2.79743e-09 -4.69515e-09 
-3.90822e-09 -1.20328e-08 
2.08751e-09 -4.47085e-09 
1.6555e-09 -6.85078e-09 
4.53522e-11 -6.12925e-09 
7.10911e-09 -2.64264e-09 
4.83943e-09 -6.43672e-09 
6.14926e-09 -4.8203e-09 
4.37742e-10 -5.93942e-09 
