2.01589e-09 -5.06394e-09 
1.32945e-09 -5.42738e-09 
2.88035e-09 -4.39219e-09 
7.0418e-10 1.11521e-09 
5.09417e-09 -4.60702e-09 
1.65006e-10 -6.48144e-09 
3.59573e-09 -4.89669e-09 
3.94915e-09 -4.31337e-09 
2.98428e-09 -1.58358e-09 
7.46129e-09 -5.22248e-09 
2.88394e-09 -4.16553e-09 
8.80062e-09 -5.78387e-09 
2.33961e-09 -1.33675e-08 
-1.01378e-08 -5.05131e-09 
3.66967e-09 -3.77935e-09 
3.35388e-09 -5.38771e-09 
-4.18844e-09 -5.42232e-09 
-5.1336e-09 -5.55852e-09 
-5.17052e-09 -6.80447e-09 
3.06708e-09 -4.38589e-09 
4.19626e-09 -1.75461e-09 
-6.19184e-09 -5.4218e-09 
-8.94163e-09 -5.17438e-09 
8.9566e-09 -3.7685e-09 
3.7803e-09 -5.16072e-09 
2.4241e-09 -4.76399e-09 
2.57822e-09 -6.00337e-09 
2.84108e-09 1.70754e-09 
2.63149e-09 -2.84096e-08 
1.10705e-09 -4.75849e-09 
-2.18925e-09 -2.84134e-09 
4.61575e-09 -4.95868e-09 
7.31111e-09 -8.69137e-09 
-8.7027e-10 -1.87801e-08 
3.02906e-09 -2.03445e-08 
1.72035e-08 -5.21799e-09 
-1.5436e-09 -4.54972e-09 
1.36556e-09 -4.71089e-09 
7.92059e-09 -2.09386e-09 
1.01832e-09 -8.03609e-09 
2.89058e-09 -2.07959e-08 
2.51464e-09 -6.52907e-09 
7.77328e-09 -1.72169e-09 
-1.86898e-09 -3.84842e-09 
2.37905e-09 -6.99993e-09 
2.92238e-09 -6.24603e-09 
3.26989e-09 -3.5737e-09 
-1.53454e-10 -4.93957e-09 
7.16482e-09 -5.14398e-09 
-1.11181e-10 -4.92929e-09 
