0.191466 1.34719 
1.03121 1.48007 
0.0763276 2.58255 
1.82662 0.778881 
-0.511555 0.0953268 
0.363317 1.33696 
-0.0936515 1.14842 
0.46018 1.04773 
0.658759 1.28541 
-0.470545 -0.470292 
-1.38744 2.71915 
-0.769845 1.41921 
0.13337 1.03058 
0.602072 1.63633 
-0.573885 1.12652 
0.51932 0.437088 
1.73134 2.58646 
0.0558266 0.948831 
0.0253427 0.422156 
0.525925 1.5305 
-0.317763 -0.389774 
0.757806 0.84039 
0.424958 -1.7224 
0.355289 1.09093 
0.583531 1.45585 
0.492036 4.06635 
1.39224 -1.99645 
-3.292 -0.395936 
0.349574 2.0818 
0.334072 1.6081 
0.471542 1.78853 
-0.177574 -0.547273 
0.0447282 1.46068 
0.110207 1.615 
-0.265593 1.22312 
0.158465 1.23519 
-0.000787968 1.53437 
0.341134 -1.94182 
-0.385743 1.03541 
0.247783 1.60351 
-1.63663 1.38576 
0.841546 0.564993 
0.203133 -1.06439 
0.00253748 1.70057 
-0.566801 1.49661 
0.905859 3.75944 
1.45416 0.779817 
-1.74429 -0.00202761 
0.406493 1.59018 
-1.32207 0.19809 
