2.41119e-09 -4.83212e-09 
2.35273e-09 -4.09784e-09 
2.91208e-09 -3.77275e-09 
7.26747e-10 1.26217e-09 
4.26826e-09 -4.47433e-09 
4.32555e-09 -2.38965e-09 
3.79893e-09 -4.93421e-09 
7.57006e-09 -4.2921e-09 
-2.81129e-09 -2.80018e-09 
2.2793e-09 -4.95186e-09 
2.93638e-09 -3.8688e-09 
3.2897e-09 -6.68182e-09 
-5.26094e-10 -1.47386e-08 
5.89051e-10 -5.06801e-09 
-1.2538e-10 -4.78677e-09 
-2.80515e-09 -4.90531e-09 
-8.03603e-09 -5.0184e-09 
-9.2082e-09 6.16421e-10 
-3.07189e-09 -3.1129e-09 
3.22783e-09 -4.49961e-09 
4.67271e-09 -7.30708e-09 
-3.08439e-09 -6.10351e-09 
-1.03939e-08 -4.98526e-09 
-6.60202e-09 -3.77581e-09 
5.03428e-09 -5.02914e-09 
4.01868e-09 -5.20552e-09 
2.13676e-09 -5.22177e-09 
1.9534e-09 6.19292e-10 
4.73063e-09 -1.94897e-08 
2.24602e-09 -4.73163e-09 
-5.70337e-09 -1.33538e-08 
3.00413e-09 -5.04951e-09 
-9.54088e-09 -7.47662e-09 
3.4326e-09 -6.96541e-09 
1.71177e-08 4.17102e-09 
2.67779e-09 -5.02054e-09 
4.2772e-09 -4.13238e-09 
2.17842e-09 -4.46488e-09 
9.8228e-09 -1.94579e-09 
7.38609e-09 -7.94392e-10 
2.98678e-09 -7.65716e-09 
2.60382e-09 -5.7575e-09 
5.42335e-09 -2.42433e-09 
4.05499e-09 -4.41482e-09 
2.256e-09 -4.21819e-09 
-2.18486e-10 -6.0813e-09 
-1.91961e-10 -2.51329e-09 
1.27092e-09 -6.305e-09 
3.31935e-09 -5.0519e-09 
2.91444e-09 -5.52258e-09 
