0.143072 1.0244 
-0.0350916 1.63008 
1.75078 1.81569 
2.40641 0.696004 
-0.727606 1.87596 
0.267257 0.642528 
3.31365 2.06017 
0.745734 1.48906 
1.81884 1.56805 
1.00668 0.413142 
2.1075 0.560765 
1.40866 1.58579 
0.094799 2.44695 
0.524514 1.68709 
-0.0599983 1.00059 
0.821571 -0.499194 
0.390051 1.5923 
0.227527 0.885184 
-0.321189 1.8324 
0.426803 1.48676 
-0.103852 -2.52294 
0.796384 -0.43863 
1.93634 1.40055 
0.394978 0.880956 
0.682195 1.90075 
0.549269 -1.09853 
2.72481 5.39816 
9.41112 -0.278515 
2.51779 0.468831 
-0.257825 0.962589 
0.888314 1.82529 
-0.224287 -3.18053 
0.766924 1.07737 
0.313752 2.32597 
-0.250734 1.47428 
0.329963 1.10403 
0.498639 1.05158 
1.41838 -3.40629 
2.51873 0.929174 
0.200057 1.23424 
0.810843 1.655 
-0.263533 1.62031 
0.165655 -0.596418 
0.213609 1.3454 
-0.970931 1.77185 
0.694132 1.98639 
0.289112 1.2496 
0.367186 -0.506419 
-0.498905 1.59106 
0.13303 -0.838218 
