2.51913e-09 -4.84559e-09 
1.79252e-09 -4.333e-09 
2.82778e-09 -4.24361e-09 
2.06159e-09 -1.11519e-10 
3.60239e-09 -4.58031e-09 
5.40428e-09 -4.53563e-09 
3.85733e-09 -4.93714e-09 
5.84872e-09 -4.90663e-09 
-7.74576e-09 -4.95673e-09 
3.55288e-09 -4.85262e-09 
2.85473e-09 -6.89497e-09 
2.61036e-09 -7.3921e-09 
3.11789e-09 -1.25737e-08 
-2.05721e-08 -4.91471e-09 
-2.28136e-09 -5.23041e-09 
-8.08599e-09 -5.48204e-09 
-1.47267e-09 -4.91874e-09 
-9.32227e-09 2.98525e-09 
1.09323e-08 -1.98262e-09 
2.5559e-09 -5.15039e-09 
7.03867e-10 -7.84078e-09 
5.05127e-10 -5.39916e-09 
-6.16005e-10 -5.03401e-09 
1.0747e-08 -4.09038e-09 
1.85066e-09 -5.03284e-09 
-2.51072e-10 -4.98783e-09 
2.74688e-09 -4.73256e-09 
3.5604e-09 4.21163e-09 
-3.0406e-10 1.18672e-08 
4.3176e-11 -4.85886e-09 
9.64153e-10 -4.01733e-09 
2.75388e-09 -4.85909e-09 
-9.20036e-09 -9.32789e-09 
3.88285e-09 -1.23587e-08 
1.08776e-09 4.58443e-09 
2.01603e-08 -5.54028e-09 
3.70497e-09 -4.8044e-09 
2.55528e-09 -5.20124e-09 
3.78358e-09 -4.00964e-09 
6.48436e-09 2.9103e-09 
2.81602e-09 -1.31005e-08 
2.99769e-09 -6.30675e-09 
1.01708e-08 -4.41249e-09 
6.9243e-09 -4.88152e-09 
2.42213e-09 -4.74929e-09 
3.60395e-09 -7.32869e-09 
4.55728e-09 -3.75196e-09 
9.06934e-10 -5.55263e-09 
4.11715e-09 -5.2277e-09 
1.30721e-09 -4.58052e-09 
