2.80629e-09 -4.92995e-09 
1.87515e-09 -5.31975e-09 
2.72746e-09 -4.36863e-09 
9.07145e-10 -4.64552e-09 
1.43267e-09 -5.07542e-09 
4.15893e-10 -4.5019e-09 
3.90559e-09 -4.83492e-09 
3.4541e-09 -4.77966e-09 
5.87623e-09 -5.55306e-09 
1.01733e-08 -4.91098e-09 
2.75215e-09 -2.11532e-09 
5.35268e-09 -7.23325e-09 
-1.62783e-09 -1.16138e-08 
-9.65812e-10 -4.9122e-09 
5.05271e-09 -5.03154e-09 
1.01642e-08 -7.95686e-09 
-1.36857e-09 -5.41208e-09 
8.55241e-09 1.04064e-10 
1.37181e-09 -4.50087e-09 
2.34571e-09 -3.41238e-09 
3.29719e-09 -2.99283e-09 
-6.51087e-09 -4.87981e-09 
1.23211e-09 -4.72424e-09 
-9.01661e-09 -4.72183e-09 
-3.71022e-11 -4.84562e-09 
2.86442e-09 -5.27317e-09 
2.73793e-09 -4.46712e-09 
4.58905e-09 -6.69927e-09 
4.40072e-09 -1.65735e-08 
8.63319e-10 -4.76177e-09 
5.56773e-09 -1.50528e-09 
3.30858e-09 -5.13787e-09 
9.28626e-09 -7.67189e-09 
1.11079e-09 6.26283e-09 
2.63561e-09 -3.83093e-10 
-6.00163e-08 -4.77284e-09 
3.19704e-09 -4.92631e-09 
3.30227e-09 -5.51226e-09 
5.42471e-09 -5.29095e-09 
3.65049e-09 -8.23227e-09 
2.88014e-09 -1.96947e-08 
3.62155e-09 -5.27816e-09 
3.70206e-09 -4.91143e-09 
1.46304e-09 -4.28345e-09 
3.26804e-09 -3.64714e-09 
-2.78507e-09 -4.06101e-09 
9.22206e-09 -5.09265e-09 
1.06511e-09 -6.01238e-09 
7.0297e-09 -4.88588e-09 
5.12838e-09 -5.58713e-09 
