2.56313e-09 -4.82554e-09 
3.4136e-09 -3.9375e-09 
2.81611e-09 -4.66951e-09 
2.28242e-09 -2.47127e-09 
3.94449e-09 -4.53442e-09 
5.73722e-09 -5.58262e-09 
8.80373e-10 -4.9192e-09 
2.69477e-09 -4.80432e-09 
-1.08118e-08 -9.14222e-10 
-5.35941e-10 -4.87136e-09 
2.75298e-09 -6.55736e-09 
4.24926e-09 -5.41196e-09 
5.03142e-09 -4.44944e-09 
-9.2063e-09 -5.00379e-09 
-2.9491e-09 -3.83788e-09 
-6.69115e-09 -5.19174e-09 
-1.54469e-09 -4.93588e-09 
-6.55302e-09 3.23818e-09 
1.78167e-08 -3.97466e-09 
5.47714e-09 -4.36286e-09 
3.28114e-09 -4.96554e-09 
4.88921e-10 -5.65818e-09 
2.18644e-10 -5.12479e-09 
7.4931e-09 -4.30155e-09 
4.67061e-09 -5.00761e-09 
1.13339e-09 -4.91267e-09 
2.75275e-09 -5.22004e-09 
3.50231e-09 3.35545e-09 
1.75128e-09 1.8146e-09 
1.47967e-09 -4.83203e-09 
-3.50924e-10 -8.62863e-09 
2.80576e-09 -4.82006e-09 
-1.20412e-08 -4.29113e-09 
3.40346e-09 -2.44128e-09 
2.12059e-09 3.41474e-11 
2.70678e-08 -5.48018e-09 
2.78329e-09 -4.67943e-09 
2.7632e-09 -5.5125e-09 
4.39705e-09 7.16032e-11 
5.95653e-09 -2.0415e-09 
2.87794e-09 -1.07378e-08 
2.75943e-09 -6.74888e-09 
6.10009e-09 -6.33766e-09 
4.67064e-09 -5.27356e-09 
2.13463e-09 -4.05969e-09 
3.63723e-09 -6.25612e-09 
-3.99159e-09 -3.97691e-09 
3.3963e-09 -4.75057e-09 
3.18254e-09 -4.97322e-09 
1.17858e-08 -4.85271e-09 
