2.79907e-09 -4.89198e-09 
3.45637e-09 -4.40296e-09 
2.82533e-09 -4.41049e-09 
1.6348e-09 -3.98635e-09 
3.46409e-09 -4.90819e-09 
3.62712e-09 -4.83806e-09 
1.357e-09 -4.86044e-09 
3.56609e-09 -4.84692e-09 
-1.26578e-09 -5.38302e-09 
3.73585e-09 -4.89114e-09 
2.71174e-09 -6.94124e-09 
1.71531e-09 -4.83219e-09 
3.08877e-09 -1.39619e-08 
-4.04896e-09 -4.89262e-09 
-2.43185e-09 -4.33104e-09 
-8.91659e-09 -7.12866e-09 
4.51476e-09 -4.95401e-09 
-5.10356e-09 9.85433e-09 
2.36246e-08 1.03639e-09 
1.91064e-09 -3.94087e-09 
2.34657e-09 -2.45131e-09 
1.03408e-09 -5.31178e-09 
-1.39276e-09 -4.74487e-09 
-2.59445e-10 -4.40289e-09 
2.03707e-09 -4.95968e-09 
1.56601e-09 -4.75281e-09 
2.73828e-09 -4.77488e-09 
3.83065e-09 1.08872e-09 
2.38262e-09 -4.47146e-09 
-7.34966e-10 -4.73185e-09 
3.25186e-09 -4.73255e-09 
3.20301e-09 -4.90199e-09 
-5.40003e-10 -8.75902e-09 
3.8533e-09 -3.27969e-09 
1.92084e-09 3.03075e-10 
6.17975e-08 -4.982e-09 
2.02143e-09 -5.01492e-09 
4.88597e-09 -5.60396e-09 
2.83849e-09 1.24608e-09 
7.82442e-09 6.259e-10 
2.79872e-09 -1.09208e-08 
2.23653e-09 -3.95084e-09 
7.05694e-09 -7.92575e-09 
3.00152e-09 -4.75842e-09 
2.48743e-09 -4.57147e-09 
3.63977e-09 -6.09987e-09 
4.13096e-09 -5.01775e-09 
1.14819e-09 -4.065e-09 
4.70351e-09 -4.88263e-09 
7.59396e-09 -5.45785e-09 
