2.82706e-09 -4.91585e-09 
9.60782e-10 -4.22348e-09 
2.73824e-09 -4.83942e-09 
3.01664e-09 -2.61568e-11 
1.68645e-09 -4.42459e-09 
2.49923e-09 -4.38485e-09 
2.04784e-09 -4.90861e-09 
3.12262e-09 -4.83058e-09 
2.50522e-10 -5.00502e-09 
4.7934e-09 -4.89207e-09 
2.76993e-09 -3.62359e-09 
6.92968e-09 -6.43426e-09 
-2.7673e-10 -6.91779e-09 
8.62417e-10 -5.04498e-09 
2.44477e-09 -4.75925e-09 
4.18584e-09 -5.19944e-09 
-9.98607e-09 -5.05819e-09 
-7.22716e-10 -4.77038e-09 
-5.64712e-09 -6.40486e-09 
3.55607e-09 -4.75502e-09 
3.4663e-09 -3.76969e-09 
-4.86686e-09 -5.44921e-09 
2.35775e-09 -5.07336e-09 
-4.35644e-09 -4.30407e-09 
1.94935e-09 -4.98485e-09 
1.57331e-09 -5.33898e-09 
2.74024e-09 -4.61555e-09 
5.58778e-09 7.51082e-10 
2.0482e-09 -1.28741e-08 
1.18604e-09 -4.93404e-09 
2.85379e-09 -3.909e-09 
3.58542e-09 -4.97913e-09 
1.94928e-09 -7.32165e-09 
8.36357e-10 3.15329e-09 
6.10807e-09 -7.32209e-09 
-7.58269e-08 -5.18415e-09 
4.95e-09 -4.81766e-09 
1.12116e-09 -5.20374e-09 
4.55971e-09 -9.33356e-09 
3.23698e-09 -8.68689e-09 
2.87671e-09 1.83137e-09 
3.85491e-09 -6.70498e-09 
6.58967e-09 -5.25168e-09 
1.00928e-09 -4.14322e-09 
3.0729e-09 -4.15959e-09 
4.65131e-10 -5.74837e-09 
8.23909e-09 -5.02436e-09 
2.3899e-09 -5.79348e-09 
5.21997e-09 -4.94994e-09 
3.22183e-09 -5.31446e-09 
