2.67121e-09 -4.88255e-09 
3.00544e-09 -4.46002e-09 
2.7763e-09 -4.17279e-09 
4.40442e-10 -3.72637e-09 
3.10261e-09 -5.07579e-09 
3.54242e-09 -5.0411e-09 
2.04621e-09 -4.85883e-09 
5.10376e-09 -4.80925e-09 
-2.51848e-09 -2.83208e-09 
4.89486e-09 -4.88009e-09 
3.03914e-09 -6.3439e-09 
2.60205e-09 -4.4066e-09 
1.99914e-09 -5.85944e-09 
-1.20892e-08 -4.86235e-09 
1.03355e-09 -4.36402e-09 
-5.26081e-09 -6.56483e-09 
1.17244e-08 -5.02995e-09 
2.38331e-09 -2.31731e-09 
1.21498e-08 -1.22117e-09 
3.92164e-09 -4.07937e-09 
2.87593e-09 -2.63606e-09 
5.15809e-09 -5.43968e-09 
-7.44565e-10 -4.8029e-09 
2.79152e-09 -4.98991e-09 
2.62378e-09 -4.95542e-09 
5.94055e-10 -5.04004e-09 
2.73995e-09 -4.92491e-09 
4.37128e-09 8.14655e-10 
2.70435e-09 -3.26117e-09 
-2.30383e-09 -4.85629e-09 
1.81234e-09 -6.29846e-09 
2.88948e-09 -4.91632e-09 
-4.36066e-09 -5.95026e-09 
1.0895e-09 -2.87229e-09 
1.49256e-10 -4.96327e-09 
6.67896e-09 -5.04509e-09 
1.28356e-09 -4.96404e-09 
5.05677e-09 -5.66736e-09 
2.47579e-09 -1.48132e-09 
4.48645e-09 -3.6486e-09 
2.78605e-09 -2.11435e-08 
2.82773e-09 -4.50621e-09 
4.50502e-09 -5.17556e-09 
3.26259e-09 -4.62081e-09 
2.48922e-09 -4.61772e-09 
1.27957e-09 -5.55825e-09 
-4.41715e-09 -3.82435e-09 
8.93487e-10 -5.44413e-09 
2.5411e-09 -4.89573e-09 
7.24575e-09 -5.40596e-09 
