2.71973e-09 -4.9066e-09 
2.27275e-09 -4.80241e-09 
2.77442e-09 -3.88464e-09 
2.22475e-09 -4.24461e-09 
2.85149e-09 -5.41414e-09 
3.18069e-09 -4.63232e-09 
2.862e-09 -4.88146e-09 
6.24229e-09 -4.8076e-09 
1.50109e-09 -5.40091e-09 
5.83219e-09 -4.88668e-09 
2.70624e-09 -4.3031e-09 
1.00358e-09 -5.15034e-09 
5.50594e-10 -1.11908e-08 
-1.98744e-08 -4.84928e-09 
-2.05241e-10 -4.35715e-09 
-5.31786e-09 -5.61404e-09 
1.20436e-08 -5.24831e-09 
6.95846e-09 -8.05174e-10 
2.43382e-09 -5.74806e-09 
2.91257e-09 -5.05379e-09 
2.12605e-09 -3.42912e-09 
1.34739e-09 -5.18029e-09 
4.76333e-09 -4.6995e-09 
-1.26703e-09 -4.96208e-09 
1.69773e-09 -4.8949e-09 
-1.20809e-09 -4.89866e-09 
2.74337e-09 -4.84391e-09 
3.51268e-09 -1.01585e-10 
1.87559e-09 -3.79723e-09 
4.79005e-09 -4.74786e-09 
3.17778e-09 -3.05616e-09 
2.53035e-09 -4.78309e-09 
-5.22126e-09 -8.12133e-09 
4.5811e-09 -2.59761e-09 
1.9225e-09 3.39284e-09 
2.76648e-08 -5.05288e-09 
-1.12217e-09 -5.07626e-09 
4.58346e-09 -5.53269e-09 
4.08796e-09 -2.60913e-09 
4.05046e-09 3.41819e-09 
2.71784e-09 -3.07651e-08 
2.68012e-09 -5.60757e-09 
7.09999e-09 -8.89897e-09 
3.21184e-09 -4.67822e-09 
2.95194e-09 -3.44892e-09 
2.14858e-09 -6.37462e-09 
1.67451e-08 -4.68518e-09 
1.94394e-09 -6.17816e-09 
4.04792e-09 -4.89628e-09 
9.1488e-09 -5.70569e-09 
