3.44962e-05 -1.49585e-05 
5.96431e-05 2.19744e-06 
0.000281272 -1.21187e-05 
-5.25032e-06 -2.79478e-05 
1.55217e-05 -3.19034e-05 
3.59084e-05 -2.9095e-05 
0.000221225 7.87183e-05 
-1.11239e-05 -4.05081e-05 
4.1323e-06 -7.94811e-05 
2.96767e-05 -4.99412e-05 
5.97811e-05 -2.71611e-05 
-8.68655e-06 -2.88148e-05 
3.86872e-05 -1.03766e-05 
-1.01918e-05 -9.49674e-05 
6.98782e-06 -2.77589e-05 
6.41055e-05 -5.15215e-05 
9.78613e-06 -3.03985e-05 
-2.16845e-05 -0.000115863 
2.73913e-05 -0.000206747 
-1.12937e-05 -3.8008e-05 
