2.78796e-09 -4.88733e-09 
1.92622e-09 -4.22273e-09 
2.77022e-09 -3.87774e-09 
2.09127e-09 -3.99984e-09 
2.1392e-09 -4.91231e-09 
3.27872e-09 -4.23013e-09 
3.23903e-09 -4.89984e-09 
6.19548e-09 -4.84754e-09 
7.92742e-10 -4.48397e-09 
6.17284e-09 -4.89215e-09 
2.76581e-09 -4.36789e-09 
6.93345e-09 -6.46137e-09 
1.0858e-09 -1.30444e-08 
3.30285e-09 -4.90309e-09 
3.58606e-09 -5.05394e-09 
1.25706e-10 -4.87838e-09 
-1.35841e-08 -5.15231e-09 
-7.96561e-09 1.86411e-09 
3.2436e-10 -4.68852e-09 
2.31017e-09 -4.9524e-09 
2.69378e-09 -4.97424e-09 
-1.28235e-09 -4.93692e-09 
2.6874e-09 -4.96288e-09 
-6.97433e-09 -4.29623e-09 
1.47287e-09 -4.99222e-09 
2.68348e-09 -4.9995e-09 
2.74843e-09 -4.67878e-09 
2.84119e-09 -1.15996e-09 
1.76125e-09 -5.79555e-09 
2.27318e-09 -4.82379e-09 
3.93524e-09 -3.25248e-10 
2.36177e-09 -4.92874e-09 
-5.54974e-09 -7.12225e-09 
2.66935e-09 -1.19982e-09 
3.4994e-09 -6.29307e-09 
1.29695e-08 -5.14488e-09 
6.19224e-09 -4.75979e-09 
1.86191e-09 -4.95806e-09 
5.62959e-09 -5.99617e-09 
3.22097e-09 1.5532e-09 
2.67801e-09 -1.60956e-09 
3.37298e-09 -7.60692e-09 
6.7125e-09 -6.32756e-09 
9.68993e-10 -4.28174e-09 
2.99051e-09 -3.58189e-09 
1.28475e-09 -4.25762e-09 
2.65905e-08 -3.89617e-09 
3.45656e-09 -5.02005e-09 
6.74429e-09 -4.96975e-09 
1.0061e-08 -5.37258e-09 
