2.68119e-09 -4.89931e-09 
2.51615e-09 -4.76547e-09 
2.7803e-09 -4.38036e-09 
2.71203e-09 -8.17881e-09 
2.52429e-09 -4.64471e-09 
3.66297e-09 -4.12866e-09 
3.24838e-09 -4.87687e-09 
5.05293e-09 -4.68055e-09 
-1.88275e-10 -5.56604e-09 
3.1145e-09 -4.88471e-09 
2.74597e-09 -5.26664e-09 
2.61771e-09 -5.96113e-09 
1.9325e-09 -1.3764e-08 
-2.84766e-08 -4.92688e-09 
-1.67208e-09 -4.47162e-09 
-2.61715e-09 -6.58288e-09 
-1.0005e-08 -4.81581e-09 
6.56415e-09 -7.27304e-09 
4.55218e-09 -4.68294e-09 
2.57988e-09 -6.50839e-09 
2.42556e-09 -2.54988e-09 
1.84975e-09 -4.80784e-09 
-5.623e-10 -4.94588e-09 
-2.6246e-09 -4.56928e-09 
5.9603e-10 -4.9877e-09 
-7.17657e-10 -5.1342e-09 
2.73329e-09 -4.97905e-09 
6.70257e-09 4.00656e-09 
1.9813e-09 -1.18882e-08 
8.55578e-10 -4.78181e-09 
1.80246e-09 -3.65316e-09 
2.77333e-09 -4.61112e-09 
-8.03389e-11 -6.41329e-09 
3.25751e-09 -2.37553e-09 
2.45979e-09 -1.06176e-09 
1.14539e-08 -4.89438e-09 
1.47843e-09 -4.83028e-09 
5.0167e-09 -5.55073e-09 
3.00735e-09 -2.81076e-09 
3.57338e-09 -3.38094e-09 
2.82732e-09 -3.29198e-08 
2.60545e-09 -4.45717e-09 
6.93169e-09 -6.43698e-09 
3.99262e-09 -5.46576e-09 
2.6595e-09 -4.86377e-09 
5.13997e-10 -6.8211e-09 
-1.14296e-08 -4.80984e-09 
1.34163e-09 -7.09525e-09 
3.80222e-09 -4.99251e-09 
1.02395e-08 -5.1998e-09 
