2.295e-05 -9.06079e-06 
0.000116309 7.6598e-05 
0.00028643 4.38368e-05 
2.02614e-05 2.96206e-05 
-2.46592e-05 1.95223e-05 
-1.41036e-05 -3.32149e-05 
-0.000136992 -1.94246e-05 
2.37115e-05 5.86543e-06 
-1.14764e-05 2.17132e-05 
1.56992e-05 -1.47389e-05 
-3.99889e-05 -8.99968e-06 
2.31192e-05 -8.70905e-07 
-1.00728e-05 2.55857e-05 
-3.04518e-06 0.00011621 
9.18583e-06 -7.11897e-06 
1.45593e-05 3.06696e-05 
-2.2212e-05 2.43502e-05 
-1.82852e-05 4.20111e-05 
2.78313e-06 0.000177369 
-1.61828e-05 3.67562e-05 
