2.75727e-09 -4.89223e-09 
1.49179e-09 -4.50988e-09 
2.74508e-09 -4.42297e-09 
1.50696e-09 -1.04357e-09 
2.47145e-09 -4.71119e-09 
3.44995e-09 -3.86485e-09 
1.9455e-09 -4.89169e-09 
3.07068e-09 -4.78239e-09 
5.82099e-09 -3.60915e-09 
4.46062e-09 -4.88431e-09 
2.89056e-09 -4.91903e-09 
4.4396e-09 -4.68727e-09 
2.802e-09 -3.25566e-09 
3.53627e-09 -4.90339e-09 
2.67562e-09 -4.48881e-09 
-4.21371e-09 -5.63866e-09 
7.98752e-09 -5.21016e-09 
2.61852e-09 -3.01152e-09 
-3.02644e-11 -3.75718e-09 
2.43467e-09 -3.20552e-09 
2.40206e-09 -3.43372e-09 
-2.66363e-09 -5.36625e-09 
2.3197e-09 -5.0115e-09 
4.4978e-09 -5.33398e-09 
3.99517e-09 -4.92366e-09 
1.9573e-09 -5.052e-09 
2.75249e-09 -4.78133e-09 
4.21598e-10 -3.67818e-09 
2.05071e-09 -5.55265e-09 
4.08476e-09 -4.75436e-09 
5.04072e-09 -3.74767e-09 
3.08366e-09 -4.99015e-09 
-4.03673e-09 -9.56021e-09 
2.64467e-09 -3.56231e-09 
3.09537e-09 -6.38274e-09 
2.37387e-08 -5.14343e-09 
3.79665e-09 -4.79242e-09 
4.53626e-09 -4.89542e-09 
3.41477e-09 -6.30055e-09 
6.62936e-09 -2.04947e-09 
2.93532e-09 -1.20202e-08 
3.12464e-09 -5.01134e-09 
3.74231e-09 -6.73841e-09 
1.19922e-09 -4.76636e-09 
2.89188e-09 -2.27745e-09 
8.01186e-10 -5.48976e-09 
1.54266e-08 -5.10388e-09 
2.24461e-09 -4.24157e-09 
7.4148e-09 -4.98869e-09 
9.12703e-09 -5.58045e-09 
