2.75917e-09 -4.88891e-09 
2.05712e-09 -4.8211e-09 
2.76257e-09 -4.94708e-09 
2.46933e-09 1.68321e-09 
2.37482e-09 -4.58785e-09 
3.16408e-09 -5.23932e-09 
2.29777e-09 -4.88942e-09 
2.48276e-09 -4.80874e-09 
1.86281e-09 -3.69725e-09 
3.84748e-09 -4.88973e-09 
2.88386e-09 -5.07939e-09 
3.47568e-09 -4.52297e-09 
2.86359e-09 -1.73055e-08 
-6.0174e-09 -4.98117e-09 
2.23954e-09 -4.48216e-09 
9.15431e-09 -7.02481e-09 
6.34667e-09 -4.83765e-09 
2.57938e-09 -6.13187e-09 
1.0233e-09 -2.91585e-09 
4.19722e-09 -4.38665e-09 
1.69078e-09 -4.29415e-09 
1.10974e-10 -5.40381e-09 
2.3165e-09 -4.8393e-09 
3.4451e-09 -4.80295e-09 
2.63699e-09 -4.86531e-09 
3.75497e-11 -4.82588e-09 
2.74088e-09 -4.88076e-09 
6.0561e-09 -4.32314e-09 
2.7183e-09 -7.84148e-09 
5.02379e-10 -4.74243e-09 
3.99245e-09 -3.15709e-09 
3.09227e-09 -4.96705e-09 
-1.96738e-09 -6.21501e-09 
3.70885e-09 1.13831e-08 
2.1673e-09 -5.33932e-09 
-3.32752e-08 -5.27615e-09 
2.91671e-09 -4.78517e-09 
7.89735e-10 -4.94603e-09 
3.18525e-09 -2.64238e-09 
4.73399e-09 -4.39038e-09 
2.86086e-09 -1.09839e-08 
2.99764e-09 -5.70154e-09 
7.42138e-09 -5.7146e-09 
2.37809e-09 -4.31767e-09 
2.69268e-09 -4.12562e-09 
-1.33014e-09 -5.18e-09 
-2.74853e-09 -4.43388e-09 
1.55504e-09 -4.321e-09 
2.85176e-09 -4.9921e-09 
7.42568e-09 -5.45316e-09 
