-0.605352 0.666203 
-0.026155 0.95056 
0.575121 1.4905 
-0.51903 0.951975 
-0.620314 0.449145 
-0.376669 1.32559 
0.76415 -0.427277 
-0.272648 0.743906 
-0.304344 0.852319 
-0.96296 0.646827 
0.66906 1.00908 
-0.931363 0.767634 
0.22126 0.265755 
0.107817 0.971878 
-0.828449 1.00699 
-0.766741 2.00289 
1.34418 1.53058 
-0.678099 0.952812 
-0.230394 -0.448913 
0.147804 0.541632 
-0.0642362 1.07223 
-0.0790614 -0.0944522 
-1.17148 2.74404 
-0.0574966 2.01203 
-0.162112 0.393177 
0.220073 0.242378 
-3.71271 -1.12369 
-1.44377 2.69043 
-1.97947 1.69344 
0.0845639 1.06167 
-0.156034 1.02767 
2.91121 -0.577907 
-1.30054 0.452747 
-0.275162 1.14534 
-0.134118 0.82179 
0.0420052 1.0057 
0.0434144 1.13888 
-0.0925035 2.96487 
0.337832 0.948018 
-0.613762 1.16694 
-0.0102655 0.245102 
2.13671 -0.873441 
-0.103072 1.39127 
-0.401335 1.58115 
0.417851 0.422859 
-1.2865 0.457022 
0.971783 0.419728 
-1.08542 2.07169 
0.0121223 1.00554 
-0.341016 1.41302 
