2.74992e-09 -4.89329e-09 
1.79113e-09 -5.28764e-09 
2.78414e-09 -4.74511e-09 
1.71925e-09 -1.42336e-09 
2.39858e-09 -4.76218e-09 
2.46079e-09 -5.50977e-09 
2.73067e-09 -4.88202e-09 
2.38755e-09 -4.93614e-09 
-2.46867e-10 -3.07645e-09 
4.00139e-09 -4.88926e-09 
2.83197e-09 -5.00706e-09 
2.93442e-09 -6.35668e-09 
1.5986e-09 -1.21185e-08 
7.15714e-09 -5.06036e-09 
7.91439e-10 -5.18921e-09 
9.45248e-09 -9.21203e-09 
3.48689e-09 -4.83056e-09 
-2.64059e-09 -3.53565e-09 
8.80993e-09 -1.93239e-09 
3.21414e-09 -4.15111e-09 
3.75853e-09 -4.66317e-09 
4.39368e-09 -5.03725e-09 
5.09544e-09 -4.95988e-09 
6.44426e-09 -4.89933e-09 
3.05388e-10 -4.9813e-09 
8.41854e-10 -4.97331e-09 
2.73875e-09 -4.72313e-09 
4.42486e-09 -8.6758e-09 
2.25733e-09 -3.87944e-09 
-3.8363e-09 -5.0047e-09 
-2.75111e-10 -2.32995e-09 
3.07207e-09 -4.90773e-09 
1.6224e-09 -4.29158e-09 
2.07147e-09 1.23602e-08 
2.41036e-09 -4.76449e-09 
-2.78196e-08 -5.07516e-09 
3.35329e-09 -4.78851e-09 
3.60447e-09 -5.80713e-09 
2.44935e-09 -3.09969e-09 
3.96454e-09 -3.54554e-09 
2.85302e-09 -1.86754e-08 
3.45792e-09 -7.97191e-09 
5.69075e-09 -6.80289e-09 
2.10512e-09 -4.33189e-09 
2.67304e-09 -3.39943e-09 
2.04759e-09 -5.51386e-09 
-2.41928e-08 -4.53607e-09 
2.68906e-09 -4.66879e-09 
5.19934e-09 -4.96627e-09 
1.1993e-08 -4.3685e-09 
