4.02398e-05 -1.10699e-05 
-5.32179e-06 -0.000153026 
-0.00017623 -4.06097e-05 
9.49888e-06 -2.25701e-05 
3.05653e-05 -1.35126e-05 
1.48762e-06 -3.01112e-05 
-4.65794e-05 1.18087e-05 
1.60965e-05 -3.08172e-05 
3.6708e-05 -2.32606e-05 
2.31808e-05 -3.37372e-07 
4.51237e-05 -1.3396e-05 
1.06098e-05 -1.65554e-05 
-3.26731e-05 -5.59649e-06 
3.48749e-05 -0.000297941 
2.80484e-05 -3.46858e-05 
2.93834e-05 -4.80447e-05 
4.21099e-05 -3.62094e-05 
-4.23412e-05 -0.000127732 
-2.6102e-05 -0.000238457 
-2.39268e-05 -3.39303e-05 
