2.7356e-09 -4.89746e-09 
2.47772e-09 -4.18057e-09 
2.74995e-09 -4.29731e-09 
4.43775e-10 -5.56238e-10 
2.89576e-09 -4.59755e-09 
3.75779e-09 -4.92515e-09 
3.05198e-09 -4.8844e-09 
4.81743e-09 -4.98323e-09 
-2.89059e-09 -5.30862e-09 
6.09517e-09 -4.88489e-09 
2.67437e-09 -4.792e-09 
3.80107e-09 -5.64894e-09 
1.12461e-09 -7.08032e-09 
-5.23793e-09 -4.96851e-09 
8.78278e-10 -4.91283e-09 
7.38075e-09 -3.89859e-09 
4.65447e-09 -4.83968e-09 
-2.56411e-09 -5.48406e-09 
4.68125e-09 -3.14537e-09 
3.02927e-09 -4.58717e-09 
4.07224e-09 -4.08952e-09 
2.74336e-09 -5.15392e-09 
-2.50371e-09 -4.79918e-09 
6.5507e-09 -4.76707e-09 
-7.23331e-10 -5.0303e-09 
7.71041e-10 -5.15425e-09 
2.73965e-09 -4.94565e-09 
1.44104e-09 9.1735e-09 
1.89351e-09 -2.72569e-10 
2.0232e-10 -4.70019e-09 
2.61597e-10 -2.90994e-09 
3.10463e-09 -4.87445e-09 
-4.27761e-09 -3.80613e-10 
2.08787e-09 -1.17221e-08 
2.27661e-09 8.20858e-10 
1.47386e-08 -5.07679e-09 
3.7013e-09 -4.75457e-09 
7.54088e-09 -6.39776e-09 
3.43298e-09 -1.78001e-09 
3.96631e-09 -2.82713e-09 
2.74826e-09 -1.47568e-08 
3.26042e-09 -7.18849e-09 
5.52232e-09 -5.51626e-09 
1.80975e-09 -4.0982e-09 
2.69448e-09 -6.0241e-09 
4.02439e-10 -4.87416e-09 
9.59591e-09 -4.40365e-09 
2.48629e-09 -5.65954e-09 
7.41393e-09 -4.98125e-09 
1.20205e-08 -5.67604e-09 
