2.73016e-09 -4.89591e-09 
2.34006e-09 -3.74257e-09 
2.75755e-09 -4.42495e-09 
4.04893e-10 -4.05946e-09 
3.16572e-09 -4.66231e-09 
3.55238e-09 -3.77121e-09 
1.54589e-09 -4.87844e-09 
5.06154e-09 -4.88908e-09 
-3.24532e-10 -2.91333e-09 
3.60161e-09 -4.88855e-09 
2.58908e-09 -4.90838e-09 
5.10898e-09 -5.32124e-09 
1.62701e-09 -5.44777e-09 
-1.03357e-08 -4.84805e-09 
9.57277e-10 -4.23728e-09 
-1.24265e-08 -1.90862e-09 
6.0425e-09 -5.13893e-09 
9.76573e-10 2.6356e-09 
8.25038e-09 -5.13744e-09 
2.94782e-09 -4.13431e-09 
2.65433e-09 -3.51323e-09 
-2.80034e-09 -5.4136e-09 
-4.68369e-09 -4.75866e-09 
7.12949e-10 -4.8147e-09 
3.21323e-09 -5.04171e-09 
1.02086e-09 -5.29253e-09 
2.75003e-09 -4.99693e-09 
3.3988e-09 1.02685e-08 
2.95109e-09 -1.22464e-08 
4.77137e-09 -4.49814e-09 
4.18579e-09 -3.98306e-09 
2.75405e-09 -4.9742e-09 
-2.09179e-09 -2.4516e-10 
2.98811e-09 -3.97396e-09 
2.39314e-09 3.21663e-09 
1.60581e-08 -4.9906e-09 
3.44981e-09 -4.92105e-09 
6.71252e-09 -5.98479e-09 
5.06765e-09 -5.20816e-09 
4.41172e-09 -3.7958e-09 
2.86937e-09 -5.96742e-09 
2.57762e-09 -3.83417e-09 
5.23157e-09 -5.19332e-09 
2.32302e-09 -5.09415e-09 
2.74237e-09 -4.54187e-09 
1.74313e-09 -5.26277e-09 
3.1753e-08 -4.69149e-09 
2.7034e-09 -5.80947e-09 
6.9257e-09 -4.94143e-09 
4.49241e-09 -6.24922e-09 
