2.74355e-09 -4.88875e-09 
2.8331e-09 -5.19149e-09 
2.77679e-09 -4.27518e-09 
3.09536e-09 1.17175e-09 
1.97707e-09 -4.93718e-09 
2.95764e-09 -5.39396e-09 
2.89107e-09 -4.87948e-09 
2.50765e-09 -4.72694e-09 
8.89289e-10 -5.11771e-09 
2.58622e-09 -4.8851e-09 
3.00166e-09 -5.44729e-09 
3.23766e-09 -4.02252e-09 
2.74835e-09 -1.08983e-08 
4.41702e-09 -4.94893e-09 
8.73051e-10 -4.1121e-09 
1.95427e-08 -8.14735e-09 
9.46841e-09 -4.82158e-09 
-4.98085e-09 4.47645e-10 
1.289e-08 -8.29046e-10 
2.86214e-09 -3.90132e-09 
3.40866e-09 -3.43839e-09 
3.07512e-09 -5.20353e-09 
4.01175e-09 -4.93143e-09 
4.97138e-09 -4.98352e-09 
-5.92684e-10 -4.71602e-09 
1.07294e-11 -4.94136e-09 
2.73124e-09 -4.36671e-09 
3.46012e-09 -9.90156e-09 
1.98319e-09 -7.86753e-09 
-2.51202e-09 -4.98394e-09 
2.48907e-09 -4.56086e-09 
3.54056e-09 -4.9344e-09 
-3.48961e-10 -1.2345e-08 
2.14204e-09 5.40418e-09 
2.87825e-09 -8.39994e-09 
-4.91764e-08 -4.86793e-09 
3.16752e-09 -4.68976e-09 
3.7575e-09 -5.23531e-09 
6.65475e-09 -5.68731e-09 
5.38116e-09 -4.93588e-09 
2.71644e-09 -2.69263e-08 
3.63091e-09 -8.09941e-09 
2.65915e-09 -5.34949e-09 
2.22463e-09 -3.9673e-09 
2.73993e-09 -4.1317e-09 
2.4888e-09 -5.20628e-09 
-1.30015e-08 -4.09327e-09 
3.21234e-09 -5.13521e-09 
1.47719e-09 -4.88893e-09 
6.04033e-09 -5.01602e-09 
