2.62011e-05 -6.93332e-06 
6.77731e-05 1.31702e-05 
1.13988e-05 -2.24304e-05 
9.96699e-06 1.0842e-05 
-2.68375e-05 -4.77961e-05 
3.88049e-05 -5.0641e-05 
7.03726e-05 -1.04259e-06 
2.33822e-05 -1.16004e-05 
1.77203e-05 -6.43344e-06 
3.42391e-05 -6.54907e-06 
-1.75169e-05 -2.97518e-05 
6.4061e-06 -1.71006e-05 
-1.26896e-06 -8.08183e-06 
4.25911e-05 0.000152191 
-1.02452e-05 2.46478e-06 
3.83381e-05 -7.27262e-06 
2.23554e-05 -1.62267e-05 
-3.49944e-08 -1.47996e-05 
-2.66441e-05 0.000377847 
1.00932e-05 -2.06295e-05 
