2.73594e-09 -4.90055e-09 
2.13954e-09 -3.9703e-09 
2.77991e-09 -4.3973e-09 
9.36019e-11 -3.82633e-09 
2.76014e-09 -4.48111e-09 
3.97242e-09 -4.17158e-09 
3.01321e-09 -4.87845e-09 
4.73217e-09 -4.86696e-09 
-2.39081e-09 -2.45784e-09 
4.32592e-09 -4.88998e-09 
2.66328e-09 -5.34059e-09 
3.75902e-09 -5.61996e-09 
2.12129e-09 -8.66811e-09 
-1.71176e-08 -4.93679e-09 
2.92288e-09 -6.01958e-09 
-1.63716e-08 -6.53751e-09 
2.22153e-09 -5.0182e-09 
-1.83443e-09 2.64417e-09 
5.36074e-09 -6.14676e-09 
3.48366e-09 -4.37884e-09 
2.56987e-09 -3.54456e-09 
-3.32471e-09 -4.58935e-09 
-2.41947e-09 -4.88367e-09 
3.88604e-09 -4.78115e-09 
1.02474e-09 -5.21564e-09 
1.70341e-09 -5.35438e-09 
2.74894e-09 -5.06276e-09 
3.97021e-09 9.95545e-09 
2.93323e-09 -1.47534e-09 
5.59158e-09 -4.63987e-09 
3.14578e-09 -1.89018e-09 
2.52677e-09 -4.79722e-09 
-4.48187e-09 -2.78567e-09 
2.34167e-09 -5.46501e-09 
2.50552e-09 5.57915e-09 
2.77758e-08 -5.10266e-09 
3.68814e-09 -4.89867e-09 
8.71286e-09 -5.37575e-09 
2.46903e-09 -3.98115e-09 
4.07283e-09 -2.18106e-09 
2.83085e-09 -2.5106e-08 
2.49525e-09 -4.96877e-09 
3.19446e-09 -5.49428e-09 
1.33169e-09 -5.00152e-09 
2.7388e-09 -4.82489e-09 
2.25748e-09 -5.2639e-09 
1.62185e-08 -4.75912e-09 
2.87591e-09 -5.09163e-09 
6.51258e-09 -4.95825e-09 
3.9448e-09 -4.97926e-09 
