2.73756e-09 -4.8893e-09 
2.04673e-09 -5.39883e-09 
2.72801e-09 -4.3905e-09 
1.94882e-09 -4.12889e-10 
1.99396e-09 -4.73699e-09 
2.7351e-09 -5.19562e-09 
1.32086e-09 -4.88478e-09 
2.87559e-09 -4.72458e-09 
-8.307e-11 -5.73233e-09 
6.53794e-09 -4.8894e-09 
2.89467e-09 -4.88524e-09 
4.6755e-09 -4.94765e-09 
2.02927e-09 -9.11211e-09 
1.3732e-09 -4.94217e-09 
3.46965e-11 -3.64382e-09 
1.09024e-08 -6.6875e-09 
1.26578e-08 -4.95817e-09 
4.04329e-09 2.31616e-09 
3.86808e-09 -1.34787e-09 
3.14251e-09 -5.11463e-09 
3.38572e-09 -6.67887e-09 
1.83606e-09 -5.26655e-09 
1.19191e-09 -5.07233e-09 
3.60241e-09 -4.93142e-09 
9.09083e-10 -4.54659e-09 
-2.6769e-09 -4.50121e-09 
2.74021e-09 -4.7046e-09 
3.93983e-09 -8.65722e-09 
2.21786e-09 -1.45871e-08 
-3.45621e-09 -5.00947e-09 
2.63448e-09 -2.60429e-09 
2.58494e-09 -5.15547e-09 
1.25321e-09 -1.0905e-08 
2.71448e-09 3.82171e-09 
2.89984e-09 -8.96485e-09 
-8.0859e-08 -5.04921e-09 
3.30727e-09 -4.87817e-09 
3.63383e-09 -5.93105e-09 
5.79605e-09 -5.19419e-09 
3.34812e-09 -5.86237e-09 
2.88463e-09 1.78078e-08 
3.5036e-09 -6.71524e-09 
3.56055e-09 -5.84837e-09 
3.07353e-09 -4.10596e-09 
2.73039e-09 -3.18531e-09 
-8.64793e-10 -5.12193e-09 
2.5548e-09 -4.28905e-09 
2.98926e-09 -5.12743e-09 
6.33592e-09 -5.00098e-09 
1.22774e-08 -5.59534e-09 
