1.30312e-05 9.23117e-07 
8.29823e-05 0.000114155 
0.000155315 1.17161e-06 
1.6469e-05 2.5846e-05 
-3.64555e-05 8.63123e-06 
5.43903e-05 9.54499e-06 
-6.84343e-06 -2.94059e-06 
2.42656e-05 -6.70619e-06 
5.07967e-06 7.10458e-06 
1.96834e-05 -5.11719e-06 
-2.56706e-05 -3.68184e-05 
1.24008e-05 -2.50543e-06 
3.81716e-05 7.79487e-06 
-1.90914e-05 0.000209569 
-3.62888e-05 2.57661e-05 
2.44053e-05 1.96622e-05 
3.04998e-06 7.55315e-06 
5.2209e-05 7.32244e-05 
4.38328e-05 0.000631039 
4.14722e-05 5.80578e-07 
