2.7389e-09 -4.88729e-09 
1.4167e-09 -4.9846e-09 
2.80278e-09 -4.23294e-09 
-5.57194e-10 -4.07326e-09 
1.8912e-09 -4.8363e-09 
2.50613e-09 -4.88787e-09 
3.07667e-09 -4.87385e-09 
1.41979e-09 -4.67198e-09 
-1.89987e-09 -3.4918e-09 
6.31676e-09 -4.88787e-09 
2.77062e-09 -4.94731e-09 
3.52381e-09 -4.718e-09 
2.47367e-09 -1.45856e-08 
-2.88097e-08 -4.95575e-09 
4.69756e-10 -4.60139e-09 
-1.17499e-09 -6.05334e-09 
9.08276e-09 -5.02569e-09 
-4.00553e-09 2.82082e-09 
-3.43845e-09 -5.04903e-09 
4.59565e-09 -6.04569e-09 
3.77422e-09 -5.03524e-09 
-2.11654e-08 -4.87053e-09 
2.35038e-09 -4.94289e-09 
2.5793e-09 -4.84774e-09 
4.22087e-09 -4.66118e-09 
8.20369e-10 -4.69539e-09 
2.75208e-09 -4.70958e-09 
4.12062e-09 1.42698e-09 
2.13393e-09 -1.32025e-08 
-6.61717e-10 -4.63905e-09 
2.73932e-09 -2.67968e-09 
2.58493e-09 -4.95825e-09 
8.5383e-09 -8.16589e-09 
2.28043e-09 4.50288e-09 
2.75294e-09 1.86342e-09 
-1.23215e-07 -5.17258e-09 
3.91199e-09 -4.8621e-09 
6.76669e-09 -4.66992e-09 
3.81442e-09 -4.74744e-09 
2.5478e-09 -4.16272e-09 
2.85303e-09 -8.3278e-09 
3.18446e-09 -4.99079e-09 
5.56478e-10 -4.18912e-09 
9.90231e-10 -4.74535e-09 
2.72458e-09 -2.46298e-09 
4.0519e-10 -5.38373e-09 
5.01269e-09 -4.35648e-09 
2.92105e-09 -5.05865e-09 
5.59595e-09 -4.98084e-09 
1.38986e-08 -5.31104e-09 
