3.41919e-06 6.65709e-06 
7.08734e-05 0.000153415 
2.44067e-05 8.33417e-06 
1.43335e-05 1.21548e-05 
-3.28555e-06 1.48313e-05 
-4.71215e-05 3.67693e-05 
-5.83067e-05 -1.7993e-07 
2.87562e-06 -1.17396e-05 
8.26424e-06 1.293e-05 
8.58742e-06 5.12975e-06 
1.73127e-05 -3.08145e-05 
1.71471e-05 1.55089e-06 
6.33238e-06 1.78799e-05 
-2.33212e-05 -0.000174181 
-4.00275e-06 4.69938e-06 
1.30772e-05 -4.78397e-06 
-1.74173e-06 1.07749e-05 
8.46384e-05 8.30577e-05 
4.0597e-05 -6.05423e-05 
1.12545e-05 -2.19947e-05 
