2.73847e-09 -4.8938e-09 
1.94094e-09 -5.29556e-09 
2.78663e-09 -4.09087e-09 
-2.24773e-09 -5.10392e-09 
1.08173e-09 -4.93951e-09 
2.86274e-09 -4.96011e-09 
2.83543e-09 -4.89694e-09 
2.46108e-09 -4.87229e-09 
1.41967e-09 -5.35234e-09 
3.63676e-09 -4.87759e-09 
2.54059e-09 -4.76931e-09 
5.25866e-09 -4.94112e-09 
2.37587e-09 -1.40664e-08 
-1.69113e-08 -4.97343e-09 
1.52896e-09 -4.39591e-09 
-6.05009e-11 -6.00749e-09 
9.59257e-09 -4.97614e-09 
-2.26566e-09 4.52014e-09 
7.6566e-09 -6.96424e-09 
4.23897e-09 -4.74755e-09 
3.26084e-09 -5.07036e-09 
-1.55226e-08 -4.72831e-09 
-8.91251e-11 -4.93649e-09 
3.75783e-09 -4.83449e-09 
4.17044e-09 -4.42294e-09 
-6.84025e-10 -4.72725e-09 
2.75793e-09 -4.74596e-09 
4.26325e-09 -1.03355e-09 
1.95613e-09 -4.42878e-09 
2.49639e-09 -4.66125e-09 
2.93599e-09 -2.14539e-09 
2.46784e-09 -5.05453e-09 
5.10629e-10 -8.37852e-09 
2.24875e-09 2.40515e-09 
2.8943e-09 -7.39739e-10 
-1.3036e-07 -4.71994e-09 
4.22869e-09 -5.07333e-09 
8.72657e-09 -7.22163e-09 
4.62531e-09 -4.67819e-09 
6.23363e-09 -4.26499e-09 
2.60009e-09 -2.04944e-08 
3.4219e-09 -4.60056e-09 
2.08118e-09 -5.47565e-09 
2.69322e-09 -4.68429e-09 
2.73096e-09 -3.33205e-09 
1.49121e-09 -5.65885e-09 
8.77437e-09 -4.1149e-09 
2.9714e-09 -5.11765e-09 
2.85021e-09 -4.97456e-09 
2.24674e-08 -6.15808e-09 
