14.4329 25.1228 
-20.6735 12.9633 
23.4229 -6.11342 
-20.2792 20.0168 
-9.24575 -7.52869 
-21.6932 -21.618 
-7.03176 -21.3115 
-9.32933 29.6812 
11.1511 -15.8787 
-18.18 -22.7008 
-17.8437 -6.12636 
-3.97697 5.72951 
-19.3788 14.419 
-27.7516 -2.05655 
16.8564 -6.04564 
-11.6636 -12.7016 
-31.0662 -3.48017 
-30.7044 -17.8117 
5.54286 32.2305 
-3.48822 28.1333 
-22.1206 5.56391 
1.71633 10.4394 
-4.36371 -6.06909 
-3.91605 -18.969 
18.9513 8.99767 
7.6538 -9.78822 
14.1448 32.0073 
-3.96849 17.2395 
-27.913 -27.74 
-21.4784 -15.2175 
-14.3415 3.43553 
-6.20798 -4.135 
14.4174 26.3105 
2.45617 -6.7744 
-24.8691 14.4413 
-27.1701 7.52144 
30.6647 6.20032 
-19.5216 -25.5684 
1.21982 -11.2041 
-20.443 19.0731 
18.0412 -17.26 
26.3505 -18.7396 
8.30392 -27.6965 
32.2546 -10.1081 
10.7685 -23.7028 
-18.9872 -23.3476 
15.6732 30.905 
-7.70481 4.36687 
-9.07727 6.20124 
30.0663 -24.243 
