2.73876e-09 -4.88975e-09 
2.85539e-09 -4.32449e-09 
2.75248e-09 -4.92447e-09 
7.43783e-09 2.06748e-09 
6.36276e-10 -5.23937e-09 
2.98619e-09 -4.70345e-09 
2.27424e-09 -4.8863e-09 
2.91636e-09 -4.80853e-09 
3.09869e-09 -1.4524e-09 
9.41773e-09 -4.87907e-09 
2.88017e-09 -4.75481e-09 
5.45456e-09 -4.85106e-09 
2.65714e-09 -1.06559e-08 
-1.86235e-08 -4.96033e-09 
1.75305e-09 -4.72773e-09 
2.11908e-09 -5.83517e-09 
5.11072e-09 -4.96985e-09 
-1.24512e-09 2.48933e-09 
2.07522e-09 -3.79338e-09 
2.63531e-09 -6.33296e-09 
4.39185e-09 -2.41693e-09 
2.04813e-09 -5.47844e-09 
1.41398e-09 -4.95068e-09 
3.4942e-09 -4.85592e-09 
3.51234e-09 -4.57334e-09 
2.06766e-09 -4.22259e-09 
2.73559e-09 -4.7043e-09 
6.26135e-09 8.73271e-10 
1.94334e-09 -1.01013e-08 
1.40591e-10 -4.8505e-09 
2.97982e-09 -2.29271e-09 
2.78056e-09 -4.9895e-09 
5.3177e-09 -5.17022e-09 
2.61515e-09 6.2761e-09 
2.96495e-09 -6.95058e-09 
-1.5536e-07 -4.42057e-09 
3.06051e-09 -4.79801e-09 
5.0232e-09 -5.82632e-09 
2.91671e-09 -4.26799e-09 
2.91042e-09 -4.03274e-09 
2.77647e-09 -1.91238e-08 
3.24842e-09 -7.76818e-09 
1.64633e-09 -5.86001e-09 
2.00946e-09 -4.36831e-09 
2.73172e-09 -5.38983e-09 
4.07583e-09 -4.97871e-09 
7.73348e-09 -4.76998e-09 
2.89528e-09 -5.29796e-09 
7.84625e-09 -4.98136e-09 
-7.13762e-10 -5.75233e-09 
