2.73709e-09 -4.89466e-09 
1.68157e-09 -4.0606e-09 
2.78075e-09 -3.91923e-09 
-2.57589e-09 -2.57623e-09 
3.44998e-09 -4.19973e-09 
3.91128e-09 -4.73549e-09 
1.14326e-09 -4.86305e-09 
4.14964e-09 -4.81373e-09 
1.64173e-09 -6.33105e-09 
3.47607e-09 -4.89342e-09 
2.90602e-09 -5.7128e-09 
4.63578e-09 -5.14502e-09 
2.65565e-09 -7.92817e-09 
5.86424e-09 -4.94962e-09 
1.88186e-09 -4.43209e-09 
-2.22611e-09 -5.47597e-09 
5.30217e-09 -4.90616e-09 
-2.3017e-09 2.31173e-09 
7.17235e-09 -1.05439e-09 
3.22343e-09 -4.49958e-09 
1.80372e-09 -4.46261e-09 
-1.26462e-08 -4.459e-09 
3.96605e-09 -4.91979e-09 
5.25919e-09 -4.87834e-09 
3.49526e-10 -5.09549e-09 
-2.11746e-09 -5.44651e-09 
2.75905e-09 -4.95941e-09 
2.90418e-09 -4.46885e-09 
2.93284e-09 -5.21323e-09 
2.04591e-09 -4.90058e-09 
3.0782e-09 -5.02653e-09 
3.1155e-09 -4.93965e-09 
-8.25472e-09 -7.56659e-09 
2.36023e-09 -5.15361e-09 
2.52199e-09 3.22573e-09 
1.34713e-07 -5.60902e-09 
4.60781e-09 -4.63968e-09 
3.49474e-09 -5.17449e-09 
4.02858e-09 -5.26098e-09 
4.88987e-09 -4.73196e-09 
2.96409e-09 -6.94345e-09 
3.00093e-09 -5.07707e-09 
5.7953e-09 -7.02283e-09 
3.20565e-09 -4.40268e-09 
2.73254e-09 -4.46024e-09 
9.62438e-10 -5.7796e-09 
2.99358e-09 -3.85439e-09 
3.14157e-09 -5.21441e-09 
2.95326e-09 -4.94714e-09 
3.12508e-08 -4.47387e-09 
