2.7374e-09 -4.8932e-09 
9.19269e-10 -4.60232e-09 
2.78815e-09 -4.58769e-09 
-5.29353e-09 -1.2095e-09 
8.91087e-10 -4.34783e-09 
3.69785e-09 -4.63298e-09 
3.73907e-09 -4.87943e-09 
3.32418e-09 -4.88437e-09 
7.9492e-10 -5.15226e-09 
-1.95189e-09 -4.87428e-09 
2.77477e-09 -5.05923e-09 
4.5306e-09 -5.0643e-09 
2.03549e-09 -8.78607e-09 
2.92425e-09 -4.91168e-09 
2.02817e-09 -4.77735e-09 
-4.53073e-09 -5.76229e-09 
7.52082e-09 -4.89197e-09 
-1.47459e-09 4.45644e-09 
1.26819e-08 -7.24054e-09 
3.9658e-09 -6.15705e-09 
4.88527e-10 -5.0706e-09 
-2.34161e-08 -3.7826e-09 
3.02642e-09 -4.97355e-09 
5.7588e-09 -4.83443e-09 
1.75566e-09 -4.78292e-09 
2.19597e-09 -4.47558e-09 
2.75472e-09 -4.95039e-09 
3.43452e-09 -5.55736e-09 
2.2527e-09 -8.29347e-09 
-1.22076e-09 -4.80204e-09 
3.07332e-09 -4.05731e-09 
2.77523e-09 -5.04554e-09 
-8.43521e-09 -1.037e-08 
2.49421e-09 2.16043e-09 
2.53254e-09 2.18436e-09 
-1.43717e-07 -5.15966e-09 
5.39499e-09 -4.86861e-09 
7.81978e-09 -5.21624e-09 
5.5867e-09 -4.93272e-09 
3.81876e-09 -4.46085e-09 
2.70995e-09 -1.15842e-08 
3.07951e-09 -5.70661e-09 
2.4968e-09 -7.58158e-09 
2.67469e-09 -4.11885e-09 
2.73242e-09 -3.11834e-09 
3.26859e-09 -6.01793e-09 
6.14484e-09 -3.36638e-09 
3.23866e-09 -4.87949e-09 
6.59433e-09 -4.98619e-09 
1.62579e-08 -6.9202e-09 
