2.73742e-09 -4.89503e-09 
3.39381e-09 -4.55986e-09 
2.75392e-09 -4.13792e-09 
6.9007e-10 -9.02198e-09 
3.27078e-09 -4.71349e-09 
3.73663e-09 -4.27462e-09 
1.74882e-09 -4.85753e-09 
4.40717e-09 -4.73253e-09 
-4.72999e-11 -2.68173e-09 
8.9778e-09 -4.87452e-09 
2.86371e-09 -5.35195e-09 
3.70908e-09 -5.33519e-09 
2.71547e-09 -5.47049e-09 
9.74869e-09 -4.95626e-09 
8.09568e-10 -4.17702e-09 
8.76679e-10 -4.6846e-09 
1.17833e-09 -4.92552e-09 
-2.34388e-11 1.18166e-08 
5.12012e-09 2.65607e-09 
2.93251e-09 -3.40586e-09 
5.31492e-09 -4.27349e-09 
4.67671e-09 -7.06783e-09 
3.18512e-09 -4.81646e-09 
9.43587e-10 -4.88806e-09 
2.6244e-10 -5.04937e-09 
-1.49384e-09 -5.92578e-09 
2.74807e-09 -4.75143e-09 
5.5153e-09 5.26295e-09 
2.55806e-09 -6.00149e-09 
1.25201e-09 -4.77315e-09 
3.1199e-09 -3.93538e-09 
3.46823e-09 -4.98763e-09 
-8.56725e-10 -4.22236e-09 
2.61865e-09 2.92379e-09 
2.50642e-09 -1.72396e-09 
1.55692e-07 -5.10703e-09 
5.02107e-09 -4.73133e-09 
5.66861e-09 -5.88635e-09 
2.44127e-09 -4.84387e-09 
4.68236e-09 -6.40763e-09 
2.96068e-09 -1.53712e-08 
3.17997e-09 -5.80888e-09 
4.22064e-09 -7.38172e-09 
1.83767e-09 -4.9809e-09 
2.73256e-09 -3.61773e-09 
1.60662e-09 -4.98791e-09 
8.03765e-09 -4.98476e-09 
2.64867e-09 -4.80618e-09 
-8.38696e-10 -4.94736e-09 
2.80882e-08 -3.58343e-09 
