2.73735e-09 -4.89391e-09 
2.50456e-09 -3.88858e-09 
2.71279e-09 -4.52823e-09 
4.7494e-09 -7.1203e-09 
2.40321e-09 -5.0255e-09 
3.65559e-09 -4.79127e-09 
1.30758e-09 -4.83797e-09 
4.6264e-09 -4.69111e-09 
-3.26732e-09 5.38234e-09 
-1.20975e-09 -4.89083e-09 
2.91644e-09 -4.99873e-09 
3.78747e-09 -5.2575e-09 
2.26214e-09 -4.88137e-09 
-1.52605e-08 -4.93281e-09 
-1.07266e-09 -4.19394e-09 
1.91423e-09 -3.13881e-09 
1.0427e-08 -5.03222e-09 
-8.5989e-09 1.52255e-08 
1.27603e-09 1.0793e-09 
3.35208e-09 -3.41937e-09 
4.93299e-09 -3.27234e-09 
6.67285e-09 -7.10395e-09 
5.13258e-09 -4.78248e-09 
3.6154e-09 -4.87608e-09 
-8.66699e-10 -4.94289e-09 
2.71198e-09 -5.68764e-09 
2.73399e-09 -4.86393e-09 
3.58566e-09 4.00517e-09 
2.4075e-09 -4.9344e-09 
2.25809e-10 -4.9105e-09 
2.85936e-09 -3.46064e-09 
3.53762e-09 -5.01785e-09 
-3.34778e-09 -5.41877e-09 
2.68472e-09 4.60213e-09 
2.87091e-09 -4.74918e-09 
1.03429e-07 -4.95147e-09 
3.54584e-09 -4.84518e-09 
5.62443e-09 -6.94548e-09 
2.50649e-09 -4.69671e-09 
5.53137e-09 -3.73394e-09 
2.87988e-09 -1.98606e-08 
4.16118e-09 -5.32085e-09 
4.25452e-09 -3.94109e-09 
2.49098e-09 -4.84225e-09 
2.74158e-09 -3.67431e-09 
1.51799e-09 -4.96178e-09 
6.2632e-09 -4.90206e-09 
2.82027e-09 -5.23444e-09 
3.58849e-09 -4.9264e-09 
2.18893e-08 -4.41067e-09 
