2.73817e-09 -4.89099e-09 
1.56824e-09 -4.89412e-09 
2.80329e-09 -5.40404e-09 
2.93941e-09 2.2252e-09 
1.79817e-09 -4.88915e-09 
2.37095e-09 -4.64265e-09 
3.02422e-09 -4.84863e-09 
5.51316e-09 -4.95124e-09 
8.82237e-10 -9.55251e-09 
7.74877e-09 -4.88462e-09 
3.00945e-09 -5.088e-09 
2.37861e-09 -5.77929e-09 
2.13452e-09 -1.12508e-08 
-4.48356e-09 -4.88076e-09 
3.51382e-10 -4.70409e-09 
-2.29141e-10 -8.71146e-09 
7.15773e-09 -4.91358e-09 
-9.16895e-09 -2.24026e-08 
6.37101e-09 1.65636e-10 
3.08298e-09 -3.95977e-09 
2.14203e-09 -3.13619e-09 
-1.9713e-09 -4.52312e-09 
-1.22786e-09 -4.92626e-09 
3.00522e-09 -4.83536e-09 
-7.2812e-10 -5.06068e-09 
1.12712e-09 -4.65245e-09 
2.75323e-09 -4.80274e-09 
4.02777e-09 -4.75497e-09 
2.52277e-09 -1.59848e-08 
-1.14433e-10 -4.75552e-09 
2.90178e-09 -2.49719e-09 
2.59669e-09 -4.79188e-09 
6.86308e-09 -9.31313e-09 
2.25669e-09 4.38602e-09 
2.63508e-09 -2.49099e-10 
-2.10285e-08 -5.11989e-09 
4.83754e-09 -4.71426e-09 
2.30036e-09 -5.7409e-09 
6.78164e-09 -4.71549e-09 
2.05847e-09 -3.57462e-09 
2.82137e-09 1.26136e-08 
2.95888e-09 -6.91191e-09 
2.01076e-09 -4.87874e-09 
2.97247e-09 -4.55634e-09 
2.73045e-09 -5.59964e-09 
1.96189e-09 -5.04228e-09 
1.13622e-09 -4.38671e-09 
2.76454e-09 -5.84296e-09 
4.67752e-09 -4.94392e-09 
1.45005e-08 -4.82741e-09 
