2.73763e-09 -4.89318e-09 
2.86148e-09 -3.77131e-09 
2.72223e-09 -3.92902e-09 
6.46406e-10 -5.43765e-09 
3.43692e-09 -4.51319e-09 
4.81675e-09 -3.96956e-09 
1.45641e-09 -4.86231e-09 
1.06093e-09 -4.67932e-09 
7.58506e-10 4.32322e-09 
1.80697e-09 -4.88239e-09 
2.66109e-09 -5.0157e-09 
4.20757e-09 -4.81986e-09 
2.89065e-09 -5.83748e-09 
-4.59173e-09 -4.97618e-09 
1.59729e-09 -4.31871e-09 
8.25449e-10 -2.8582e-09 
5.4165e-10 -5.04692e-09 
1.25484e-08 2.4509e-08 
8.43811e-09 -4.14483e-09 
3.53509e-09 -5.34955e-09 
4.16248e-09 -2.78084e-09 
-5.20961e-09 -5.81956e-09 
2.02245e-10 -4.93712e-09 
4.35253e-09 -4.89672e-09 
3.82362e-09 -4.91082e-09 
-5.78202e-10 -5.63156e-09 
2.73373e-09 -4.89991e-09 
3.10196e-09 -1.98039e-09 
2.79673e-09 -9.7686e-10 
2.81848e-09 -4.96112e-09 
2.84016e-09 -5.82046e-09 
3.6218e-09 -5.39986e-09 
-5.88399e-09 -3.34507e-09 
2.60492e-09 -8.54182e-09 
2.77243e-09 -4.18984e-10 
3.81536e-08 -5.33955e-09 
1.60197e-09 -4.78991e-09 
6.16038e-09 -5.09677e-09 
4.32789e-09 -4.91169e-09 
6.74694e-09 -3.88871e-09 
2.81583e-09 -2.37408e-08 
2.67183e-09 -3.39594e-09 
4.9624e-09 -7.49542e-09 
9.3059e-10 -4.9077e-09 
2.73231e-09 -2.76107e-09 
1.19697e-09 -5.51884e-09 
7.02408e-09 -4.59905e-09 
2.9046e-09 -5.48436e-09 
4.68376e-09 -4.96596e-09 
1.553e-08 -5.46281e-09 
