3.47671e-06 1.50425e-05 
2.16569e-05 0.000106178 
-6.21595e-05 -3.72846e-06 
2.05235e-05 -5.55515e-06 
-1.16022e-06 1.03955e-05 
-6.32969e-06 -8.66702e-06 
1.99411e-05 7.14703e-07 
-9.03572e-06 -1.59604e-05 
7.18754e-06 1.06775e-05 
1.21495e-05 7.17036e-06 
3.51107e-06 8.91704e-06 
-4.85637e-06 4.45206e-06 
2.59655e-05 8.98248e-06 
-2.27771e-05 4.76681e-05 
8.56645e-06 -6.22047e-07 
-2.38435e-06 3.43701e-05 
-5.05651e-06 1.46228e-05 
7.12979e-05 -4.32497e-05 
4.19472e-05 -0.000202954 
6.09488e-05 1.38141e-05 
