2.73753e-09 -4.89231e-09 
2.34791e-09 -4.29342e-09 
2.74238e-09 -4.11039e-09 
6.78309e-10 -3.65346e-09 
2.88633e-09 -4.87348e-09 
5.28022e-09 -3.8872e-09 
2.29805e-09 -4.82202e-09 
3.83293e-09 -4.81489e-09 
1.14963e-09 2.95064e-09 
1.70937e-09 -4.87546e-09 
2.61536e-09 -4.93602e-09 
2.98104e-09 -4.90172e-09 
2.45504e-09 -2.72869e-10 
-7.58317e-09 -5.0059e-09 
1.73324e-09 -4.42351e-09 
-1.83282e-09 -4.0626e-09 
-7.47239e-10 -4.9619e-09 
7.9653e-09 5.82073e-09 
7.27785e-09 -3.04248e-09 
2.91386e-09 -4.95639e-09 
3.68231e-09 -2.30717e-09 
5.00081e-09 -5.70189e-09 
-5.40496e-10 -4.92239e-09 
4.52781e-09 -4.92636e-09 
2.13901e-09 -5.07361e-09 
3.12567e-10 -5.07832e-09 
2.73482e-09 -4.8693e-09 
5.35329e-09 -4.32978e-09 
3.17709e-09 -2.3752e-08 
-4.26273e-09 -4.97021e-09 
3.03293e-09 -1.64932e-09 
2.85456e-09 -5.03062e-09 
-4.81948e-09 -8.30032e-09 
2.19077e-09 -6.58521e-09 
2.71257e-09 3.37844e-10 
3.32814e-09 -5.36541e-09 
1.57808e-09 -4.82603e-09 
7.81048e-09 -5.2005e-09 
5.16598e-09 -5.00077e-09 
7.57082e-09 -2.05459e-09 
2.79668e-09 -2.62965e-09 
2.85986e-09 -5.29497e-09 
3.48047e-09 -6.62958e-09 
1.32702e-09 -5.08898e-09 
2.72109e-09 -2.77374e-09 
-4.52957e-10 -4.72023e-09 
6.51639e-09 -5.06394e-09 
2.94216e-09 -5.60313e-09 
5.17867e-09 -4.98904e-09 
6.1316e-09 -5.20517e-09 
