2.73744e-09 -4.89332e-09 
2.30505e-09 -4.69646e-09 
2.70068e-09 -4.62578e-09 
3.48664e-10 -2.70844e-09 
2.90444e-09 -4.6388e-09 
3.78371e-09 -4.88779e-09 
1.85294e-09 -4.92516e-09 
2.26064e-09 -4.67388e-09 
-7.3457e-10 7.49694e-09 
2.97928e-09 -4.86766e-09 
2.9469e-09 -5.33677e-09 
6.45352e-09 -5.10396e-09 
3.22868e-09 -3.54472e-09 
3.98362e-09 -4.87328e-09 
2.03808e-09 -4.48927e-09 
3.30826e-09 -5.19429e-09 
-1.46016e-09 -4.97084e-09 
9.29618e-10 5.08477e-09 
8.64564e-09 -4.98555e-09 
2.61689e-09 -3.45315e-09 
4.29396e-09 -3.39252e-09 
-1.13997e-08 -5.68828e-09 
5.47175e-10 -5.02125e-09 
4.853e-09 -4.85914e-09 
1.20078e-09 -4.9101e-09 
-9.02495e-10 -5.61521e-09 
2.74207e-09 -4.7643e-09 
6.52429e-09 5.72072e-10 
3.41691e-09 9.48129e-09 
1.59638e-09 -4.90647e-09 
2.8016e-09 -4.48729e-09 
3.30465e-09 -5.06663e-09 
4.10225e-10 -1.05032e-08 
2.42607e-09 -2.19102e-08 
2.60024e-09 3.45987e-09 
1.88661e-08 -5.15624e-09 
2.16296e-09 -4.94457e-09 
1.49874e-10 -5.81762e-09 
2.32103e-09 -4.49485e-09 
6.73549e-09 -1.94764e-09 
2.85216e-09 -4.63035e-09 
3.09237e-09 -7.21391e-09 
2.2623e-09 -4.6732e-09 
2.17663e-09 -3.7593e-09 
2.72098e-09 -3.74361e-09 
-5.64044e-10 -5.24313e-09 
3.24317e-09 -5.04384e-09 
2.81569e-09 -4.7117e-09 
8.55875e-09 -4.91306e-09 
-8.32068e-09 -5.7461e-09 
