2.73826e-09 -4.89344e-09 
2.54395e-09 -5.00587e-09 
2.83249e-09 -4.79811e-09 
2.46942e-09 -4.10823e-09 
2.58494e-09 -4.48456e-09 
1.23137e-09 -5.0575e-09 
1.42751e-09 -4.92037e-09 
3.31315e-09 -4.60168e-09 
3.01389e-10 -9.7583e-09 
4.18939e-09 -4.8883e-09 
2.96146e-09 -5.18698e-09 
8.64191e-09 -5.45219e-09 
2.08796e-09 -2.1952e-08 
4.30618e-09 -4.78703e-09 
2.02137e-09 -4.84085e-09 
-1.64781e-09 -7.65466e-09 
1.03037e-08 -4.99521e-09 
-9.65703e-09 -7.22251e-09 
5.07176e-09 -4.38619e-09 
3.03444e-09 -2.96711e-09 
3.36164e-09 -4.7818e-09 
-1.66818e-08 -5.21123e-09 
1.40829e-09 -5.00738e-09 
4.19365e-09 -4.79607e-09 
1.06189e-09 -4.80064e-09 
7.08177e-11 -5.46088e-09 
2.75266e-09 -4.6969e-09 
4.73216e-09 3.77484e-09 
1.71523e-09 -6.22597e-09 
3.91695e-09 -4.66185e-09 
2.6073e-09 -5.07254e-09 
3.1737e-09 -4.92095e-09 
-2.59944e-09 -5.36164e-09 
2.81063e-09 -1.49728e-09 
2.60088e-09 -2.98926e-10 
-5.0135e-08 -4.90641e-09 
4.57468e-09 -4.8875e-09 
1.8869e-09 -6.28555e-09 
1.80656e-09 -4.31777e-09 
6.10482e-10 -6.22251e-09 
2.91823e-09 -9.22852e-09 
3.50627e-09 -4.81442e-09 
4.78979e-09 -4.6042e-09 
2.66061e-09 -4.51881e-09 
2.74425e-09 -4.69e-09 
3.51414e-09 -5.87785e-09 
2.80847e-09 -4.69099e-09 
2.70335e-09 -4.28883e-09 
8.81056e-09 -4.88173e-09 
-1.09483e-08 -5.36261e-09 
