2.73746e-09 -4.89247e-09 
1.60221e-09 -3.55471e-09 
2.7289e-09 -4.77698e-09 
2.13221e-09 2.5275e-09 
2.2162e-09 -5.01616e-09 
4.36692e-09 -4.28269e-09 
2.61823e-09 -4.869e-09 
4.71872e-09 -5.04572e-09 
2.61297e-09 5.72311e-10 
7.59004e-09 -4.89264e-09 
2.67317e-09 -5.03944e-09 
-1.17238e-09 -5.12849e-09 
3.24919e-09 -4.49926e-10 
-1.70914e-08 -5.12298e-09 
5.77889e-10 -4.03998e-09 
-2.14038e-09 -5.81419e-09 
5.28813e-09 -4.96206e-09 
4.18615e-09 7.25676e-11 
6.97517e-09 -1.07924e-09 
4.42681e-09 -5.86593e-09 
2.20221e-09 -4.42357e-09 
1.10979e-08 -4.92233e-09 
2.8824e-09 -4.93585e-09 
2.84528e-09 -4.90364e-09 
3.30457e-09 -4.98818e-09 
2.24714e-09 -4.9916e-09 
2.73183e-09 -4.88799e-09 
3.93355e-09 -5.14138e-10 
3.60926e-09 -1.72561e-08 
-4.06698e-09 -4.91688e-09 
3.01774e-09 -4.22552e-09 
2.92844e-09 -4.9942e-09 
-2.85289e-09 -5.42916e-09 
2.47255e-09 -1.23787e-08 
2.70056e-09 -5.72675e-09 
4.32684e-08 -5.34508e-09 
2.55943e-09 -4.60764e-09 
4.45568e-09 -4.32666e-09 
7.21094e-09 -5.39756e-09 
4.04473e-09 -8.99098e-10 
2.94204e-09 -6.13121e-09 
2.45173e-09 -6.57368e-09 
2.72035e-09 -7.62364e-09 
2.23267e-09 -4.97962e-09 
2.72439e-09 -4.16241e-09 
3.67271e-10 -5.70394e-09 
1.18219e-08 -3.54975e-09 
3.16831e-09 -4.54923e-09 
-6.19952e-09 -5.01178e-09 
9.59878e-09 -5.31175e-09 
