-9.64208e-06 2.6251e-06 
1.02154e-05 -7.92947e-05 
0.000127532 -2.90719e-05 
-1.36323e-05 1.29814e-05 
-6.50248e-06 -1.60082e-06 
5.73849e-05 1.44737e-05 
-1.49697e-05 3.96167e-06 
4.32108e-06 -7.16208e-06 
3.69371e-06 7.85615e-06 
-4.55772e-07 -5.33957e-06 
-2.06694e-06 1.28407e-05 
-3.22743e-06 2.75224e-06 
3.7484e-06 7.43316e-07 
7.24803e-07 -3.14586e-05 
-3.87738e-06 2.29298e-05 
5.96145e-06 1.01463e-05 
-2.23816e-06 -4.23188e-06 
7.27703e-06 -1.89883e-05 
2.20356e-06 0.000465149 
-2.72068e-05 -2.90445e-05 
