2.89843e-06 1.01822e-05 
-2.46545e-05 -8.84538e-05 
0.000188176 7.74552e-06 
-1.73177e-05 9.80668e-06 
4.70715e-06 -7.41283e-06 
-7.06475e-06 3.8881e-05 
-3.84844e-06 6.86752e-06 
6.4617e-06 -1.99267e-06 
-3.18592e-06 6.63496e-06 
-1.05248e-06 -2.8572e-06 
3.46633e-06 2.49177e-06 
-3.71869e-07 5.23129e-06 
7.28158e-06 1.60058e-06 
-3.65764e-06 7.29284e-05 
-1.70076e-05 2.14984e-05 
1.12332e-05 1.65094e-05 
4.45921e-06 1.69266e-05 
-5.50006e-05 2.92177e-05 
2.48012e-05 0.000197675 
3.90646e-05 -2.74387e-05 
