2.73802e-09 -4.89252e-09 
2.6589e-09 -3.77986e-09 
2.80946e-09 -4.54722e-09 
1.31579e-09 -3.21175e-10 
3.14886e-09 -5.0593e-09 
2.73656e-09 -4.62706e-09 
3.10914e-09 -4.89458e-09 
3.10634e-09 -4.76382e-09 
-8.37189e-10 6.25776e-11 
8.3684e-09 -4.8942e-09 
3.20653e-09 -5.00663e-09 
9.18886e-09 -5.69479e-09 
2.36576e-09 -2.72893e-08 
-1.35538e-08 -4.79896e-09 
2.9297e-09 -4.60651e-09 
-4.36641e-09 -5.29001e-09 
-1.30074e-09 -4.92088e-09 
3.10756e-09 1.86538e-10 
6.46674e-09 -6.11173e-09 
2.88235e-09 -3.43314e-09 
3.37742e-09 -3.69321e-09 
-3.09951e-09 -5.43745e-09 
-3.58289e-09 -4.93008e-09 
4.67107e-09 -4.79557e-09 
5.22929e-10 -4.85945e-09 
1.97548e-09 -5.17122e-09 
2.74273e-09 -4.91049e-09 
3.89458e-09 2.2511e-09 
3.17541e-09 3.50796e-09 
1.12347e-10 -4.82324e-09 
2.86076e-09 -2.99936e-09 
3.03805e-09 -4.94063e-09 
2.43916e-09 -6.47807e-09 
3.02028e-09 -7.0489e-11 
2.74011e-09 -6.73257e-11 
-3.76483e-08 -4.93657e-09 
3.98191e-09 -4.55688e-09 
-1.93099e-09 -5.66247e-09 
1.31513e-09 -4.5108e-09 
6.37398e-09 -6.50875e-09 
2.86594e-09 -4.14074e-09 
3.06128e-09 -6.69871e-09 
-7.41173e-10 -2.23144e-09 
1.37512e-09 -4.16373e-09 
2.73137e-09 -3.54827e-09 
2.26102e-09 -5.40357e-09 
1.5812e-08 -5.5245e-09 
2.92009e-09 -4.12862e-09 
7.2381e-09 -4.83022e-09 
9.08247e-09 -5.925e-09 
