-0.0917515 0.895639 
-0.471448 0.545588 
-0.657271 1.80811 
1.60128 0.425944 
-0.412233 0.445656 
0.0456823 1.26391 
1.9115 0.111887 
-0.195001 0.55364 
-0.114422 0.621825 
0.471196 0.46383 
4.23814 -0.207457 
0.0590685 0.594074 
-1.17617 0.622907 
1.02575 0.840149 
-0.76828 0.746619 
0.680261 0.385556 
0.692531 0.481957 
0.029402 0.930898 
-0.143553 0.843539 
-0.108908 0.177831 
-0.299954 -0.474361 
0.917937 -0.677315 
-0.399476 0.866708 
0.0378862 0.657132 
-0.443647 0.591773 
0.217099 0.660223 
1.54875 0.725216 
7.5077 0.739816 
-0.2967 0.596478 
-0.214845 0.686493 
-0.0472865 0.672758 
1.02937 2.6744 
0.218683 0.853469 
-0.246868 0.362276 
-0.439764 0.0345663 
0.260285 0.596918 
0.00896936 1.0286 
-0.476948 5.58757 
-0.0504391 0.550006 
-0.281299 0.469743 
-0.662795 0.372769 
1.55224 0.380948 
-0.00628472 -0.0301568 
-0.394459 -0.188368 
0.239918 1.11162 
1.40326 0.335071 
1.77694 1.44706 
-0.787387 0.838823 
-0.372267 0.406258 
0.665412 0.340465 
