1.48128e-05 1.41302e-05 
-1.60417e-05 -3.5969e-06 
-6.52034e-05 2.08239e-05 
1.10809e-05 6.11739e-06 
1.04908e-05 3.22229e-06 
-4.27666e-05 5.23077e-05 
5.03394e-06 1.03969e-05 
1.97095e-05 -7.23328e-06 
3.44227e-06 8.92058e-06 
-5.25488e-07 4.5953e-06 
7.58477e-06 1.22955e-06 
-8.53615e-08 6.14789e-06 
9.80292e-06 9.06647e-06 
-6.95355e-06 8.83625e-05 
1.61621e-05 -1.18107e-05 
9.94859e-06 1.57145e-05 
2.897e-06 2.73654e-05 
2.90288e-05 1.08071e-05 
2.60288e-05 -0.000269051 
2.68004e-05 2.51264e-05 
