2.73804e-09 -4.89294e-09 
1.74003e-09 -5.15011e-09 
2.77228e-09 -4.52781e-09 
5.03263e-10 -6.37247e-10 
1.71666e-09 -4.6036e-09 
4.03257e-09 -4.55018e-09 
1.19351e-09 -4.88993e-09 
3.52834e-09 -4.87403e-09 
-6.70529e-10 -2.39307e-09 
4.8286e-09 -4.8911e-09 
2.4473e-09 -5.11997e-09 
2.14827e-10 -5.06894e-09 
2.40283e-09 -1.17691e-08 
-1.91946e-08 -5.06801e-09 
2.51642e-09 -4.67813e-09 
7.41169e-09 -3.31986e-09 
-1.79051e-10 -4.96304e-09 
1.66717e-09 -2.29874e-09 
7.00071e-09 -2.69624e-09 
3.20858e-09 -5.50135e-09 
3.87077e-09 -4.1799e-09 
6.61881e-10 -5.38431e-09 
-1.16266e-10 -4.93016e-09 
4.79508e-09 -4.98635e-09 
1.2955e-09 -5.00686e-09 
5.59353e-10 -5.16101e-09 
2.74291e-09 -4.75677e-09 
4.00453e-09 -1.96504e-08 
1.36852e-09 -2.4973e-08 
6.68881e-10 -4.80058e-09 
2.76401e-09 -5.92276e-09 
2.51247e-09 -4.9855e-09 
-4.9059e-09 -3.09635e-09 
2.28786e-09 -1.23451e-08 
2.69998e-09 -9.81586e-09 
2.15083e-08 -5.11928e-09 
1.08221e-09 -4.69181e-09 
5.2549e-09 -5.00735e-09 
4.55223e-09 -4.71271e-09 
6.23985e-09 -5.8136e-09 
2.96541e-09 -8.60151e-09 
2.09857e-09 -5.76743e-09 
3.87503e-09 -6.25919e-09 
2.93603e-09 -4.3805e-09 
2.73545e-09 -4.02153e-09 
1.74402e-09 -5.09932e-09 
1.51777e-08 -4.14665e-09 
2.835e-09 -6.09241e-09 
8.29559e-11 -4.98975e-09 
1.51311e-08 -4.65142e-09 
