2.73796e-09 -4.89288e-09 
2.1219e-09 -5.90146e-09 
2.79443e-09 -4.17691e-09 
-1.63608e-10 2.21229e-09 
2.55976e-09 -4.54732e-09 
1.83882e-09 -4.47577e-09 
1.91035e-09 -4.89402e-09 
3.92272e-09 -4.93192e-09 
-1.91568e-10 -4.98907e-09 
4.76143e-11 -4.89583e-09 
2.80404e-09 -4.96174e-09 
-1.78009e-09 -5.09244e-09 
2.55877e-09 -1.30479e-08 
-2.09954e-09 -4.86836e-09 
3.49721e-09 -4.83489e-09 
2.39218e-09 -3.48918e-09 
1.64329e-08 -4.94856e-09 
6.94802e-10 -1.3571e-09 
1.03448e-09 -5.07545e-09 
3.72752e-09 -5.82306e-09 
3.74265e-09 -4.19441e-09 
-1.34042e-09 -5.41531e-09 
-1.92352e-09 -4.89457e-09 
2.18293e-09 -4.80779e-09 
3.02905e-09 -4.98856e-09 
-2.38316e-09 -4.94862e-09 
2.74648e-09 -4.67152e-09 
2.8968e-09 1.04095e-09 
1.90782e-09 -2.37448e-08 
1.48027e-10 -4.86626e-09 
2.74028e-09 -5.71555e-09 
2.38224e-09 -5.02703e-09 
1.46634e-09 -6.18854e-09 
2.77341e-09 -4.18135e-09 
2.66599e-09 -6.77404e-09 
1.23351e-08 -5.12554e-09 
1.46501e-09 -4.5053e-09 
5.13789e-09 -5.48587e-09 
5.73899e-09 -4.67062e-09 
4.17447e-09 -4.98823e-09 
2.83468e-09 -5.31774e-09 
2.23199e-09 -6.08714e-09 
3.60633e-09 -6.1601e-09 
4.51353e-09 -5.08111e-09 
2.73379e-09 -4.52905e-09 
9.90875e-10 -4.8374e-09 
-3.16889e-09 -2.8195e-09 
3.02856e-09 -5.97951e-09 
1.92807e-09 -4.93782e-09 
-6.11e-09 -4.77777e-09 
