1.58542e-05 1.26192e-05 
7.02978e-06 2.22712e-05 
-0.000141324 -4.34728e-05 
2.3375e-05 4.69742e-06 
7.99523e-06 1.51744e-05 
2.81625e-06 1.07358e-05 
3.59756e-06 7.56989e-06 
1.68809e-05 1.69979e-07 
8.64355e-06 9.87917e-06 
5.26834e-06 3.76904e-06 
8.67006e-06 8.68999e-06 
-2.41069e-06 9.10994e-06 
8.8895e-06 1.02977e-05 
-6.30349e-06 -8.83125e-05 
4.9875e-06 -2.13158e-06 
4.55441e-06 5.94918e-06 
-2.10854e-06 2.77497e-05 
4.46179e-05 -2.78867e-05 
2.75864e-05 -0.000196782 
1.32504e-05 6.28533e-05 
