0.122129 1.1197 
-0.921166 0.37308 
-0.485184 0.272639 
1.35119 1.47326 
-0.370475 0.369139 
-0.120341 1.6781 
1.14024 0.25277 
-0.0141553 0.66958 
-0.107763 0.612733 
0.269546 0.606902 
4.84855 0.229846 
0.538773 1.15993 
-0.84825 1.03803 
0.565623 1.39823 
-0.61963 0.959419 
0.713067 0.400567 
0.269635 0.439752 
0.0946967 0.822799 
-0.14029 0.256884 
-0.143559 1.17843 
0.0365684 0.0440729 
0.362084 -0.567869 
1.39167 1.62919 
-0.319271 0.683055 
-0.133667 0.545805 
0.00933729 0.898232 
0.626071 0.680734 
1.88951 -0.0616783 
-0.255218 0.60629 
-0.0342148 0.866745 
-0.00610203 1.3553 
1.06546 1.90255 
-0.0461055 1.3273 
-0.244864 0.580719 
-0.451848 0.278326 
0.663732 0.436348 
0.232449 1.22831 
0.19202 0.00520257 
0.95097 1.14351 
-0.350682 0.512891 
0.157052 1.24368 
0.419231 0.101821 
-0.1433 0.496273 
-0.085647 0.466423 
-0.150246 0.975302 
1.30813 0.884182 
-0.343981 1.29987 
-0.642756 0.549058 
-0.505353 0.389731 
0.721857 0.356198 
