2.73776e-09 -4.89272e-09 
3.05755e-09 -3.08465e-09 
2.72212e-09 -4.58054e-09 
4.41233e-09 -4.44333e-09 
2.55824e-09 -4.62784e-09 
5.01624e-09 -4.45808e-09 
2.00559e-09 -4.87648e-09 
2.72274e-09 -4.84994e-09 
1.88121e-09 -1.55823e-09 
7.73341e-09 -4.89165e-09 
2.98048e-09 -5.31419e-09 
3.99477e-09 -5.04785e-09 
2.07571e-09 -8.77399e-09 
4.38574e-09 -4.97251e-09 
9.13251e-10 -3.77555e-09 
-2.92475e-09 -5.44378e-10 
-5.25248e-09 -4.79696e-09 
3.77199e-09 -5.04434e-10 
1.40593e-08 -3.24438e-09 
3.30308e-09 -4.08715e-09 
2.49192e-09 -4.1727e-09 
-2.99398e-09 -5.12979e-09 
6.05854e-10 -5.03244e-09 
5.3103e-09 -4.83959e-09 
8.18947e-10 -4.76818e-09 
1.19977e-09 -5.03555e-09 
2.74172e-09 -4.99999e-09 
5.33296e-09 -1.02867e-08 
2.19276e-09 -5.94197e-09 
2.78652e-09 -4.64095e-09 
3.11231e-09 -5.67302e-09 
3.21803e-09 -4.81524e-09 
-8.68874e-09 -6.99666e-09 
3.20415e-09 -6.22848e-09 
2.71837e-09 -4.51206e-09 
-7.05772e-09 -5.13305e-09 
3.21105e-09 -4.87825e-09 
2.3404e-09 -4.6466e-09 
6.08479e-09 -4.49659e-09 
3.37351e-09 -3.01648e-09 
2.70729e-09 -4.41838e-09 
3.63108e-09 -6.00498e-09 
4.92808e-09 -4.60561e-09 
3.25834e-09 -5.15564e-09 
2.73316e-09 -3.08061e-09 
2.42091e-09 -5.97634e-09 
2.42684e-08 -3.32181e-09 
2.74877e-09 -5.39932e-09 
6.5487e-09 -4.91399e-09 
1.16833e-08 -5.57045e-09 
