1.12837e-06 2.5313e-06 
3.28585e-05 -0.000136777 
8.31634e-05 -4.68347e-05 
-3.98956e-06 5.56114e-06 
1.20026e-06 -9.98566e-06 
3.39912e-05 -2.44531e-05 
9.92263e-06 4.221e-06 
1.62172e-05 4.00571e-06 
9.23586e-06 1.42441e-06 
8.44402e-06 2.66149e-06 
3.65061e-06 5.16011e-07 
-2.62447e-06 2.93488e-06 
3.22265e-06 6.94426e-06 
-1.07768e-05 8.34686e-05 
-1.24901e-05 1.94349e-05 
1.78794e-06 -9.89763e-07 
1.53051e-06 -1.78659e-05 
1.11415e-05 1.23056e-05 
2.08875e-05 1.17587e-06 
2.67675e-05 -4.23954e-05 
