2.73779e-09 -4.89282e-09 
2.87393e-09 -3.45511e-09 
2.7905e-09 -4.93787e-09 
8.60867e-10 3.84526e-09 
2.17044e-09 -4.60668e-09 
2.47512e-09 -4.34802e-09 
1.39917e-09 -4.88404e-09 
4.32907e-09 -4.87427e-09 
-2.10177e-09 -6.20447e-09 
-8.92837e-11 -4.88064e-09 
2.67528e-09 -4.90254e-09 
1.34274e-09 -5.04367e-09 
2.30917e-09 -1.2396e-08 
-1.17309e-08 -4.93763e-09 
2.67328e-09 -5.22467e-09 
-2.84199e-10 -9.65603e-09 
-3.36407e-10 -5.17268e-09 
1.37538e-09 -7.01803e-09 
3.4754e-09 -3.0826e-09 
3.37102e-09 -3.85911e-09 
3.32227e-09 -2.59919e-09 
-1.45661e-09 -5.05099e-09 
6.93607e-10 -4.93421e-09 
2.35326e-09 -4.92748e-09 
2.88667e-09 -5.30868e-09 
5.08389e-10 -5.14086e-09 
2.74545e-09 -4.69852e-09 
4.1176e-09 8.57761e-09 
2.24631e-09 -1.32896e-08 
-1.08795e-09 -4.84316e-09 
2.76907e-09 2.81358e-09 
3.49272e-09 -5.17978e-09 
7.99366e-09 -8.10346e-09 
1.7803e-09 9.3873e-10 
2.6109e-09 2.84835e-10 
-2.2626e-08 -5.18266e-09 
3.08489e-09 -4.74868e-09 
6.14548e-09 -6.55752e-09 
5.08347e-09 -4.92767e-09 
4.79773e-09 -6.86763e-09 
2.98534e-09 -6.61769e-09 
2.63291e-09 -5.15451e-09 
2.80487e-09 -8.63502e-09 
2.01035e-09 -4.33331e-09 
2.73784e-09 -4.19589e-09 
1.17657e-09 -3.92863e-09 
-1.05494e-08 -5.75639e-09 
2.89112e-09 -5.15759e-09 
2.56878e-09 -4.97113e-09 
1.54169e-08 -5.5621e-09 
