-1.33629e-06 -2.47801e-06 
-2.22284e-07 -5.39047e-05 
8.6087e-05 5.35227e-05 
4.42236e-06 2.98209e-06 
-1.63789e-06 -8.00436e-06 
1.14721e-05 1.53465e-05 
-4.85057e-06 5.52626e-06 
2.14348e-05 -1.86115e-05 
-8.20815e-07 1.83499e-06 
-2.6989e-06 -1.07597e-06 
6.28658e-06 -3.13924e-06 
3.43122e-06 -2.11039e-06 
1.17417e-06 8.46354e-06 
-1.04432e-05 -2.0506e-05 
1.77089e-06 -1.55863e-05 
1.79838e-06 1.52016e-07 
2.95862e-06 1.48879e-06 
-1.75667e-05 4.31167e-05 
1.16796e-05 -8.94926e-05 
2.30077e-05 -7.69656e-05 
