2.73775e-09 -4.89281e-09 
2.64278e-09 -2.47056e-09 
2.74891e-09 -4.80812e-09 
2.40858e-09 -6.50071e-09 
2.07714e-09 -4.72818e-09 
2.53954e-09 -4.24691e-09 
1.46322e-09 -4.86458e-09 
4.33111e-09 -4.93313e-09 
3.61733e-10 -2.41425e-09 
2.1107e-09 -4.87582e-09 
2.7653e-09 -4.89575e-09 
-3.68399e-09 -5.08336e-09 
1.94362e-09 -4.59704e-09 
-5.7808e-09 -4.87571e-09 
9.96712e-10 -5.00409e-09 
-1.6394e-09 -6.14915e-09 
3.15309e-09 -5.07092e-09 
3.13773e-09 -5.13961e-09 
1.11848e-08 -7.864e-09 
2.11426e-09 -4.01242e-09 
4.00637e-09 -7.24422e-10 
-2.94224e-09 -5.62134e-09 
-1.53308e-10 -4.92391e-09 
3.81114e-09 -4.92276e-09 
2.7347e-10 -5.19552e-09 
1.43925e-09 -4.73424e-09 
2.74741e-09 -4.81378e-09 
3.22184e-09 -4.99238e-09 
2.30463e-09 9.54007e-09 
9.67337e-10 -4.61609e-09 
2.8998e-09 -1.15913e-09 
3.38709e-09 -4.72921e-09 
-6.53769e-09 -6.46769e-09 
2.3448e-09 7.70304e-09 
2.667e-09 2.16268e-10 
-6.40491e-09 -5.17392e-09 
4.27147e-09 -4.70683e-09 
1.02269e-08 -4.46857e-09 
4.95798e-09 -4.96999e-09 
3.06405e-09 -7.50253e-09 
2.65254e-09 -6.49238e-09 
2.74146e-09 -6.38371e-09 
1.40276e-09 -9.80467e-09 
3.83087e-09 -4.43323e-09 
2.73815e-09 -4.74912e-09 
-4.08262e-10 -4.68427e-09 
2.13825e-09 -5.23308e-09 
2.90064e-09 -5.39679e-09 
9.56931e-09 -4.84961e-09 
1.02527e-08 -5.78782e-09 
