2.73783e-09 -4.89279e-09 
2.06924e-09 -1.38182e-09 
2.65861e-09 -4.4253e-09 
2.78057e-09 5.44817e-09 
2.17976e-09 -4.71636e-09 
3.4398e-09 -4.34418e-09 
2.31552e-09 -4.87705e-09 
6.22299e-09 -4.99432e-09 
-2.95622e-09 -5.05918e-09 
6.07852e-09 -4.89248e-09 
2.6656e-09 -4.97219e-09 
-3.24926e-09 -4.74586e-09 
2.13967e-09 -1.16152e-08 
8.73163e-09 -4.95708e-09 
1.03584e-09 -4.88515e-09 
-5.19183e-09 -5.54099e-09 
-4.57691e-09 -4.99548e-09 
2.29161e-09 -4.00182e-09 
1.64601e-08 -1.75047e-09 
3.14424e-09 -3.45764e-09 
2.65012e-09 -2.84032e-09 
-2.04561e-09 -5.80398e-09 
1.71346e-09 -4.96076e-09 
1.43282e-09 -4.97281e-09 
3.12085e-09 -5.08851e-09 
1.4195e-09 -5.19514e-09 
2.73911e-09 -4.80528e-09 
2.92372e-09 -7.85267e-09 
2.8364e-09 -1.04291e-08 
4.83773e-09 -4.27013e-09 
2.63371e-09 -5.51301e-09 
3.60884e-09 -4.82666e-09 
-7.10718e-09 -5.18067e-09 
2.88418e-09 1.18059e-10 
2.74729e-09 -1.34432e-09 
-2.67893e-08 -5.0145e-09 
3.01889e-09 -4.81661e-09 
3.27501e-09 -4.24967e-09 
1.6602e-09 -4.97521e-09 
3.06886e-09 -4.06519e-09 
2.77398e-09 -6.02862e-09 
3.16277e-09 -4.5218e-09 
4.76567e-09 -9.87898e-09 
2.3007e-09 -4.53777e-09 
2.73359e-09 -4.28787e-09 
3.50643e-10 -5.11905e-09 
6.95163e-09 -5.02563e-09 
2.84379e-09 -5.25442e-09 
1.07526e-08 -4.94329e-09 
-3.74015e-09 -5.70365e-09 
