-1.14534e-06 1.69085e-07 
-2.46507e-05 2.02595e-06 
2.55132e-05 1.29999e-05 
4.6131e-06 4.30757e-07 
-9.02862e-06 3.46393e-06 
-7.78979e-06 -9.21986e-06 
-9.80538e-06 6.15839e-06 
2.44626e-05 -1.76518e-05 
-8.16062e-06 2.13465e-06 
-1.96636e-06 3.11886e-07 
1.54898e-07 3.0275e-06 
4.54389e-06 -1.80707e-06 
-6.09142e-07 4.83151e-06 
-2.55348e-06 -8.46695e-05 
1.70672e-06 -2.33774e-05 
-7.14915e-07 2.11803e-06 
-3.71887e-07 1.45557e-05 
-5.19043e-07 4.33517e-05 
4.52128e-06 1.37293e-05 
6.26493e-06 -5.30578e-05 
