2.73782e-09 -4.89277e-09 
3.39113e-09 -4.8701e-09 
2.73297e-09 -4.75698e-09 
3.78599e-11 -4.03695e-10 
2.03671e-09 -4.57379e-09 
2.77078e-09 -3.9551e-09 
2.90952e-09 -4.85581e-09 
3.88076e-09 -4.78813e-09 
2.94956e-09 -4.23961e-09 
4.58194e-09 -4.87603e-09 
2.87703e-09 -5.2221e-09 
9.01447e-09 -5.02861e-09 
1.99378e-09 -6.90683e-10 
4.50441e-10 -4.90973e-09 
2.17438e-09 -4.12205e-09 
-4.2214e-09 -5.6595e-09 
2.21933e-08 -4.85661e-09 
3.31156e-09 -3.94476e-09 
5.12717e-09 -5.26957e-09 
2.92068e-09 -4.11986e-09 
3.12474e-09 -1.67198e-09 
-8.07731e-10 -5.96028e-09 
-1.31139e-09 -4.97557e-09 
4.10085e-09 -5.02727e-09 
1.36868e-09 -4.94833e-09 
8.60847e-10 -4.88265e-09 
2.74069e-09 -4.87719e-09 
4.50899e-09 1.65941e-09 
1.84727e-09 -4.1948e-09 
-8.48845e-10 -4.85001e-09 
2.99079e-09 -6.04763e-09 
2.37431e-09 -4.88728e-09 
-3.75987e-09 -4.0743e-09 
2.14975e-09 6.39697e-09 
2.69747e-09 -3.94418e-09 
-8.89851e-10 -5.26747e-09 
2.65599e-09 -4.75606e-09 
8.45518e-09 -4.78663e-09 
3.97131e-09 -4.81935e-09 
1.32282e-09 -7.35477e-09 
2.76537e-09 -5.80735e-09 
2.88355e-09 -4.43821e-09 
5.23027e-09 -1.18608e-08 
2.94109e-09 -4.5361e-09 
2.74175e-09 -4.0122e-09 
3.63379e-09 -5.48857e-09 
3.44751e-09 -3.72126e-09 
2.94191e-09 -5.09987e-09 
1.36189e-08 -4.96553e-09 
2.16622e-08 -5.55277e-09 
