2.7378e-09 -4.89276e-09 
3.35913e-09 -6.82131e-09 
2.85473e-09 -4.66436e-09 
3.1686e-10 -7.91347e-09 
2.6578e-09 -4.52562e-09 
2.45779e-09 -4.05576e-09 
2.70129e-09 -4.89557e-09 
2.25346e-09 -4.67213e-09 
7.95012e-10 -3.8339e-09 
3.31639e-09 -4.87828e-09 
2.99954e-09 -5.01891e-09 
1.4838e-08 -5.20658e-09 
2.28926e-09 -4.74476e-09 
-5.63571e-09 -4.91854e-09 
2.28024e-09 -4.79235e-09 
1.05544e-09 -6.12642e-09 
1.40867e-08 -4.99648e-09 
2.07585e-09 -2.12361e-09 
1.8363e-09 -5.8393e-09 
2.91709e-09 -5.03248e-09 
3.23067e-09 -4.60928e-09 
2.52608e-09 -5.30632e-09 
1.68649e-09 -4.95349e-09 
6.32718e-09 -5.04384e-09 
1.23074e-09 -4.80148e-09 
2.64426e-09 -5.12701e-09 
2.74169e-09 -4.80521e-09 
3.57312e-09 3.09057e-09 
2.08102e-09 -6.39999e-09 
-6.62729e-10 -5.13919e-09 
3.04819e-09 -4.90075e-09 
2.21938e-09 -5.12001e-09 
-1.29793e-09 -9.70093e-09 
2.30935e-09 8.02482e-09 
2.65094e-09 -2.54989e-09 
-6.83677e-09 -5.45856e-09 
2.98452e-09 -4.78758e-09 
8.02222e-09 -6.61992e-09 
4.91641e-09 -4.57937e-09 
6.22734e-09 -6.41998e-09 
2.86525e-09 -5.94571e-09 
3.10093e-09 -4.93509e-09 
3.28743e-09 -3.11071e-09 
2.4753e-09 -4.40626e-09 
2.73845e-09 -4.07341e-09 
2.59855e-09 -5.77782e-09 
3.88121e-09 -3.46221e-09 
2.81358e-09 -4.80473e-09 
4.88549e-09 -4.92417e-09 
1.19051e-08 -4.67661e-09 
