2.73781e-09 -4.89277e-09 
6.05279e-10 -6.48338e-09 
2.75114e-09 -4.0026e-09 
2.10429e-09 -7.25034e-09 
2.81745e-09 -4.87879e-09 
3.91374e-09 -4.41291e-09 
1.77915e-09 -4.91993e-09 
2.06117e-09 -4.90987e-09 
-3.01224e-09 -4.17933e-09 
2.9444e-09 -4.88344e-09 
3.03927e-09 -5.07898e-09 
1.14375e-08 -5.43208e-09 
2.53129e-09 -1.86392e-08 
-5.70038e-09 -5.00452e-09 
2.335e-10 -5.30542e-09 
2.99528e-09 -5.1333e-09 
-2.45617e-09 -5.01617e-09 
1.31566e-09 -2.40571e-09 
1.05817e-09 2.94431e-10 
3.35352e-09 -4.33954e-09 
2.64998e-09 -5.30919e-09 
2.73424e-10 -4.28596e-09 
7.11007e-10 -4.97787e-09 
2.53113e-09 -4.83198e-09 
1.45683e-09 -4.82986e-09 
3.20375e-09 -5.10297e-09 
2.74477e-09 -4.83297e-09 
2.23117e-09 -6.57298e-09 
2.52237e-09 -8.57659e-09 
2.30929e-09 -5.01572e-09 
2.99374e-09 -1.62513e-09 
2.72677e-09 -5.11543e-09 
1.38217e-09 -7.21826e-09 
2.60555e-09 -2.38885e-09 
2.66153e-09 -2.03753e-09 
-1.89149e-08 -4.74554e-09 
3.42784e-09 -4.83233e-09 
-1.30725e-09 -5.44076e-09 
3.79096e-09 -4.72752e-09 
6.82611e-09 -3.39699e-09 
2.8215e-09 -6.19304e-09 
3.11706e-09 -7.34756e-09 
2.83776e-09 -4.41732e-09 
1.23039e-09 -4.2468e-09 
2.73309e-09 -3.98486e-09 
-2.98803e-10 -4.96573e-09 
5.5166e-09 -5.01919e-09 
2.76713e-09 -4.90277e-09 
-2.13128e-09 -4.89228e-09 
3.64246e-09 -5.38487e-09 
