2.73782e-09 -4.89278e-09 
2.83218e-09 -2.35508e-09 
2.72232e-09 -4.67797e-09 
3.89213e-09 -8.13479e-10 
1.98944e-09 -4.74102e-09 
3.42752e-09 -4.68946e-09 
3.31924e-09 -4.85868e-09 
6.75039e-09 -4.78751e-09 
3.79074e-09 -2.96153e-09 
8.38074e-09 -4.88614e-09 
2.73071e-09 -5.23602e-09 
-9.28677e-09 -4.86022e-09 
2.23218e-09 -1.61237e-09 
-1.05183e-08 -4.88661e-09 
1.11511e-09 -3.62154e-09 
-9.85611e-10 -6.36393e-09 
1.69284e-08 -4.88151e-09 
2.52024e-09 -4.41139e-09 
1.87808e-08 -5.02632e-09 
3.58406e-09 -4.70826e-09 
3.04943e-09 -3.09694e-09 
-1.96142e-09 -5.62865e-09 
7.55392e-10 -4.94477e-09 
7.48663e-09 -4.88527e-09 
8.91531e-10 -5.15671e-09 
-8.15862e-10 -5.0275e-09 
2.74445e-09 -4.74165e-09 
4.718e-09 1.11726e-09 
2.36012e-09 -5.68436e-09 
6.50886e-10 -4.72208e-09 
2.92807e-09 -3.87589e-09 
3.43893e-09 -4.77962e-09 
-8.62996e-09 -5.33465e-09 
2.46958e-09 -2.97941e-09 
2.75433e-09 -1.05706e-09 
-4.69725e-09 -5.62235e-09 
2.83882e-09 -4.80069e-09 
1.08126e-08 -5.08427e-09 
3.35383e-09 -4.60483e-09 
2.74265e-10 -7.70687e-09 
2.86801e-09 -6.3311e-09 
3.34368e-09 -3.97523e-09 
5.97485e-09 -6.79968e-09 
2.85463e-09 -4.81436e-09 
2.73642e-09 -3.421e-09 
1.50162e-09 -6.26246e-09 
3.98389e-09 -3.40652e-09 
3.00227e-09 -5.0934e-09 
8.49629e-09 -4.98164e-09 
1.16157e-08 -5.46493e-09 
