2.73782e-09 -4.89278e-09 
3.6027e-09 -4.7015e-09 
2.79214e-09 -4.03884e-09 
9.93739e-10 -5.04642e-09 
2.74631e-09 -4.79824e-09 
2.54834e-09 -4.56532e-09 
3.88068e-09 -4.88839e-09 
3.31956e-09 -4.75049e-09 
6.49542e-09 -2.66602e-09 
4.61886e-09 -4.88134e-09 
3.02586e-09 -4.95177e-09 
-1.19836e-08 -5.11535e-09 
1.88721e-09 -9.10422e-09 
1.60873e-09 -4.93968e-09 
4.01504e-09 -4.37896e-09 
3.29363e-09 -7.03221e-09 
-4.11425e-09 -4.90688e-09 
2.81852e-09 -2.12517e-09 
1.24364e-08 -5.50135e-09 
3.08692e-09 -5.87804e-09 
3.13217e-09 -2.64312e-09 
2.4822e-09 -5.59536e-09 
-5.55573e-11 -4.9541e-09 
8.69167e-09 -4.97734e-09 
2.76565e-09 -4.89699e-09 
-1.59574e-09 -5.01243e-09 
2.74111e-09 -4.80355e-09 
5.84767e-09 1.17524e-09 
2.25562e-09 -1.10894e-08 
9.84021e-10 -4.95242e-09 
3.1669e-09 -5.68557e-09 
2.59681e-09 -4.93952e-09 
-7.39044e-09 -1.02783e-08 
2.06138e-09 -6.56869e-10 
2.74421e-09 -1.42854e-09 
-1.85853e-09 -5.36329e-09 
1.92114e-09 -4.80215e-09 
4.18248e-09 -5.19898e-09 
3.74016e-09 -4.41005e-09 
4.33803e-09 -5.45186e-09 
2.74964e-09 -5.59963e-09 
3.01225e-09 -3.48629e-09 
4.4337e-09 -5.17879e-09 
2.38881e-09 -4.56802e-09 
2.73611e-09 -4.16156e-09 
2.42832e-09 -5.44771e-09 
3.4883e-09 -4.07951e-09 
2.6945e-09 -5.15595e-09 
3.46568e-09 -4.91129e-09 
1.93365e-08 -4.92795e-09 
