-0.134054 0.416855 
0.0698711 0.770346 
0.161178 1.59236 
0.060546 1.26667 
0.00141826 0.42983 
-0.528762 0.264238 
-0.633958 1.07189 
0.00203372 0.644731 
-0.109497 0.615599 
0.0180208 0.730622 
-3.0164 0.200398 
0.114937 0.522767 
-0.541999 0.666622 
-0.248534 1.14439 
-0.154012 0.68328 
-0.667111 0.502663 
-0.432707 0.783797 
-0.206836 0.831354 
-0.0933419 0.718803 
-0.155079 0.597303 
0.054988 1.26532 
-0.368844 0.894247 
-0.80913 0.221966 
-0.619889 0.57922 
-0.0860233 0.633981 
0.0169338 0.543128 
-1.94454 0.788707 
2.35366 1.84519 
0.196578 0.624203 
-0.152829 0.445415 
-0.1606 -0.103424 
-0.947476 -0.536328 
-0.142265 0.0878501 
0.251388 0.812654 
-0.0655299 0.595972 
-0.161853 0.800019 
-0.185624 0.150465 
-0.0944569 -0.673567 
-0.931301 0.929634 
0.0423167 0.669135 
-0.444472 -0.600903 
0.178419 0.526842 
-0.148585 1.12465 
-0.0920012 1.28187 
-0.145052 0.224811 
-1.02577 0.373953 
0.171762 0.264503 
-0.461268 1.13399 
0.0148839 0.696861 
-1.39707 0.781695 
