2.73782e-09 -4.89278e-09 
3.71023e-09 -3.84895e-09 
2.70255e-09 -4.1422e-09 
4.43091e-09 -2.92423e-09 
2.19593e-09 -4.89461e-09 
3.10829e-09 -4.56813e-09 
2.57279e-09 -4.88179e-09 
8.645e-09 -4.82363e-09 
-5.50334e-09 -3.68879e-09 
6.46691e-09 -4.87019e-09 
2.93262e-09 -5.25409e-09 
-6.76788e-09 -4.84013e-09 
1.24957e-09 -9.79925e-09 
8.92258e-09 -4.9282e-09 
-1.43048e-09 -3.99111e-09 
3.03587e-09 -8.04153e-09 
-5.26811e-10 -4.99333e-09 
3.11932e-09 -3.15479e-09 
5.02098e-09 -2.96313e-09 
4.95077e-09 -4.76924e-09 
2.9182e-09 -4.40101e-09 
-1.60295e-09 -5.48913e-09 
-2.25467e-09 -5.00558e-09 
3.77436e-09 -4.87111e-09 
3.73989e-09 -5.0314e-09 
3.17427e-10 -5.08688e-09 
2.73658e-09 -4.72893e-09 
4.75276e-09 7.3151e-09 
2.59559e-09 -1.1609e-08 
-1.1236e-09 -4.93522e-09 
3.08539e-09 -2.79675e-09 
2.45765e-09 -4.77138e-09 
-3.57296e-09 -6.21179e-09 
2.87035e-09 -6.93319e-09 
2.72115e-09 6.03039e-10 
-4.47372e-09 -5.30858e-09 
2.18578e-09 -4.73194e-09 
3.89163e-09 -4.34878e-09 
5.21144e-09 -4.46438e-09 
6.78342e-10 -5.34186e-09 
2.67896e-09 -7.41934e-09 
3.477e-09 -4.16352e-09 
4.23828e-09 -6.82005e-09 
2.12868e-09 -5.36557e-09 
2.73194e-09 -4.68216e-09 
7.97187e-10 -5.0174e-09 
1.1943e-09 -2.35785e-09 
2.79391e-09 -5.37113e-09 
8.36786e-10 -4.98886e-09 
6.82627e-09 -4.95532e-09 
