-1.12486e-05 5.94406e-06 
-2.60421e-05 2.19315e-05 
3.34144e-05 4.39849e-05 
-7.09497e-06 3.91573e-06 
-1.50146e-06 -3.64753e-06 
-5.9361e-06 4.43215e-06 
1.02716e-05 8.32343e-06 
-3.19877e-06 -3.65557e-06 
4.8981e-07 5.87189e-06 
-2.97778e-06 6.06141e-06 
-6.94266e-06 -2.23859e-06 
-1.3728e-05 5.02306e-06 
-9.62597e-06 9.23945e-06 
-7.12116e-06 4.65059e-05 
7.44234e-06 -2.0177e-05 
-9.5566e-07 4.39863e-07 
-9.5866e-06 1.29999e-05 
-1.74522e-05 1.00718e-05 
2.54527e-05 -4.47048e-05 
1.73226e-05 -0.000151811 
