2.73782e-09 -4.89277e-09 
1.59621e-09 -4.18608e-09 
2.8799e-09 -4.80169e-09 
3.78005e-09 9.2479e-11 
2.49594e-09 -4.26633e-09 
3.36751e-09 -5.33426e-09 
2.32816e-09 -4.8858e-09 
6.57243e-09 -4.77011e-09 
2.89556e-10 -4.6927e-09 
5.20983e-09 -4.90289e-09 
2.63479e-09 -5.29688e-09 
4.22455e-09 -5.20805e-09 
1.81971e-09 -2.33124e-09 
-1.13299e-08 -4.87038e-09 
3.3713e-09 -4.68354e-09 
-1.23584e-08 -5.17865e-09 
2.20427e-08 -4.90603e-09 
-2.19852e-10 -4.16811e-09 
7.64096e-09 -3.01035e-09 
2.28452e-09 -4.16686e-09 
2.79718e-09 -3.58572e-09 
1.83399e-09 -4.9782e-09 
2.3082e-09 -4.91591e-09 
2.3995e-09 -4.82386e-09 
-3.58463e-09 -5.02807e-09 
2.33052e-09 -5.04692e-09 
2.74401e-09 -4.92429e-09 
3.83429e-09 -1.0651e-08 
2.01319e-09 -7.09664e-09 
-1.99942e-09 -4.62889e-09 
2.67317e-09 -2.36661e-09 
3.28678e-09 -4.97623e-09 
-2.61588e-09 -2.06319e-09 
2.52966e-09 5.86161e-09 
2.70016e-09 -7.89711e-09 
-7.44651e-09 -4.84225e-09 
4.69122e-09 -4.74922e-09 
8.06283e-09 -6.79728e-09 
5.7099e-09 -5.13104e-09 
6.73022e-09 -5.78703e-09 
2.92863e-09 -6.24114e-09 
2.98405e-09 -5.23962e-09 
3.71699e-09 -4.93607e-09 
2.43806e-09 -5.30966e-09 
2.73766e-09 -4.12795e-09 
7.92508e-10 -5.50777e-09 
5.17072e-09 -6.14406e-09 
2.73122e-09 -5.17794e-09 
7.89239e-09 -5.03484e-09 
6.20621e-09 -5.16412e-09 
