2.73781e-09 -4.89278e-09 
2.94806e-09 -4.85122e-09 
2.53397e-09 -3.91568e-09 
-3.66547e-10 -6.09026e-09 
2.40463e-09 -4.90413e-09 
3.181e-09 -4.65331e-09 
2.42954e-09 -4.88733e-09 
2.62375e-09 -4.86161e-09 
2.66049e-09 -3.74242e-09 
3.99106e-09 -4.86559e-09 
2.77759e-09 -4.67446e-09 
2.80636e-09 -4.90907e-09 
2.88786e-09 -1.2067e-08 
6.9395e-09 -4.97452e-09 
7.98198e-10 -4.31399e-09 
1.65896e-08 -7.60931e-09 
6.25813e-09 -5.03515e-09 
3.08328e-09 -4.60768e-09 
3.85065e-09 -2.9574e-09 
4.4757e-09 -3.74864e-09 
3.26125e-09 -4.96919e-09 
2.98996e-09 -5.43034e-09 
-1.5009e-09 -4.99386e-09 
3.72335e-09 -4.93564e-09 
3.14656e-09 -4.93985e-09 
1.35096e-09 -5.11597e-09 
2.74314e-09 -4.61646e-09 
4.28506e-09 -6.59986e-09 
2.37228e-09 -1.06067e-08 
2.82886e-09 -4.76224e-09 
2.81359e-09 -4.94097e-09 
2.59279e-09 -4.98511e-09 
6.81798e-10 -1.12669e-08 
2.07039e-09 -3.63708e-09 
2.66506e-09 4.06567e-09 
-4.04384e-08 -5.6824e-09 
2.11628e-09 -4.94553e-09 
4.3128e-09 -4.40153e-09 
2.41525e-09 -4.53887e-09 
5.98181e-10 -4.83495e-09 
2.58359e-09 -7.23535e-09 
3.66749e-09 -4.58103e-09 
3.96557e-09 -6.95337e-09 
2.31093e-09 -3.87724e-09 
2.73031e-09 -4.75852e-09 
2.36546e-09 -5.50096e-09 
4.42822e-09 -5.25089e-09 
2.94879e-09 -4.78739e-09 
1.78808e-09 -4.78846e-09 
1.44484e-08 -5.18592e-09 
