2.73781e-09 -4.89278e-09 
2.99481e-09 -4.15162e-09 
2.88534e-09 -5.10949e-09 
7.84819e-11 -8.57914e-10 
2.61169e-09 -4.80273e-09 
2.63641e-09 -3.8545e-09 
1.96042e-09 -4.88199e-09 
1.46686e-09 -4.86804e-09 
3.01277e-10 -6.47126e-09 
2.4791e-09 -4.87489e-09 
3.03743e-09 -4.75701e-09 
9.14488e-09 -5.39544e-09 
3.0893e-09 -1.3143e-08 
1.32835e-09 -5.03921e-09 
1.29571e-09 -4.69203e-09 
2.56546e-08 -4.53294e-09 
1.57051e-08 -5.04722e-09 
4.26668e-09 -2.79785e-09 
4.88445e-09 -4.59372e-09 
3.80712e-09 -4.7688e-09 
3.39428e-09 -4.70285e-09 
-3.29693e-09 -5.26371e-09 
3.71579e-09 -4.9246e-09 
7.62495e-09 -4.93735e-09 
5.58669e-09 -5.02453e-09 
-7.04972e-10 -4.88517e-09 
2.7393e-09 -5.08274e-09 
2.98053e-09 -3.94746e-09 
2.67879e-09 -9.69279e-09 
1.90593e-09 -4.78317e-09 
2.94393e-09 -3.06227e-09 
2.95797e-09 -4.9912e-09 
-1.46095e-09 -1.43181e-08 
2.32603e-09 -4.97874e-09 
2.70529e-09 1.35842e-09 
-3.50324e-08 -5.35141e-09 
4.02467e-09 -4.96269e-09 
-1.30819e-09 -5.24156e-09 
4.32571e-09 -4.44466e-09 
3.36524e-10 -5.15627e-09 
3.10971e-09 -5.54636e-09 
2.31138e-09 -5.67656e-09 
5.04581e-09 -5.81565e-09 
1.99795e-09 -2.98946e-09 
2.73862e-09 -4.35301e-09 
3.35225e-09 -5.55277e-09 
8.3302e-09 -7.15189e-09 
2.8199e-09 -5.57184e-09 
-3.78357e-10 -4.73049e-09 
7.32828e-09 -5.12469e-09 
