2.73782e-09 -4.89277e-09 
1.59799e-09 -4.71158e-09 
2.42265e-09 -3.83066e-09 
5.69725e-09 -2.9394e-09 
2.44656e-09 -4.42062e-09 
4.16669e-09 -5.06258e-09 
2.92352e-09 -4.8792e-09 
2.99602e-09 -4.76267e-09 
-1.20186e-09 -5.69322e-09 
3.37721e-09 -4.88508e-09 
2.64234e-09 -5.26004e-09 
5.22165e-10 -4.78767e-09 
2.11996e-09 -4.50221e-09 
-2.0524e-08 -4.83984e-09 
4.9216e-10 -4.17482e-09 
-1.96017e-08 -7.24592e-09 
-4.05605e-09 -4.84107e-09 
3.12457e-10 -4.41687e-09 
6.98926e-09 -1.45044e-09 
3.50148e-09 -4.01802e-09 
2.75705e-09 -4.04074e-09 
5.79166e-10 -5.42257e-09 
-4.09422e-09 -4.99879e-09 
9.92427e-10 -4.64446e-09 
-9.00311e-10 -4.92646e-09 
1.97762e-09 -5.29503e-09 
2.74653e-09 -4.64403e-09 
2.97559e-09 6.26541e-09 
1.9777e-09 -8.75555e-09 
2.941e-10 -4.81067e-09 
3.35202e-09 -2.84057e-09 
2.71797e-09 -4.96262e-09 
-4.30279e-09 1.6369e-09 
2.68424e-09 6.08437e-09 
2.61751e-09 -7.51742e-09 
-9.9125e-09 -4.60277e-09 
4.09097e-09 -4.75222e-09 
8.86458e-09 -5.67133e-09 
2.58133e-09 -4.92645e-09 
9.53084e-09 -4.83284e-09 
2.61875e-09 -6.88589e-09 
3.5655e-09 -5.62123e-09 
3.26578e-09 -7.51825e-09 
2.98041e-09 -5.76311e-09 
2.73381e-09 -4.5983e-09 
1.49044e-09 -4.71529e-09 
1.52436e-09 -2.51063e-09 
2.74339e-09 -4.81426e-09 
1.07731e-08 -5.13856e-09 
-5.16289e-10 -5.24534e-09 
