2.73782e-09 -4.89278e-09 
2.17892e-09 -4.4757e-09 
2.37378e-09 -3.75496e-09 
-1.1391e-09 -2.88208e-09 
2.59255e-09 -5.15354e-09 
4.74995e-09 -4.74763e-09 
2.58035e-09 -4.8922e-09 
5.87209e-09 -4.87779e-09 
1.30001e-09 -1.99477e-09 
3.29015e-09 -4.87237e-09 
2.57517e-09 -4.59919e-09 
6.77633e-10 -5.02595e-09 
2.45162e-09 -1.10732e-08 
-1.38332e-08 -4.87742e-09 
3.2349e-09 -4.48667e-09 
-2.75436e-08 -6.08787e-09 
-1.21967e-09 -4.8673e-09 
3.66114e-09 -3.89527e-09 
9.77333e-09 -3.40676e-10 
3.69937e-09 -3.8467e-09 
2.60202e-09 -5.32281e-09 
3.5181e-09 -5.05262e-09 
-7.12251e-09 -4.94043e-09 
6.95875e-10 -4.93601e-09 
1.60829e-09 -5.00878e-09 
3.46462e-09 -5.37374e-09 
2.75066e-09 -4.43765e-09 
5.17383e-09 5.42884e-09 
2.35731e-09 -5.91623e-09 
1.80108e-09 -4.85442e-09 
2.33427e-09 -4.38657e-09 
2.51042e-09 -4.93152e-09 
2.00026e-09 -8.00539e-09 
2.30945e-09 -2.17671e-09 
2.53627e-09 3.2043e-09 
-1.68312e-08 -4.77429e-09 
2.0441e-09 -4.78891e-09 
9.91114e-09 -5.51118e-09 
1.22148e-09 -4.67498e-09 
5.46031e-09 -5.06455e-09 
2.86626e-09 -4.73896e-09 
3.8348e-09 -4.25898e-09 
3.47187e-09 -6.5964e-09 
1.45482e-09 -4.27847e-09 
2.73181e-09 -5.03172e-09 
1.38664e-09 -4.90733e-09 
6.41713e-10 -3.82837e-09 
3.16759e-09 -5.00169e-09 
4.43094e-10 -4.96914e-09 
4.05464e-09 -5.44014e-09 
