2.73781e-09 -4.89278e-09 
1.6799e-09 -5.42547e-09 
3.33885e-09 -4.2966e-09 
-5.73298e-10 -1.69803e-09 
2.25948e-09 -4.43935e-09 
1.33727e-09 -4.76621e-09 
2.03974e-09 -4.86014e-09 
2.47605e-09 -4.76457e-09 
-6.38821e-10 -2.77094e-09 
5.51004e-09 -4.89323e-09 
3.25993e-09 -5.4521e-09 
7.39296e-09 -5.01144e-09 
2.05561e-09 -1.08062e-08 
8.4676e-09 -4.93836e-09 
-3.10935e-10 -4.82341e-09 
2.56831e-08 -5.68791e-09 
7.20369e-09 -5.0108e-09 
1.28995e-09 -3.62161e-09 
3.07381e-09 -3.62854e-09 
2.56886e-09 -4.68713e-09 
3.56014e-09 -1.65794e-09 
-2.39019e-09 -5.58531e-09 
1.27129e-08 -4.93236e-09 
7.64062e-09 -4.76881e-09 
1.35956e-10 -4.86332e-09 
-2.06278e-09 -4.88455e-09 
2.74211e-09 -5.05196e-09 
3.78166e-09 -4.20688e-09 
2.90937e-09 -7.07824e-09 
-1.91198e-09 -4.79065e-09 
3.46964e-09 -3.83017e-09 
3.10207e-09 -4.93935e-09 
2.54414e-09 -5.38024e-09 
2.67259e-09 1.74282e-09 
2.76657e-09 -2.73376e-09 
-1.60137e-08 -5.26038e-09 
3.8879e-09 -4.79198e-09 
3.41441e-09 -5.41744e-09 
5.10943e-09 -4.98748e-09 
1.90826e-09 -5.68474e-09 
2.95346e-09 -7.43369e-09 
1.75295e-09 -6.20578e-09 
5.53353e-09 -5.76488e-09 
2.64588e-09 -4.07666e-09 
2.73466e-09 -3.62892e-09 
2.07569e-09 -5.07289e-09 
7.83923e-09 -5.71372e-09 
2.92403e-09 -5.11145e-09 
8.97584e-09 -4.91787e-09 
2.17763e-08 -4.91798e-09 
