2.73782e-09 -4.89278e-09 
1.90429e-09 -4.94084e-09 
2.31619e-09 -4.42237e-09 
4.01734e-09 -3.69686e-09 
2.64876e-09 -4.27878e-09 
4.14189e-09 -4.482e-09 
3.17389e-09 -4.88988e-09 
3.32714e-09 -4.85833e-09 
-1.02347e-09 -5.28723e-09 
5.64336e-09 -4.89116e-09 
2.7054e-09 -4.88998e-09 
2.98198e-09 -4.70584e-09 
2.00355e-09 -6.48287e-09 
-8.37179e-09 -4.83541e-09 
-1.53533e-10 -4.35331e-09 
1.00048e-09 -7.36892e-09 
4.39763e-09 -4.93219e-09 
3.16477e-10 -2.33287e-09 
8.58583e-09 6.8472e-10 
4.30417e-09 -4.95871e-09 
2.4396e-09 -5.25175e-09 
-3.74576e-09 -5.13377e-09 
5.25078e-09 -4.93238e-09 
3.74213e-10 -4.68817e-09 
-2.10597e-09 -4.84175e-09 
-4.62456e-09 -5.49645e-09 
2.74109e-09 -5.06169e-09 
9.57408e-10 -2.53358e-09 
2.30959e-09 -7.92399e-09 
-2.88142e-09 -4.91067e-09 
2.55789e-09 -2.23709e-09 
3.3481e-09 -4.89547e-09 
-4.83153e-09 -2.81994e-10 
2.48099e-09 4.23439e-09 
2.71777e-09 -7.46767e-09 
-6.03946e-09 -4.78668e-09 
4.41254e-09 -4.75878e-09 
6.1601e-09 -4.81172e-09 
6.61655e-09 -5.13991e-09 
8.84881e-09 -5.07761e-09 
2.84598e-09 -7.4776e-09 
2.50299e-09 -5.03481e-09 
2.12027e-09 -6.70794e-09 
2.29106e-09 -6.06159e-09 
2.73319e-09 -3.87088e-09 
1.7789e-09 -4.70426e-09 
-3.40887e-10 -5.4311e-09 
2.93695e-09 -5.00034e-09 
4.41176e-09 -5.03909e-09 
6.28931e-09 -5.44513e-09 
