2.73782e-09 -4.89278e-09 
2.12828e-09 -4.41997e-09 
2.27249e-09 -4.30695e-09 
2.0521e-09 -3.968e-09 
2.48678e-09 -4.68875e-09 
1.62275e-09 -4.51923e-09 
2.73992e-09 -4.88745e-09 
1.70766e-09 -4.82707e-09 
-2.10445e-10 -3.60662e-09 
8.06551e-09 -4.88873e-09 
3.17082e-09 -5.37211e-09 
4.0694e-09 -4.41026e-09 
2.25979e-09 -5.4377e-09 
-1.61635e-08 -4.90055e-09 
-1.02543e-09 -4.26327e-09 
3.49624e-09 -9.4836e-09 
4.33059e-09 -5.01351e-09 
7.83089e-10 1.18796e-09 
4.73539e-09 -6.46828e-09 
3.53271e-09 -4.62057e-09 
2.74048e-09 -3.07977e-09 
-3.86332e-09 -5.48046e-09 
9.10407e-09 -5.00157e-09 
1.32979e-09 -4.78692e-09 
-2.64433e-10 -4.84847e-09 
-3.324e-09 -5.17306e-09 
2.7401e-09 -4.9482e-09 
1.35338e-09 -8.71614e-09 
2.77448e-09 -7.5661e-09 
-2.21074e-09 -4.80775e-09 
3.30979e-09 -5.29437e-09 
3.35644e-09 -4.83068e-09 
-3.00366e-09 -3.32152e-09 
2.60073e-09 -5.05864e-09 
2.66981e-09 -1.01968e-08 
-1.2371e-08 -4.87392e-09 
5.00086e-09 -4.75917e-09 
6.4547e-09 -5.51025e-09 
4.58836e-09 -4.94669e-09 
1.03435e-08 -5.8756e-09 
2.987e-09 -7.20136e-09 
2.48613e-09 -4.76666e-09 
4.83023e-09 -5.58397e-09 
1.6806e-09 -3.50275e-09 
2.73452e-09 -4.35903e-09 
2.02489e-09 -5.35071e-09 
2.2887e-09 -4.89764e-09 
2.84621e-09 -5.16926e-09 
3.34196e-09 -4.84429e-09 
2.22717e-08 -5.19885e-09 
