2.73782e-09 -4.89278e-09 
2.7167e-09 -4.35105e-09 
2.13287e-09 -4.31607e-09 
1.08722e-09 2.38898e-10 
2.33312e-09 -4.3218e-09 
5.926e-09 -5.04967e-09 
2.43837e-09 -4.87155e-09 
3.7065e-09 -4.82239e-09 
2.23093e-09 -4.33656e-09 
2.94173e-09 -4.88061e-09 
3.19504e-09 -5.90044e-09 
3.49364e-09 -4.66939e-09 
2.29552e-09 7.18315e-09 
-2.68654e-08 -4.96278e-09 
-1.07431e-09 -3.56347e-09 
-1.16252e-09 -8.00931e-09 
2.27474e-09 -4.83195e-09 
1.65058e-10 5.7818e-10 
4.47481e-09 -1.66516e-09 
3.35665e-09 -5.14227e-09 
3.45768e-09 -5.49313e-09 
2.99616e-10 -4.93001e-09 
8.89549e-09 -4.99599e-09 
5.64018e-09 -4.66817e-09 
-4.52533e-09 -4.98424e-09 
5.69722e-10 -5.05093e-09 
2.74113e-09 -5.23222e-09 
5.41066e-09 -9.09707e-09 
2.44436e-09 -8.26451e-09 
-5.78235e-09 -4.82273e-09 
2.80902e-09 -6.68107e-10 
3.1779e-09 -4.84868e-09 
-6.97267e-09 -6.4573e-09 
2.45568e-09 -5.68614e-09 
2.60452e-09 -1.75848e-10 
-8.2493e-09 -4.65005e-09 
5.49697e-09 -4.75183e-09 
6.31346e-09 -3.46237e-09 
6.71276e-09 -4.97293e-09 
1.14707e-08 -5.73195e-09 
2.58521e-09 -7.32043e-09 
3.55684e-09 -5.66341e-09 
1.69504e-09 -4.61553e-09 
1.87894e-09 -5.00543e-09 
2.73063e-09 -4.60864e-09 
1.43591e-09 -4.90017e-09 
6.56611e-09 -4.71573e-09 
2.82168e-09 -4.84213e-09 
4.84589e-09 -5.11726e-09 
4.68518e-09 -5.71882e-09 
