0.206642 1.19384 
-0.897648 0.455065 
-1.35624 1.50811 
-0.31628 -0.47791 
-0.679056 0.147083 
-0.32569 0.930052 
-0.275977 0.76216 
-0.238527 0.430427 
-0.219366 0.374494 
-0.138149 0.0639612 
3.35446 0.365759 
-0.126041 0.336803 
-1.12832 0.623357 
-0.126811 1.1422 
-0.670314 0.654701 
-0.36578 0.287084 
-0.253526 0.214504 
-0.270747 0.560851 
-0.536193 0.590894 
-0.179901 0.640735 
-0.269955 -0.318557 
0.0647457 -0.562883 
0.052196 0.0871861 
-0.403383 0.168419 
-0.272566 0.399808 
-0.269074 0.755433 
-0.196775 0.707117 
-0.36793 0.156539 
-0.420549 0.345509 
-0.375628 0.447655 
-0.324522 0.894385 
0.0532685 1.58645 
1.69816 0.401378 
-0.418297 0.748494 
0.00410648 0.399293 
-0.530622 0.354929 
0.107765 0.838065 
-0.359255 -0.0332073 
0.437064 0.325703 
-0.560187 -0.00746117 
-0.374755 1.04484 
0.823114 0.146887 
-0.203272 0.664778 
-0.228569 0.0426851 
-0.302193 0.534863 
0.216478 0.435836 
-0.449204 0.948747 
-0.400249 0.099471 
-0.657995 0.334012 
0.419429 0.0458387 
