2.73782e-09 -4.89278e-09 
2.85366e-09 -4.53439e-09 
3.46865e-09 -4.8193e-09 
4.26431e-10 4.17093e-10 
2.31188e-09 -4.25337e-09 
3.90905e-09 -4.7335e-09 
1.66605e-09 -4.87194e-09 
4.39106e-09 -4.80143e-09 
-2.10421e-09 -3.40233e-09 
3.0068e-09 -4.88216e-09 
2.95324e-09 -4.15661e-09 
2.92347e-09 -4.95072e-09 
2.02996e-09 -1.81048e-08 
8.30955e-09 -4.98628e-09 
2.17903e-09 -4.92043e-09 
-2.3749e-09 -3.29024e-09 
1.10983e-08 -4.9304e-09 
1.02756e-09 -8.88399e-09 
1.13016e-08 -2.57073e-09 
2.59922e-09 -5.0612e-09 
2.91751e-09 -3.68238e-09 
5.14107e-09 -5.20564e-09 
-7.68096e-09 -4.86478e-09 
5.50635e-09 -4.96158e-09 
-5.52251e-09 -5.07452e-09 
5.50579e-09 -4.93132e-09 
2.74724e-09 -4.48063e-09 
6.15861e-09 2.42856e-09 
1.97167e-09 -7.11336e-09 
3.4852e-09 -4.80659e-09 
2.72355e-09 -3.98726e-09 
2.78948e-09 -4.90361e-09 
-3.45189e-09 -1.08163e-08 
2.12903e-09 8.5153e-10 
2.6766e-09 3.14307e-09 
-1.09259e-08 -4.9042e-09 
1.5536e-09 -4.88459e-09 
7.00606e-09 -4.85769e-09 
4.98473e-09 -4.46837e-09 
-1.32305e-09 -4.79983e-09 
2.55748e-09 -7.21116e-09 
3.35853e-09 -6.00145e-09 
1.46488e-09 -6.58663e-09 
1.49167e-09 -5.14272e-09 
2.72672e-09 -3.66153e-09 
1.7056e-09 -5.03954e-09 
5.01557e-09 -3.40629e-09 
2.92982e-09 -5.04121e-09 
7.24627e-09 -5.22059e-09 
-4.4873e-09 -5.38222e-09 
