2.73782e-09 -4.89278e-09 
2.6083e-09 -4.63052e-09 
3.42362e-09 -4.71984e-09 
6.20776e-10 -6.83713e-09 
2.42285e-09 -5.12474e-09 
1.26842e-09 -4.26095e-09 
1.57762e-09 -4.89287e-09 
3.13856e-09 -4.82779e-09 
-1.98336e-09 -2.19336e-09 
7.88607e-09 -4.88313e-09 
2.70328e-09 -4.27349e-09 
3.57409e-09 -5.17933e-09 
2.57474e-09 -2.38496e-08 
2.26731e-08 -4.86654e-09 
3.17882e-09 -5.70203e-09 
-2.54083e-09 -5.15903e-09 
8.63154e-09 -5.05332e-09 
2.53596e-09 -4.61284e-09 
4.22344e-09 -5.33435e-09 
3.58687e-09 -4.75679e-09 
2.83411e-09 -2.95362e-09 
-2.58573e-09 -5.34948e-09 
-5.68154e-09 -5.03103e-09 
4.54366e-09 -5.07813e-09 
7.90043e-09 -4.78423e-09 
-1.67371e-09 -4.94245e-09 
2.74543e-09 -4.50108e-09 
1.8034e-09 3.35701e-10 
1.74157e-09 -6.86433e-09 
5.84665e-09 -4.81565e-09 
3.05849e-09 -5.01442e-09 
3.01799e-09 -5.09743e-09 
-4.31446e-10 -6.01509e-09 
2.20624e-09 4.84546e-09 
2.76501e-09 -1.31275e-09 
4.27998e-09 -5.68509e-09 
2.08351e-09 -4.92276e-09 
6.50787e-09 -6.6505e-09 
1.70273e-09 -4.37813e-09 
1.10298e-09 -5.58645e-09 
3.10542e-09 -5.86815e-09 
3.21105e-09 -6.65393e-09 
7.12059e-09 -5.83383e-09 
1.49548e-09 -4.14637e-09 
2.73828e-09 -4.31095e-09 
1.99305e-09 -5.19037e-09 
5.80542e-09 -4.66464e-09 
3.10759e-09 -5.48096e-09 
2.94332e-09 -4.96534e-09 
-2.61212e-09 -5.10889e-09 
