2.73782e-09 -4.89278e-09 
1.79583e-09 -4.86576e-09 
2.03784e-09 -3.65745e-09 
3.81011e-09 -3.75611e-09 
2.55216e-09 -4.93504e-09 
4.00883e-09 -4.61998e-09 
2.24747e-09 -4.90694e-09 
3.01e-09 -4.85108e-09 
1.55828e-09 -2.4072e-09 
5.40219e-09 -4.89268e-09 
2.68048e-09 -5.68316e-09 
4.67464e-09 -5.17449e-09 
2.13852e-09 -5.12886e-09 
3.19844e-09 -4.96479e-09 
-9.48813e-10 -4.73168e-09 
1.31402e-09 -6.50304e-09 
1.31242e-09 -5.05951e-09 
3.01527e-09 -1.52292e-10 
2.08184e-09 -3.45808e-09 
3.48068e-09 -3.8216e-09 
2.80877e-09 -5.26601e-09 
-2.7861e-09 -5.38164e-09 
6.86106e-09 -5.06988e-09 
3.24566e-09 -4.68798e-09 
1.60298e-09 -4.61905e-09 
-4.70086e-09 -4.99481e-09 
2.73511e-09 -5.09236e-09 
3.02635e-09 -5.66925e-09 
1.7684e-09 -8.07983e-09 
-3.48682e-09 -4.74029e-09 
3.31815e-09 -3.92489e-09 
3.07194e-09 -5.01127e-09 
1.97639e-09 -5.94657e-09 
2.55879e-09 5.84015e-09 
2.71774e-09 -7.99784e-09 
-6.77941e-09 -5.77935e-09 
4.34875e-09 -4.6922e-09 
2.34877e-09 -5.49859e-09 
3.68738e-09 -5.12683e-09 
5.05209e-09 -5.59378e-09 
3.23452e-09 -5.25843e-09 
2.84988e-09 -4.53806e-09 
7.50403e-09 -6.25225e-09 
1.77572e-09 -4.11179e-09 
2.74568e-09 -4.17239e-09 
1.31892e-09 -5.48266e-09 
5.22268e-09 -5.46567e-09 
2.83687e-09 -5.31354e-09 
3.90492e-09 -4.68428e-09 
1.57228e-08 -4.95366e-09 
