2.73782e-09 -4.89278e-09 
2.23541e-09 -4.15619e-09 
2.41271e-09 -3.95702e-09 
4.61972e-09 7.76119e-10 
2.46623e-09 -4.67013e-09 
5.4293e-09 -5.01855e-09 
2.3179e-09 -4.8849e-09 
3.0597e-09 -4.80892e-09 
3.76251e-09 -5.5218e-09 
1.53325e-10 -4.89261e-09 
2.66756e-09 -5.59486e-09 
3.5014e-09 -5.18914e-09 
2.19692e-09 4.29582e-09 
-3.108e-08 -5.00237e-09 
-1.53941e-09 -3.82432e-09 
-1.74531e-11 -7.60986e-09 
7.97735e-09 -4.79645e-09 
1.75767e-09 -6.18262e-10 
4.66287e-09 -1.47207e-09 
2.92825e-09 -3.48823e-09 
3.19926e-09 -3.9167e-09 
-2.6899e-09 -5.14405e-09 
5.02792e-09 -4.9194e-09 
6.07914e-09 -4.78122e-09 
-3.48402e-09 -5.02286e-09 
-4.95786e-10 -5.00459e-09 
2.73953e-09 -5.03737e-09 
4.71952e-09 -5.46534e-09 
3.32779e-09 -6.9952e-09 
-6.47439e-09 -4.82019e-09 
2.8283e-09 -3.71878e-09 
2.85744e-09 -4.86715e-09 
-6.19013e-09 -9.45903e-09 
2.84534e-09 -6.58615e-09 
2.59478e-09 -8.55428e-09 
-2.67813e-08 -4.36392e-09 
5.00759e-09 -4.54248e-09 
1.09545e-09 -5.12527e-09 
4.83254e-09 -5.37051e-09 
6.17738e-09 -4.91535e-09 
3.16107e-09 -6.22273e-09 
3.30102e-09 -3.9534e-09 
8.8602e-10 -6.1409e-09 
3.09915e-09 -5.14278e-09 
2.73341e-09 -3.81815e-09 
1.64647e-09 -5.29467e-09 
5.71499e-09 -4.68091e-09 
2.99268e-09 -5.0973e-09 
4.27673e-09 -5.08652e-09 
2.43586e-08 -5.55709e-09 
