2.73782e-09 -4.89278e-09 
3.03037e-09 -4.22135e-09 
2.76031e-09 -5.10687e-09 
-6.13669e-10 1.39196e-09 
2.53711e-09 -4.41972e-09 
3.2214e-09 -4.08611e-09 
1.52879e-09 -4.87235e-09 
2.92263e-09 -4.74828e-09 
-4.46542e-09 -6.19034e-09 
3.28791e-09 -4.87754e-09 
2.83579e-09 -4.60002e-09 
2.37599e-09 -5.26395e-09 
2.33937e-09 -1.52465e-08 
-3.54577e-08 -4.97431e-09 
5.35986e-09 -4.58403e-09 
2.67157e-10 -4.61145e-09 
1.48543e-08 -4.75385e-09 
2.22256e-09 -4.19999e-09 
3.9406e-09 -4.97032e-09 
2.51007e-09 -5.0034e-09 
2.98757e-09 -3.75202e-09 
-6.09856e-10 -4.94459e-09 
-3.60853e-09 -4.80617e-09 
4.02138e-09 -4.97533e-09 
7.52807e-10 -5.23331e-09 
3.31735e-09 -5.22078e-09 
2.75109e-09 -4.66389e-09 
3.46517e-09 1.06633e-10 
2.87995e-09 -9.56237e-09 
6.32868e-09 -4.87093e-09 
2.53667e-09 -2.3463e-09 
2.82706e-09 -5.10029e-09 
-3.40129e-09 -6.91708e-09 
2.58578e-09 -3.63973e-09 
2.56282e-09 2.82628e-09 
-1.97175e-09 -5.12877e-09 
4.21885e-09 -4.9466e-09 
5.79752e-09 -5.47939e-09 
3.06979e-09 -4.05606e-09 
5.3136e-09 -4.69728e-09 
2.37315e-09 -6.3146e-09 
3.22847e-09 -5.54629e-09 
-8.51328e-10 -5.36397e-09 
1.9405e-09 -5.2809e-09 
2.72233e-09 -3.67887e-09 
6.71554e-10 -5.05005e-09 
2.23252e-09 -3.30601e-09 
2.89222e-09 -5.01296e-09 
4.93216e-09 -5.07472e-09 
-3.11173e-09 -5.44829e-09 
