2.73782e-09 -4.89278e-09 
2.96666e-09 -4.0222e-09 
3.01855e-09 -4.34325e-09 
-1.46635e-09 -2.82461e-09 
2.35446e-09 -4.26178e-09 
1.48504e-09 -4.22317e-09 
1.88279e-09 -4.88304e-09 
2.89622e-09 -4.74729e-09 
-8.78343e-09 -2.01112e-09 
7.73496e-09 -4.87241e-09 
2.92977e-09 -4.38768e-09 
5.46872e-09 -4.96229e-09 
2.64357e-09 -2.16257e-08 
1.50919e-08 -4.93844e-09 
2.09362e-09 -5.15576e-09 
9.68808e-10 -3.48152e-09 
1.50358e-08 -5.04336e-09 
2.69225e-09 -6.96059e-09 
8.58092e-09 -7.16447e-09 
3.87387e-09 -5.22781e-09 
2.56688e-09 -3.78169e-09 
7.19991e-10 -4.97174e-09 
-6.484e-09 -4.95754e-09 
1.99117e-09 -4.89909e-09 
6.06182e-09 -5.00165e-09 
1.25121e-09 -5.21859e-09 
2.74991e-09 -4.72765e-09 
3.17584e-09 4.54244e-09 
2.15995e-09 -8.79559e-09 
9.71725e-09 -4.80006e-09 
2.7982e-09 -2.13588e-09 
2.80312e-09 -4.9492e-09 
-2.80165e-09 -6.84774e-09 
2.29301e-09 4.33996e-09 
2.89317e-09 2.24129e-09 
-7.28476e-09 -5.52609e-09 
3.17696e-09 -5.05271e-09 
5.04256e-09 -5.62884e-09 
2.69477e-09 -4.45573e-09 
9.91533e-10 -5.32798e-09 
2.2688e-09 -4.79739e-09 
2.74281e-09 -6.23257e-09 
1.09624e-08 -5.74681e-09 
1.21478e-09 -4.82325e-09 
2.72795e-09 -3.47799e-09 
2.76645e-09 -5.02814e-09 
2.20375e-09 -4.65919e-09 
2.91526e-09 -5.07111e-09 
7.35257e-09 -5.00666e-09 
-6.43097e-09 -5.34062e-09 
