2.73782e-09 -4.89278e-09 
1.96197e-09 -3.84856e-09 
2.78306e-09 -3.73769e-09 
4.97155e-09 -7.72411e-10 
2.67475e-09 -4.38432e-09 
3.31392e-09 -5.28507e-09 
2.32976e-09 -4.89108e-09 
4.55315e-09 -4.96838e-09 
6.95723e-10 -1.58723e-09 
3.94925e-09 -4.90495e-09 
2.90219e-09 -5.64396e-09 
4.73319e-09 -5.16586e-09 
2.22329e-09 -2.20369e-08 
1.9273e-08 -4.88736e-09 
-1.74888e-09 -5.21246e-09 
-1.33971e-10 -5.70665e-09 
-2.38485e-09 -5.1758e-09 
1.72683e-09 -3.45709e-09 
8.50533e-09 -1.66121e-09 
4.8344e-09 -4.53575e-09 
3.55333e-09 -4.21005e-09 
3.76666e-09 -5.32337e-09 
6.15673e-09 -5.11245e-09 
3.17007e-09 -4.79757e-09 
1.33921e-09 -4.78739e-09 
-1.90371e-09 -5.05387e-09 
2.73e-09 -4.95426e-09 
4.47131e-09 -6.47291e-09 
2.2725e-09 -7.75603e-09 
5.05922e-09 -4.74477e-09 
3.54008e-09 -5.47733e-09 
3.08873e-09 -4.99582e-09 
1.48155e-09 -7.82966e-09 
2.06416e-09 6.37901e-09 
2.67641e-09 -4.02006e-09 
-1.49952e-08 -5.50576e-09 
1.97101e-09 -4.9756e-09 
2.92029e-09 -4.75682e-09 
5.4391e-09 -4.96304e-09 
-8.33391e-10 -5.39511e-09 
3.3562e-09 -5.64323e-09 
3.1463e-09 -6.81007e-09 
1.4661e-08 -6.99073e-09 
2.8954e-09 -4.06948e-09 
2.74502e-09 -3.96671e-09 
3.58028e-09 -5.60179e-09 
3.81432e-09 -4.33484e-09 
3.03116e-09 -5.35117e-09 
7.87543e-09 -4.81048e-09 
1.67713e-08 -5.30139e-09 
