2.73782e-09 -4.89278e-09 
3.25168e-09 -3.45979e-09 
3.03436e-09 -4.16048e-09 
-2.66174e-10 2.70619e-09 
2.86563e-09 -4.69554e-09 
2.89259e-09 -3.26742e-09 
2.39242e-09 -4.88414e-09 
2.84812e-09 -4.60184e-09 
1.67185e-09 -3.21887e-09 
3.4411e-09 -4.87044e-09 
2.7343e-09 -4.39428e-09 
2.99946e-09 -4.64687e-09 
2.72371e-09 -5.6797e-09 
6.06041e-09 -4.89413e-09 
-3.28304e-09 -3.88662e-09 
-3.00172e-09 -4.96944e-09 
1.62573e-08 -4.93224e-09 
2.38229e-09 -4.92152e-09 
2.12867e-09 -2.86777e-09 
4.56725e-09 -5.04104e-09 
2.61687e-09 -2.47503e-09 
-2.67838e-09 -5.54667e-09 
-7.84558e-09 -4.91063e-09 
5.32413e-09 -4.85245e-09 
3.61956e-09 -5.15209e-09 
5.75655e-09 -4.91145e-09 
2.75389e-09 -4.73423e-09 
3.37349e-09 2.87155e-09 
2.38827e-09 -1.022e-08 
-5.26352e-10 -4.79525e-09 
2.7644e-09 -1.78683e-09 
3.26609e-09 -5.11101e-09 
-3.73657e-09 -8.6224e-09 
2.48325e-09 -1.38466e-09 
2.67281e-09 2.55838e-09 
-1.23446e-09 -5.17925e-09 
3.10704e-09 -4.50147e-09 
5.3945e-09 -6.68304e-09 
3.13451e-09 -4.80091e-09 
3.90084e-09 -4.85079e-09 
2.81106e-09 -5.6035e-09 
2.59837e-09 -6.76923e-09 
-1.976e-10 -6.35405e-09 
8.74442e-10 -5.49723e-09 
2.72618e-09 -4.96098e-09 
6.03199e-09 -4.82121e-09 
1.77764e-10 -4.26684e-09 
3.01299e-09 -5.19539e-09 
6.33726e-09 -5.08658e-09 
-7.64416e-09 -5.77728e-09 
