-0.0350457 0.0790284 
-0.840362 0.0999156 
-0.656462 -0.33229 
-1.22906 -0.819486 
-0.453898 0.301041 
-0.280192 0.500475 
-0.374746 0.545835 
-0.441352 0.246093 
-0.44978 0.382189 
-0.264574 -0.0343886 
2.38808 0.313645 
-0.432925 0.395018 
-0.24821 0.682713 
-0.340127 1.15012 
-0.339404 0.271853 
-0.185477 0.187972 
-0.42312 0.041292 
-0.198966 0.85213 
-0.722582 0.0294774 
-0.525728 0.802599 
-0.400999 0.78484 
-0.578839 0.0555216 
0.209855 0.523219 
-0.592704 0.605098 
-0.449184 0.0166494 
-0.170778 0.532854 
-1.24913 0.477699 
-3.4303 -0.0288526 
-0.289601 0.328588 
-0.389738 0.744591 
-0.294547 0.381043 
-0.731899 -0.375347 
1.29475 0.379781 
-0.272468 0.698863 
-0.562624 0.451067 
-0.495116 0.09882 
-0.501185 0.55379 
-0.44563 -1.30994 
-0.400749 0.476023 
-0.322427 0.0871644 
-0.123148 0.225557 
-0.101742 0.0697019 
-0.2783 1.21754 
-0.501785 -0.36062 
-0.540106 0.231936 
-0.205972 0.356492 
-1.76013 0.170765 
-0.541206 -0.452478 
-0.903591 0.0204912 
0.345901 0.0441586 
