2.73782e-09 -4.89278e-09 
1.44063e-09 -4.18345e-09 
2.60954e-09 -5.04455e-09 
5.08815e-09 -8.83205e-09 
2.53812e-09 -4.99328e-09 
2.11868e-09 -5.00502e-09 
2.80538e-09 -4.88039e-09 
4.05621e-09 -5.02411e-09 
-7.41848e-09 -2.21153e-09 
5.15788e-09 -4.90362e-09 
2.98589e-09 -5.99149e-09 
5.2346e-09 -6.03273e-09 
2.31331e-09 -7.60847e-09 
2.31158e-09 -4.98473e-09 
3.41411e-09 -5.3551e-09 
-2.6296e-09 -4.68553e-09 
-5.84572e-09 -4.86224e-09 
1.48577e-09 -2.3286e-09 
9.51142e-09 -4.61519e-09 
2.472e-09 -3.4695e-09 
3.58639e-09 -5.9524e-09 
1.97305e-09 -5.19642e-09 
7.21621e-09 -5.08528e-09 
3.3622e-09 -4.86952e-09 
1.40159e-09 -4.63825e-09 
-4.50496e-09 -5.28229e-09 
2.73025e-09 -4.93689e-09 
3.22986e-09 -2.79469e-09 
2.16563e-09 -6.15885e-09 
-6.81989e-10 -4.87086e-09 
3.2488e-09 -5.85222e-09 
2.9671e-09 -4.74802e-09 
-2.30046e-09 -2.47858e-09 
2.58903e-09 -3.13129e-09 
2.69884e-09 -6.17419e-09 
-3.17242e-08 -5.88724e-09 
2.53415e-09 -4.89665e-09 
3.11326e-09 -4.15728e-09 
4.80241e-09 -4.63702e-09 
1.62523e-09 -6.33116e-09 
2.78556e-09 -8.05296e-09 
3.43207e-09 -5.40023e-09 
9.2704e-09 -8.1894e-09 
2.16034e-09 -3.75332e-09 
2.74541e-09 -3.57354e-09 
1.11992e-09 -6.23205e-09 
4.90401e-09 -4.32183e-09 
2.79622e-09 -5.19127e-09 
7.52827e-09 -4.87813e-09 
2.13204e-08 -4.62688e-09 
