2.73782e-09 -4.89278e-09 
3.37841e-09 -5.17258e-09 
2.87669e-09 -4.80488e-09 
-1.69099e-09 4.21221e-09 
1.9703e-09 -5.01177e-09 
3.78539e-09 -4.77576e-09 
2.48753e-09 -4.87081e-09 
2.91515e-09 -4.69592e-09 
7.84846e-09 -4.63243e-09 
5.84137e-09 -4.87362e-09 
2.73533e-09 -3.69431e-09 
1.12833e-09 -4.28605e-09 
2.46448e-09 -9.40752e-09 
-6.39329e-09 -4.91736e-09 
1.7414e-09 -3.66233e-09 
4.40453e-09 -5.63439e-09 
2.0467e-08 -5.08697e-09 
2.07555e-09 -3.99394e-09 
5.43891e-09 -3.55863e-09 
4.09788e-09 -4.57909e-09 
2.5632e-09 -2.35446e-09 
-1.55707e-09 -5.14738e-09 
2.04335e-09 -4.71921e-09 
3.43089e-09 -4.86005e-09 
2.19496e-09 -4.98969e-09 
5.5462e-10 -4.72985e-09 
2.74599e-09 -4.72135e-09 
4.97502e-09 1.16408e-09 
3.03693e-09 -1.26047e-08 
-2.54451e-10 -4.80922e-09 
3.02392e-09 -3.0648e-10 
3.32158e-09 -5.13095e-09 
2.51708e-09 -6.10731e-09 
2.15691e-09 7.34586e-09 
2.63449e-09 -3.08936e-09 
2.03173e-10 -3.35006e-09 
4.48907e-09 -4.89999e-09 
7.85925e-09 -6.11527e-09 
2.04463e-09 -4.91844e-09 
7.17864e-09 -5.26229e-09 
2.98346e-09 -3.50359e-09 
2.86016e-09 -5.82008e-09 
-1.23761e-10 -3.31113e-09 
1.99391e-09 -5.40141e-09 
2.72482e-09 -4.6237e-09 
-2.88707e-10 -4.84939e-09 
3.67342e-09 -5.89472e-09 
2.95051e-09 -4.90532e-09 
3.29956e-09 -4.95349e-09 
-1.82846e-08 -4.62715e-09 
