2.73782e-09 -4.89278e-09 
1.71063e-09 -4.66944e-09 
2.70864e-09 -3.38524e-09 
6.04255e-10 -1.00987e-08 
2.53713e-09 -5.01662e-09 
2.03769e-09 -4.41945e-09 
1.19465e-09 -4.88725e-09 
4.00438e-09 -4.94298e-09 
-5.58213e-09 -4.33257e-09 
5.74298e-09 -4.89694e-09 
2.93084e-09 -6.16927e-09 
3.79136e-09 -5.94373e-09 
1.59739e-09 -6.45424e-09 
1.12118e-09 -4.89752e-09 
1.01164e-09 -5.34512e-09 
-3.49389e-09 -5.73997e-09 
-3.96458e-09 -4.7671e-09 
1.91209e-09 -2.38353e-09 
1.08059e-08 -4.03845e-09 
2.46666e-09 -3.95346e-09 
3.2618e-09 -4.43434e-09 
3.46557e-10 -5.12387e-09 
9.52813e-10 -5.07876e-09 
4.66211e-09 -4.91922e-09 
3.62394e-09 -5.04626e-09 
4.73508e-09 -5.25407e-09 
2.74527e-09 -5.01398e-09 
3.10221e-09 -3.61105e-09 
1.67994e-09 -9.24796e-09 
3.38948e-10 -4.75374e-09 
2.67397e-09 -7.10364e-09 
2.7063e-09 -4.8064e-09 
6.91342e-10 -6.19838e-09 
2.44032e-09 2.68308e-10 
2.74609e-09 -1.842e-09 
-1.57402e-08 -6.24129e-09 
2.7748e-09 -4.47164e-09 
1.95498e-09 -5.28362e-09 
3.45652e-09 -4.65794e-09 
2.30406e-09 -6.11161e-09 
2.7071e-09 -7.2252e-09 
2.85398e-09 -4.38255e-09 
8.06011e-09 -7.48024e-09 
1.63554e-09 -3.71246e-09 
2.73535e-09 -3.12912e-09 
4.68383e-09 -5.43063e-09 
6.82177e-09 -3.58086e-09 
3.10019e-09 -5.60537e-09 
6.77088e-09 -4.90137e-09 
1.89416e-08 -5.64407e-09 
