-6.68408e-06 9.5883e-07 
-9.79557e-07 -4.27785e-05 
1.71267e-05 -2.43793e-05 
-8.34716e-06 7.69272e-07 
-2.79959e-06 1.66455e-06 
1.14624e-05 2.17089e-06 
2.07226e-06 5.42673e-06 
-3.52286e-06 1.37372e-06 
-4.35164e-06 6.13843e-06 
-6.32074e-06 2.87043e-06 
-6.84254e-06 9.8798e-06 
-8.71073e-06 2.07225e-06 
-3.66574e-06 4.86864e-06 
-7.5212e-06 2.67796e-05 
-8.84251e-06 -5.68301e-05 
-9.65158e-06 -1.0896e-06 
-6.6118e-06 -1.44797e-06 
1.32301e-05 -2.27311e-05 
-3.95747e-06 4.19097e-05 
-8.54863e-06 -4.91106e-05 
