2.73782e-09 -4.89278e-09 
2.50342e-09 -4.53699e-09 
2.68256e-09 -3.63585e-09 
-3.24162e-09 -4.90557e-10 
2.43301e-09 -4.68827e-09 
3.01043e-09 -4.44223e-09 
1.46104e-09 -4.88089e-09 
3.10692e-09 -4.87532e-09 
-5.2887e-09 -5.30966e-09 
4.90279e-09 -4.89036e-09 
2.85359e-09 -5.59098e-09 
3.68295e-09 -6.4231e-09 
2.1485e-09 -9.48969e-09 
1.07227e-08 -4.90527e-09 
3.07939e-09 -4.03056e-09 
-6.41234e-09 -7.29453e-09 
5.10567e-09 -4.73757e-09 
2.15596e-09 -1.96452e-09 
4.0377e-09 -5.58914e-09 
2.55721e-09 -4.79531e-09 
3.609e-09 -4.64753e-09 
1.42484e-09 -5.27099e-09 
2.92142e-09 -5.0016e-09 
5.09254e-09 -4.8527e-09 
2.77019e-09 -5.07276e-09 
2.13382e-09 -4.54307e-09 
2.7479e-09 -4.59543e-09 
4.25769e-09 -6.83919e-09 
1.89318e-09 -3.72929e-10 
7.25777e-09 -4.75612e-09 
2.74411e-09 -2.66072e-09 
2.90339e-09 -5.07073e-09 
3.38769e-09 -6.87746e-09 
2.60424e-09 -1.34798e-09 
2.79034e-09 -3.33553e-09 
1.51251e-09 -5.99066e-09 
3.76731e-09 -5.011e-09 
3.07581e-09 -4.78412e-09 
5.43838e-09 -4.40106e-09 
1.55076e-09 -6.03542e-09 
2.70169e-09 -4.84134e-09 
2.40414e-09 -3.51615e-09 
9.26995e-09 -4.73517e-09 
1.22412e-09 -4.77218e-09 
2.73194e-09 -4.48353e-09 
5.20617e-09 -5.25044e-09 
5.47478e-09 -3.7623e-09 
2.86409e-09 -4.63751e-09 
4.60552e-09 -4.98896e-09 
1.1468e-08 -4.4686e-09 
