2.73782e-09 -4.89278e-09 
2.12955e-09 -4.40163e-09 
2.66277e-09 -4.16357e-09 
-2.11335e-09 -5.09143e-10 
2.35875e-09 -5.22169e-09 
4.19561e-09 -4.74926e-09 
1.31577e-09 -4.88493e-09 
4.64638e-09 -5.02486e-09 
-6.20796e-10 -6.72679e-09 
5.4123e-09 -4.89235e-09 
2.89298e-09 -5.17983e-09 
4.02072e-09 -5.16833e-09 
1.90866e-09 -5.96712e-09 
1.21811e-08 -4.90839e-09 
2.62691e-09 -5.40515e-09 
-5.02209e-09 -4.98847e-09 
9.17122e-09 -4.82957e-09 
2.29177e-09 -2.41714e-09 
8.24755e-09 -3.18572e-09 
1.45024e-09 -5.31934e-09 
3.15871e-09 -5.09388e-09 
-1.66047e-09 -5.29736e-09 
1.53319e-09 -5.08286e-09 
7.49554e-09 -4.87288e-09 
1.12268e-09 -5.13028e-09 
2.30141e-09 -5.53441e-09 
2.72812e-09 -4.84549e-09 
3.36922e-09 -3.51208e-09 
3.50552e-09 -2.1159e-09 
-4.83441e-09 -4.86846e-09 
2.58359e-09 -6.81886e-09 
2.85642e-09 -4.86516e-09 
-6.41171e-09 -7.96941e-09 
2.68246e-09 7.05422e-11 
2.79664e-09 -1.54394e-09 
-1.43434e-08 -5.48204e-09 
4.87781e-09 -4.44084e-09 
5.02593e-09 -4.61992e-09 
4.52992e-09 -4.7208e-09 
4.29568e-09 -5.45945e-09 
2.68626e-09 -7.49156e-09 
3.12225e-09 -2.42696e-09 
7.38584e-09 -6.27601e-09 
2.52722e-09 -4.62134e-09 
2.73771e-09 -3.24085e-09 
4.44265e-09 -5.88852e-09 
2.43426e-09 -4.05302e-09 
2.73833e-09 -4.91049e-09 
7.56573e-09 -4.93789e-09 
1.02671e-08 -5.4147e-09 
