2.73782e-09 -4.89278e-09 
2.41226e-09 -4.37414e-09 
2.77542e-09 -4.89555e-09 
-1.82313e-09 1.81304e-09 
2.77452e-09 -3.9294e-09 
2.41351e-09 -4.32149e-09 
3.26571e-09 -4.87372e-09 
4.57601e-09 -4.82352e-09 
5.47834e-09 -1.44689e-09 
1.5926e-09 -4.89007e-09 
2.80415e-09 -4.36316e-09 
4.06695e-09 -4.50889e-09 
2.21453e-09 7.68877e-10 
2.68204e-09 -4.92419e-09 
5.56101e-09 -4.31406e-09 
-3.87598e-09 -5.98041e-09 
4.15546e-09 -5.10378e-09 
2.30717e-09 -4.11444e-09 
7.81476e-09 -3.5502e-09 
4.94129e-09 -3.49524e-09 
2.67874e-09 -4.13222e-09 
7.64664e-09 -5.32355e-09 
1.69395e-09 -4.97751e-09 
4.43824e-09 -4.80186e-09 
-3.7001e-10 -4.73391e-09 
2.01256e-09 -5.09566e-09 
2.74461e-09 -4.87584e-09 
3.89869e-09 -5.99953e-09 
2.08095e-09 -1.11343e-08 
5.82204e-09 -4.80867e-09 
3.05728e-09 -1.03714e-09 
2.81803e-09 -4.98705e-09 
-1.65498e-09 -4.86019e-09 
2.3889e-09 -1.48434e-09 
2.7455e-09 -6.98884e-10 
2.65801e-09 -5.08116e-09 
2.29343e-09 -4.91199e-09 
5.44478e-09 -6.03663e-09 
3.48807e-09 -5.05171e-09 
-5.81501e-10 -4.897e-09 
2.91796e-09 -6.0294e-09 
2.82251e-09 -5.06159e-09 
3.3871e-09 -5.34808e-09 
2.26985e-09 -4.41875e-09 
2.73797e-09 -5.41047e-09 
-8.45401e-10 -5.59004e-09 
6.75938e-09 -5.20665e-09 
2.65125e-09 -5.67176e-09 
3.73788e-09 -4.82844e-09 
1.21509e-08 -5.24726e-09 
