2.73782e-09 -4.89278e-09 
2.18286e-09 -5.1777e-09 
2.779e-09 -4.11548e-09 
3.99656e-09 -1.08058e-09 
2.11411e-09 -4.96311e-09 
3.39994e-09 -4.62837e-09 
-6.34648e-10 -4.87936e-09 
2.30522e-09 -4.76837e-09 
-1.01738e-08 -4.36705e-09 
4.79272e-09 -4.8857e-09 
2.92133e-09 -5.94982e-09 
2.45504e-09 -5.93783e-09 
2.81465e-09 -7.85145e-09 
-1.48904e-08 -5.00931e-09 
-1.38551e-09 -4.38206e-09 
4.07824e-09 -6.86292e-09 
5.77895e-09 -4.88853e-09 
2.10434e-09 -3.07468e-09 
7.95784e-09 -3.63138e-09 
2.60318e-09 -4.22916e-09 
3.88393e-09 -3.12474e-09 
-6.01277e-09 -4.62679e-09 
7.80728e-10 -4.92186e-09 
2.51277e-09 -4.84401e-09 
-2.17865e-10 -4.83098e-09 
6.20843e-10 -4.82035e-09 
2.75314e-09 -4.65123e-09 
3.19924e-09 -2.4616e-09 
2.64531e-09 -5.96002e-09 
6.14773e-09 -4.77942e-09 
2.85643e-09 -3.98978e-09 
3.30793e-09 -4.91384e-09 
1.9146e-09 -8.80412e-09 
2.56576e-09 -8.29055e-10 
2.60253e-09 -3.51099e-09 
-1.10443e-08 -4.97902e-09 
3.50659e-09 -4.82367e-09 
7.01891e-09 -5.15913e-09 
-2.14052e-11 -4.22624e-09 
9.84878e-09 -6.24382e-09 
2.69269e-09 -7.63482e-09 
3.00389e-09 -6.32027e-09 
7.13624e-09 -6.1012e-09 
1.96659e-09 -4.75438e-09 
2.72546e-09 -3.80899e-09 
2.67225e-09 -4.73373e-09 
8.17554e-09 -5.1841e-09 
3.27002e-09 -4.37963e-09 
7.56429e-09 -4.96872e-09 
2.90179e-09 -4.94731e-09 
