-5.77651e-06 9.03029e-07 
-4.45831e-06 -3.28578e-05 
-1.87787e-05 -4.60637e-05 
-7.8618e-06 3.89465e-06 
-6.27148e-06 7.67398e-07 
1.05716e-05 2.27635e-06 
-1.30726e-05 3.25291e-06 
-6.95682e-06 1.54288e-06 
-5.38776e-06 -3.90446e-06 
-7.63432e-06 -2.62343e-06 
-6.69671e-06 -4.44371e-06 
-5.40494e-06 2.03296e-06 
-8.20644e-07 9.8898e-07 
-6.44859e-06 -7.05642e-07 
-2.55387e-06 1.21827e-06 
-4.95407e-06 1.11671e-06 
-6.23266e-06 4.57476e-06 
1.85092e-06 2.08448e-05 
-1.39347e-05 1.64081e-05 
-7.8274e-06 0.000118586 
