-0.781568 0.747249 
-0.295919 0.679907 
-1.08167 -1.32432 
0.0603008 0.380777 
-0.287312 0.343119 
-0.572284 0.132943 
-0.688119 0.303984 
-0.329753 0.188819 
-0.680772 0.260786 
-0.183948 0.875513 
-3.80639 0.105496 
-0.308498 0.23997 
-1.12437 0.0952306 
-0.721235 -0.701037 
-0.639018 -0.088743 
-0.462384 0.215181 
-0.571861 1.13227 
-0.0229808 0.824108 
0.115205 -0.0880202 
-0.720157 0.59125 
0.0422071 -0.0356646 
-0.505195 -0.0556401 
-1.70017 0.0463416 
-0.600338 0.386952 
-0.512957 0.438709 
-0.600175 -0.0569531 
-0.926122 -0.205065 
-0.296869 0.219219 
-0.141858 0.596437 
-0.555006 0.0226888 
-0.431447 1.08134 
-0.297208 1.52061 
-0.338345 0.0159693 
-0.62365 0.423139 
-0.473308 0.502962 
-0.353374 0.208431 
-0.340808 0.656885 
-0.0575003 -0.532579 
0.295868 0.384114 
-0.0780745 0.391318 
-0.867948 -0.672481 
-0.658534 0.410357 
-0.389168 -0.427368 
-0.140543 0.434018 
-0.521728 0.2854 
-1.0902 0.108271 
1.23997 0.336041 
-0.570032 1.15802 
-0.42408 0.617154 
-0.453944 0.143294 
