-5.76684e-06 1.39901e-06 
4.48526e-06 -2.8874e-05 
7.37209e-06 -3.52208e-06 
-1.19556e-05 6.50872e-07 
-8.57505e-06 1.74378e-06 
8.40359e-06 2.23226e-06 
-1.50861e-05 3.16368e-06 
-1.72133e-06 1.5617e-06 
-6.21916e-06 2.30019e-06 
-6.78019e-06 9.31715e-07 
-6.82496e-06 1.0681e-05 
-6.16559e-06 2.27712e-06 
-9.37746e-07 1.27865e-06 
-6.98387e-06 1.0167e-05 
-5.61631e-06 -3.16471e-05 
-9.51103e-06 2.27577e-07 
-6.31529e-06 1.45376e-06 
-1.26239e-07 2.2003e-05 
-1.82796e-05 5.18481e-05 
-7.79101e-06 0.000120737 
