-6.16878e-06 1.85048e-06 
-1.72103e-06 -1.0108e-05 
1.044e-05 2.29543e-05 
-8.25097e-06 3.47747e-06 
-5.26897e-06 2.24155e-06 
-2.14444e-05 1.67748e-06 
1.45087e-05 4.8315e-06 
1.20143e-06 2.17251e-06 
-6.9116e-06 6.56662e-06 
-5.88786e-06 4.53129e-06 
-6.22403e-06 2.39235e-06 
-6.88815e-06 3.40126e-06 
-8.75456e-06 1.51395e-06 
-6.49286e-06 -2.34489e-06 
-5.16876e-06 -1.29872e-05 
-1.23087e-05 3.25356e-07 
-6.45232e-06 -6.19562e-07 
-5.53043e-06 -2.27682e-05 
1.41209e-06 1.00681e-05 
-6.06663e-06 -7.05887e-05 
