2.73782e-09 -4.89278e-09 
3.65245e-09 -4.47875e-09 
2.76873e-09 -5.24063e-09 
4.69951e-09 -3.69717e-09 
9.27695e-10 -4.54699e-09 
2.48892e-09 -4.48615e-09 
3.11668e-09 -4.88347e-09 
5.0581e-09 -4.90095e-09 
5.02164e-09 -4.93326e-09 
4.53847e-09 -4.88758e-09 
2.79456e-09 -4.8949e-09 
3.88447e-09 -4.57135e-09 
2.90778e-09 -8.93871e-09 
2.90376e-08 -4.9008e-09 
2.36494e-09 -4.77179e-09 
-9.12208e-10 -4.78453e-09 
7.41131e-09 -5.04498e-09 
2.20582e-09 -4.80728e-09 
3.44465e-09 -5.08399e-09 
2.88124e-09 -4.48367e-09 
3.40359e-09 -2.38182e-09 
3.16709e-09 -4.98497e-09 
-1.47416e-09 -5.02798e-09 
5.24546e-09 -4.94619e-09 
-5.95086e-12 -5.03646e-09 
2.65171e-09 -5.36944e-09 
2.73478e-09 -4.86877e-09 
2.77246e-09 9.92953e-10 
2.48465e-09 -6.47338e-09 
-3.64602e-09 -4.8887e-09 
2.70516e-09 -4.47488e-09 
3.49551e-09 -5.10835e-09 
-4.27732e-09 -9.36606e-09 
3.0785e-09 -3.40548e-09 
2.6129e-09 -5.99472e-09 
-3.19661e-08 -4.64514e-09 
1.26588e-09 -4.8705e-09 
-2.80845e-09 -4.86779e-09 
5.345e-09 -5.07474e-09 
5.89671e-09 -4.39211e-09 
2.7515e-09 -8.71964e-09 
3.69071e-09 -3.83358e-09 
6.4151e-09 -1.09587e-08 
1.52267e-09 -4.59873e-09 
2.73223e-09 -2.40591e-09 
1.01117e-09 -5.48416e-09 
1.01163e-09 -4.33454e-09 
2.79558e-09 -5.24553e-09 
-8.64977e-11 -4.94204e-09 
7.00804e-09 -4.78556e-09 
