2.73782e-09 -4.89278e-09 
1.29701e-10 -4.95364e-09 
2.73609e-09 -4.25203e-09 
3.74983e-09 9.38072e-11 
2.28283e-09 -4.3658e-09 
2.44551e-09 -4.24522e-09 
3.3444e-09 -4.8844e-09 
6.91428e-10 -4.76228e-09 
1.35258e-08 -2.91772e-09 
-1.39976e-09 -4.87792e-09 
2.72049e-09 -5.37431e-09 
4.95186e-09 -5.36152e-09 
2.64411e-09 -1.53621e-08 
3.15532e-08 -5.03113e-09 
1.21211e-09 -4.63461e-09 
-2.03827e-09 -6.82365e-09 
5.95882e-09 -4.83719e-09 
2.48641e-09 -3.40253e-09 
1.56586e-08 -4.15811e-09 
3.32438e-09 -5.66503e-09 
2.96581e-09 -5.10776e-09 
-1.2915e-09 -5.7887e-09 
-5.39973e-10 -5.02309e-09 
5.60238e-09 -5.03924e-09 
1.01165e-10 -5.07383e-09 
2.42657e-09 -4.91106e-09 
2.73636e-09 -4.80575e-09 
4.38332e-09 -5.11119e-09 
2.57561e-09 -6.68805e-09 
3.62884e-09 -4.80999e-09 
3.2607e-09 -5.60429e-09 
3.21695e-09 -5.14641e-09 
-6.06719e-10 -7.88686e-09 
2.81165e-09 7.26099e-09 
2.82576e-09 -5.7603e-09 
-3.18715e-08 -5.23641e-09 
2.78919e-09 -4.62837e-09 
1.54464e-08 -4.99946e-09 
5.50849e-09 -4.97537e-09 
5.02986e-09 -4.51358e-09 
2.69299e-09 -9.24754e-09 
3.47584e-09 -5.55754e-09 
7.85153e-09 -8.57455e-09 
2.87594e-09 -4.86814e-09 
2.73236e-09 -4.25376e-09 
2.15733e-09 -5.19007e-09 
2.01749e-09 -5.08818e-09 
2.6796e-09 -5.18806e-09 
2.80029e-09 -4.94654e-09 
1.54234e-08 -5.58134e-09 
