-0.940185 1.62143 
-0.640392 0.657282 
-1.55045 3.05197 
-0.641718 0.589253 
-0.328331 0.296822 
-0.733865 0.299538 
-0.848104 0.424265 
-0.389072 0.28122 
-0.705114 0.340866 
0.859067 0.843749 
-0.999215 0.309559 
-0.589184 0.213619 
-1.60478 0.678977 
-0.663684 0.41802 
-0.273439 0.348915 
-0.530568 0.288295 
-0.522386 0.237059 
-0.760891 0.640722 
-0.0909061 -0.00848091 
-0.718194 0.288492 
-0.489343 -0.102043 
-0.449133 -0.423725 
-1.46577 0.312048 
-0.645548 0.248634 
-0.545238 0.276638 
-0.843367 0.307553 
-0.564935 -0.0929582 
1.96823 0.187839 
-0.262494 0.58548 
-0.682011 0.320962 
-0.0392953 1.33458 
0.0956095 0.452381 
-0.208508 0.495734 
-0.450497 0.78919 
0.0887022 0.383168 
-0.682889 0.456259 
-0.711965 0.297722 
-0.919346 0.762337 
-0.262046 0.551317 
-0.624786 0.345081 
-1.01303 -0.306265 
-0.305862 0.0869081 
-0.237126 0.769432 
-0.417574 0.701445 
-0.525138 0.20351 
-1.09448 0.149378 
-0.00857022 0.370147 
-0.675439 0.792922 
-0.449579 0.300783 
0.5977 0.159344 
