2.73782e-09 -4.89278e-09 
3.95735e-09 -3.92964e-09 
2.79427e-09 -4.81811e-09 
1.39678e-09 -6.25085e-10 
1.62132e-09 -4.94332e-09 
3.80008e-09 -4.61052e-09 
8.67895e-10 -4.87874e-09 
6.44163e-09 -4.96637e-09 
-1.26844e-08 -3.86827e-09 
3.49056e-09 -4.88199e-09 
2.94467e-09 -4.91577e-09 
5.21284e-09 -4.78681e-09 
2.50419e-09 -6.59705e-09 
-7.17767e-08 -4.85503e-09 
3.04838e-09 -4.3702e-09 
3.15353e-09 -5.52022e-09 
8.1165e-09 -5.04196e-09 
1.99891e-09 -3.61076e-09 
2.28274e-09 -4.34981e-09 
3.72815e-09 -3.01794e-09 
3.51243e-09 -5.18842e-09 
-3.40777e-09 -4.68095e-09 
1.95348e-09 -4.84888e-09 
1.37756e-09 -4.73887e-09 
2.92033e-09 -4.8652e-09 
1.01578e-09 -4.90764e-09 
2.74505e-09 -4.70342e-09 
3.80012e-09 1.24481e-09 
2.21918e-09 -9.7172e-09 
1.66314e-09 -4.83138e-09 
2.46267e-09 -2.92302e-09 
2.74532e-09 -4.9726e-09 
-2.18336e-09 -3.92331e-09 
1.74998e-09 -8.43301e-09 
2.56064e-09 1.06681e-09 
1.83725e-08 -5.18884e-09 
4.86109e-09 -4.91635e-09 
-1.11482e-08 -5.08199e-09 
3.66602e-09 -4.69635e-09 
2.75553e-09 -5.51048e-09 
2.9234e-09 -3.62028e-09 
2.65694e-09 -5.2808e-09 
-1.50333e-09 -7.33181e-09 
2.04855e-09 -4.56792e-09 
2.72999e-09 -5.57004e-09 
1.67805e-09 -5.74922e-09 
4.06024e-09 -3.28049e-09 
3.20503e-09 -5.23784e-09 
9.07069e-09 -4.9239e-09 
3.65339e-09 -4.78319e-09 
