2.73782e-09 -4.89278e-09 
4.33995e-09 -4.26616e-09 
2.77985e-09 -4.26303e-09 
2.69538e-09 -6.09372e-09 
1.18397e-09 -4.4187e-09 
3.85926e-09 -4.47354e-09 
4.11976e-10 -4.88648e-09 
1.03971e-08 -5.13641e-09 
-2.11507e-09 -6.03152e-09 
9.0557e-09 -4.89143e-09 
2.73431e-09 -4.82344e-09 
3.71249e-09 -5.27929e-09 
2.5978e-09 -1.266e-08 
3.33981e-08 -4.82232e-09 
3.85965e-09 -5.09992e-09 
2.3603e-09 -4.27384e-09 
1.27237e-08 -5.08471e-09 
1.77441e-09 -3.32926e-09 
1.07501e-08 -2.34706e-09 
3.14881e-09 -3.95294e-09 
4.13445e-09 -4.50451e-09 
4.88267e-10 -4.72835e-09 
2.75607e-10 -4.981e-09 
7.33528e-09 -4.76861e-09 
1.72929e-09 -4.94487e-09 
2.58477e-09 -5.07168e-09 
2.74393e-09 -4.93627e-09 
2.49515e-09 -5.23058e-09 
2.52893e-09 -7.18172e-09 
-2.0964e-09 -4.89434e-09 
2.191e-09 -4.56922e-09 
3.33346e-09 -4.91219e-09 
-2.03483e-09 -8.88739e-09 
3.22923e-09 -7.07035e-09 
2.69401e-09 -5.62416e-09 
1.73338e-08 -5.06944e-09 
1.3338e-09 -4.86603e-09 
-1.7355e-08 -6.02457e-09 
5.35821e-09 -4.70843e-09 
2.33794e-09 -4.82962e-09 
3.03063e-09 -8.57692e-09 
2.61993e-09 -4.79435e-09 
1.57438e-09 -7.70106e-09 
2.3804e-09 -4.79739e-09 
2.72886e-09 -5.302e-09 
1.03625e-09 -5.66598e-09 
2.83253e-09 -3.45136e-09 
2.71653e-09 -5.52039e-09 
2.25114e-09 -4.91443e-09 
2.81756e-09 -4.72924e-09 
