-1.11887e-06 1.7924e-06 
-5.01347e-06 1.01457e-05 
-3.32469e-07 -7.03653e-05 
1.88294e-06 5.0307e-06 
-2.6902e-06 2.20161e-06 
-8.22246e-07 1.5559e-06 
-3.53533e-06 4.16736e-06 
-3.8266e-06 1.93995e-06 
-4.06302e-06 9.88612e-07 
-2.51153e-06 -9.14144e-07 
-3.14167e-06 5.32974e-06 
-6.24095e-06 1.83321e-06 
5.63849e-06 9.58769e-07 
-1.24955e-06 4.79336e-06 
-2.39719e-07 1.50968e-05 
-5.31626e-06 1.17838e-09 
-5.76362e-06 3.57191e-06 
7.24182e-06 2.75066e-05 
-1.14159e-05 -2.98332e-05 
-4.09344e-06 5.3828e-05 
