2.73782e-09 -4.89278e-09 
2.16609e-09 -4.54449e-09 
2.73812e-09 -4.1787e-09 
2.86925e-09 -8.8932e-09 
4.16941e-09 -4.61234e-09 
3.18308e-09 -4.41305e-09 
3.34692e-09 -4.86218e-09 
1.38984e-10 -4.76828e-09 
1.06784e-08 -3.82318e-09 
2.8159e-09 -4.88442e-09 
2.68786e-09 -5.27852e-09 
4.71561e-09 -5.27363e-09 
2.04942e-09 -1.29523e-08 
-9.02306e-09 -5.16157e-09 
2.12708e-09 -4.4782e-09 
-1.17035e-09 -6.48933e-09 
-1.27824e-09 -4.91542e-09 
3.07104e-09 -4.20683e-09 
-5.60998e-09 -1.82426e-09 
3.95478e-09 -3.95743e-09 
3.75681e-09 -3.87542e-09 
3.03397e-10 -4.91906e-09 
-6.9998e-11 -4.82535e-09 
9.96495e-10 -5.04688e-09 
4.74851e-09 -5.1295e-09 
1.37474e-10 -4.93971e-09 
2.74822e-09 -4.72604e-09 
4.94394e-09 -5.37441e-09 
2.59064e-09 -6.72113e-10 
2.37444e-09 -4.77189e-09 
2.87087e-09 -2.52427e-09 
2.96874e-09 -5.0943e-09 
-2.38665e-09 -1.1194e-08 
2.47548e-09 -9.82884e-10 
2.74308e-09 -6.80834e-09 
-3.36851e-08 -5.05454e-09 
6.4009e-09 -4.85158e-09 
9.23188e-09 -5.16906e-09 
3.09448e-09 -4.22574e-09 
5.72703e-09 -6.13586e-09 
2.69785e-09 -5.73441e-09 
3.04208e-09 -6.341e-09 
1.30256e-09 -5.53274e-09 
2.20016e-09 -4.3214e-09 
2.72663e-09 1.34469e-10 
1.80004e-09 -4.26301e-09 
6.94406e-09 -4.25055e-09 
3.24604e-09 -4.75598e-09 
1.18244e-08 -4.97708e-09 
9.94503e-09 -5.04801e-09 
