1.83385e-06 2.23052e-06 
3.89224e-06 9.04154e-07 
-2.56267e-06 -9.41346e-05 
-1.46345e-06 4.67429e-06 
-2.38858e-06 2.07409e-06 
-5.66747e-06 2.76218e-06 
4.42696e-06 3.74023e-06 
-4.47358e-06 2.15524e-06 
-2.29908e-06 4.90552e-07 
2.3374e-07 -6.11331e-07 
-4.37089e-06 4.64523e-06 
-3.06878e-06 1.4413e-06 
1.1149e-05 2.45116e-06 
1.82974e-06 1.41428e-05 
-5.60493e-06 -8.56819e-06 
1.29809e-06 5.97075e-07 
-2.9047e-06 3.52228e-06 
2.0599e-06 2.12079e-05 
-1.72047e-05 4.30947e-05 
-9.33669e-06 0.000129059 
