2.73782e-09 -4.89278e-09 
1.23824e-09 -4.9499e-09 
2.73848e-09 -4.87624e-09 
1.77267e-09 2.07371e-09 
2.36363e-09 -4.57239e-09 
3.34166e-09 -4.30497e-09 
3.57629e-09 -4.89838e-09 
-1.4791e-09 -4.50807e-09 
-1.44498e-09 -4.75925e-09 
1.82918e-09 -4.90533e-09 
2.76678e-09 -5.00797e-09 
5.51641e-09 -5.28222e-09 
1.05557e-09 -8.85254e-09 
-4.0618e-09 -4.62099e-09 
2.61975e-09 -4.78608e-09 
-6.34871e-10 -6.72753e-09 
2.90188e-09 -4.9438e-09 
3.78153e-09 -2.57793e-09 
6.32655e-09 -2.7907e-09 
3.42271e-09 -4.45706e-09 
3.11345e-09 -4.52209e-09 
-1.31197e-09 -4.95731e-09 
-1.30223e-09 -4.95735e-09 
-5.61918e-10 -4.9325e-09 
-1.76701e-09 -5.07381e-09 
2.4433e-09 -4.92324e-09 
2.73313e-09 -4.63348e-09 
4.1236e-09 6.41002e-10 
2.97982e-09 -5.22239e-10 
1.97281e-09 -4.65694e-09 
2.79079e-09 -2.43536e-09 
2.73025e-09 -5.15518e-09 
-6.43986e-09 -7.12826e-09 
1.8798e-09 -9.59132e-10 
2.72479e-09 -2.33533e-09 
-2.93655e-08 -5.20646e-09 
4.72826e-09 -5.07949e-09 
6.53559e-10 -5.09445e-09 
6.67713e-09 -4.25346e-09 
2.63368e-09 -5.37271e-09 
2.65683e-09 -3.17038e-09 
2.83409e-09 -6.35677e-09 
1.82158e-09 -6.35322e-09 
2.28622e-09 -4.758e-09 
2.74148e-09 -3.28899e-09 
2.49432e-09 -7.53704e-09 
9.47978e-09 -4.06784e-09 
3.0869e-09 -4.6128e-09 
6.38091e-09 -4.95821e-09 
2.74063e-09 -4.67355e-09 
