2.73782e-09 -4.89278e-09 
1.61078e-09 -4.08148e-09 
2.80273e-09 -4.476e-09 
1.72667e-09 -7.32751e-09 
2.20375e-09 -4.48205e-09 
2.39914e-09 -4.13448e-09 
1.62308e-09 -4.86332e-09 
-2.4214e-09 -4.92644e-09 
8.63773e-10 -6.68691e-09 
8.13892e-09 -4.88943e-09 
2.75972e-09 -4.98572e-09 
5.73469e-09 -5.21465e-09 
1.97072e-10 -1.43661e-08 
-4.27403e-09 -4.92618e-09 
-1.22307e-11 -5.18826e-09 
-1.5959e-10 -6.67612e-09 
2.30272e-09 -4.9549e-09 
3.24548e-09 -5.98532e-09 
1.3427e-08 -3.53465e-09 
1.88398e-09 -4.00904e-09 
2.86175e-09 -4.52981e-09 
-7.76875e-09 -4.62654e-09 
1.08318e-09 -4.90757e-09 
1.86356e-09 -4.95519e-09 
-3.4338e-09 -5.01891e-09 
-1.80472e-10 -4.85362e-09 
2.73635e-09 -4.7503e-09 
5.33013e-09 7.87745e-10 
2.34435e-09 -6.1422e-10 
3.35726e-09 -4.73461e-09 
3.11627e-09 -1.49708e-09 
2.51605e-09 -5.10319e-09 
-4.59164e-09 -8.93796e-09 
1.7535e-09 3.59028e-09 
2.67003e-09 -2.22499e-09 
-2.14989e-08 -5.05311e-09 
3.75855e-09 -4.46258e-09 
5.00362e-09 -4.94629e-09 
3.25964e-09 -4.83433e-09 
1.67949e-09 -5.32332e-09 
2.84167e-09 -3.54064e-09 
2.76093e-09 -5.87477e-09 
2.84559e-09 -7.0565e-09 
1.78124e-09 -4.46597e-09 
2.73717e-09 -7.34883e-09 
3.43411e-09 -4.84222e-09 
9.91548e-09 -5.37693e-09 
3.02281e-09 -4.7547e-09 
5.45451e-09 -5.02438e-09 
-1.14187e-09 -5.09029e-09 
