-0.151059 -0.881686 
-0.256398 -0.213514 
-0.51494 -0.396903 
-0.347763 -0.234506 
-0.321242 0.53709 
-0.374439 -0.21129 
-0.308498 -0.217525 
-0.53401 0.231336 
-0.332232 -0.0345371 
-0.675481 -1.79199 
1.27123 -0.128785 
-0.575832 -0.82832 
0.619343 0.88015 
-0.432625 -0.440524 
-0.289892 -0.337511 
-0.358694 -0.39776 
-0.224969 -1.23147 
0.127074 -0.985689 
-0.376519 -0.0286957 
-0.0427975 0.786742 
0.0378558 -0.200881 
-0.370271 -0.615224 
0.267993 -0.282302 
-0.209124 0.173776 
-0.299885 -0.671624 
-0.332869 -0.0137228 
-0.264827 -0.148189 
-2.13879 -0.0147831 
-0.468033 -0.85073 
-0.250418 0.637494 
-0.0240543 -0.391092 
-0.768953 -0.329662 
-0.364429 -0.552445 
-0.195501 -0.97946 
-0.11601 -0.88126 
-0.451392 -0.766312 
-0.321073 -0.0266488 
-0.256984 0.140011 
-1.25591 -0.756647 
0.199239 -0.745094 
-0.385131 0.0799171 
-0.755046 0.309406 
-0.466319 0.842405 
-0.565597 0.66024 
-0.342511 -0.723493 
-0.137664 -0.661567 
-1.13538 -0.532066 
-0.30108 -0.998072 
-0.461781 -0.351888 
0.272272 -0.128788 
