2.73782e-09 -4.89278e-09 
1.75612e-09 -4.65698e-09 
2.73657e-09 -4.78223e-09 
1.98675e-09 1.14996e-09 
2.62908e-09 -4.92887e-09 
2.04455e-09 -4.95435e-09 
1.19509e-09 -4.88759e-09 
3.17941e-09 -4.81617e-09 
1.2809e-09 -4.26233e-09 
3.49488e-09 -4.89256e-09 
2.92927e-09 -5.20615e-09 
6.66791e-09 -4.8481e-09 
1.40675e-09 -1.2356e-08 
-4.76747e-09 -4.93433e-09 
8.22236e-10 -4.23325e-09 
6.70016e-09 -6.49511e-09 
6.67743e-09 -4.87646e-09 
4.66568e-09 -3.58015e-09 
-2.78881e-09 -3.68167e-09 
3.92972e-09 -4.01743e-09 
2.96358e-09 -4.05841e-09 
-7.1527e-09 -5.22529e-09 
-1.80807e-10 -4.8992e-09 
4.77817e-09 -4.88814e-09 
-5.86571e-09 -5.07032e-09 
-1.1355e-09 -4.75461e-09 
2.75278e-09 -4.69988e-09 
5.08415e-09 2.07315e-10 
2.31089e-09 -1.48154e-08 
2.58787e-09 -4.79658e-09 
2.74278e-09 -1.72457e-09 
2.4492e-09 -5.00428e-09 
-3.53763e-09 -1.03566e-08 
2.5645e-09 8.28333e-09 
2.66086e-09 -1.79183e-10 
3.85707e-08 -5.0766e-09 
4.18654e-09 -4.89053e-09 
5.37317e-09 -7.03041e-09 
1.4523e-09 -4.57272e-09 
-2.93639e-09 -5.90724e-09 
2.93633e-09 -3.43234e-09 
2.26022e-09 -5.38272e-09 
2.77444e-09 -5.77956e-09 
2.59255e-09 -4.87947e-09 
2.73911e-09 -6.31437e-09 
2.39496e-09 -4.17171e-09 
7.60005e-09 -4.4082e-09 
2.66452e-09 -5.34602e-09 
1.20657e-09 -4.95454e-09 
-8.11367e-09 -5.31231e-09 
