6.39852e-07 1.93803e-06 
-6.45615e-06 -8.271e-06 
-5.87515e-06 -9.22876e-05 
-1.83206e-07 1.53925e-06 
-3.95111e-06 9.35774e-08 
1.52462e-06 2.08187e-06 
6.51655e-06 5.69995e-06 
-2.05472e-07 3.23501e-06 
-7.70617e-07 1.33528e-06 
5.50473e-07 -5.39291e-07 
-2.58106e-06 1.83038e-06 
-1.01603e-06 9.71106e-07 
2.08328e-05 7.00014e-07 
-1.99414e-07 2.47223e-06 
-7.42591e-06 3.38161e-06 
6.79413e-06 7.07982e-07 
-2.55216e-06 2.53586e-06 
4.54728e-06 1.67907e-05 
-4.89325e-06 2.96062e-05 
2.86374e-07 8.75865e-05 
