-0.537668 0.296999 
-0.0734658 -0.655382 
-1.52233 -1.10062 
-0.0966924 -0.45589 
-0.191432 1.14266 
-0.450211 -0.0216158 
-0.386783 -0.314443 
-0.30845 -0.338186 
-0.493901 -0.0490375 
-0.246966 0.568884 
-0.398899 -0.262147 
-0.449593 -0.791262 
-1.88487 0.499781 
-0.603885 -0.590743 
-0.432097 -0.074046 
-0.335418 -0.409123 
-0.507041 0.680367 
-0.0662009 0.0953438 
-0.275653 -0.170459 
-0.23878 0.943859 
-0.161249 -0.166774 
-0.373522 0.121654 
-0.65105 -0.463627 
-0.14407 0.187778 
-0.217072 -0.0502265 
-0.238042 -0.0987753 
-0.417867 -0.143897 
-1.31162 0.481687 
-0.373466 -0.150213 
-0.344635 0.580716 
-0.266144 -0.0822925 
-0.853826 0.813357 
-0.396436 -0.567858 
-0.299107 1.08313 
-0.513054 -0.653047 
-0.463325 -0.529915 
0.126572 0.328408 
-0.175101 0.595703 
-0.804319 0.329123 
0.13358 1.01406 
-0.309419 -0.00245482 
-0.62107 -0.227437 
-0.390687 0.237998 
-0.237311 -0.258975 
-0.307656 -0.0336513 
-0.181881 -0.546874 
-0.994315 -0.501622 
-0.406651 -0.585559 
-0.457985 -0.202095 
0.150874 0.212811 
