2.73782e-09 -4.89278e-09 
2.8853e-09 -5.15179e-09 
2.75809e-09 -4.9344e-09 
5.89587e-10 -6.58959e-09 
2.81209e-09 -4.97522e-09 
3.23915e-09 -4.75478e-09 
2.58052e-09 -4.8887e-09 
1.4303e-09 -5.01747e-09 
-1.50161e-09 -4.53285e-09 
3.31875e-09 -4.86412e-09 
2.94708e-09 -5.02135e-09 
3.20967e-09 -4.63004e-09 
2.85112e-09 -7.19054e-09 
-9.92448e-10 -4.90713e-09 
-2.12247e-10 -4.95856e-09 
6.5e-09 -5.62742e-09 
1.09788e-08 -5.02387e-09 
2.13836e-09 -6.57672e-10 
5.12092e-09 -4.18416e-09 
4.97468e-09 -4.63041e-09 
3.54759e-09 -4.09266e-09 
-2.12669e-08 -5.32372e-09 
1.89636e-09 -5.06675e-09 
6.60135e-09 -4.87281e-09 
-3.80462e-10 -4.86002e-09 
2.13397e-09 -4.90738e-09 
2.74356e-09 -4.49207e-09 
5.61652e-09 5.53475e-10 
2.14353e-09 -5.97874e-09 
-2.135e-09 -4.69789e-09 
3.52315e-09 -2.47996e-09 
2.76857e-09 -4.97265e-09 
-6.1584e-09 -3.3735e-09 
2.58041e-09 1.90552e-09 
2.79766e-09 -8.88991e-09 
-6.56937e-09 -5.00023e-09 
3.14931e-09 -4.53375e-09 
6.21901e-09 -6.67344e-09 
4.09509e-09 -4.80514e-09 
1.21013e-08 -4.96266e-09 
2.87004e-09 -4.91376e-09 
2.32189e-09 -5.82628e-09 
4.1193e-09 -6.18772e-09 
2.67322e-11 -4.6342e-09 
2.74264e-09 -2.82809e-09 
3.36585e-09 -5.36005e-09 
8.54339e-09 -4.82884e-09 
3.03528e-09 -5.10587e-09 
-1.4523e-08 -4.95812e-09 
-2.1037e-09 -5.11961e-09 
