6.05488e-07 6.72573e-07 
7.0667e-06 7.68075e-06 
1.72744e-06 3.49032e-05 
8.25937e-07 1.35668e-07 
1.64856e-06 4.08378e-06 
2.92168e-06 5.69322e-07 
2.5219e-06 2.94127e-06 
-1.89267e-07 -1.27625e-06 
3.19126e-07 6.34026e-07 
-1.97126e-06 4.22625e-07 
-7.3212e-07 1.2797e-06 
-6.96582e-06 1.50425e-06 
-2.21825e-05 2.27517e-06 
1.64623e-06 1.88233e-06 
3.31965e-06 -6.61017e-07 
-3.32794e-06 3.52043e-07 
7.59215e-07 1.0398e-06 
1.15347e-07 1.05753e-06 
5.00668e-06 -6.94187e-06 
-9.22708e-06 -8.31401e-05 
