2.73782e-09 -4.89278e-09 
1.40523e-09 -4.77124e-09 
2.78105e-09 -3.56552e-09 
2.04138e-09 -7.7757e-09 
2.28802e-09 -4.65634e-09 
4.19743e-09 -4.69903e-09 
1.69959e-09 -4.86026e-09 
2.46136e-09 -4.74898e-09 
5.13306e-10 -3.20316e-09 
2.01162e-09 -4.87647e-09 
2.70528e-09 -4.94597e-09 
3.66205e-09 -4.91697e-09 
2.41174e-09 -2.1384e-09 
-2.60561e-09 -4.9758e-09 
-1.04707e-09 -4.43159e-09 
-5.77639e-09 -5.51955e-09 
1.52817e-09 -4.94968e-09 
2.09562e-09 -5.04387e-09 
8.22347e-09 -3.29148e-09 
3.21594e-09 -3.05589e-09 
2.87479e-09 -3.93152e-09 
3.02915e-08 -4.9666e-09 
-2.31448e-09 -5.05102e-09 
2.65107e-09 -4.8549e-09 
3.60028e-09 -4.98567e-09 
1.02196e-09 -5.14419e-09 
2.74338e-09 -4.6367e-09 
2.06465e-09 -4.94353e-09 
3.18023e-09 -1.26064e-08 
2.3846e-09 -4.7273e-09 
2.46661e-09 -6.94125e-09 
3.28014e-09 -4.95083e-09 
-1.07074e-08 -1.23649e-09 
1.97942e-09 2.76599e-09 
2.59231e-09 -1.59116e-09 
-2.60024e-08 -5.37138e-09 
3.52414e-09 -4.84932e-09 
5.55203e-09 -2.9684e-09 
3.16023e-09 -4.97072e-09 
-8.33388e-09 -5.11067e-09 
2.80589e-09 -7.28593e-09 
3.27175e-09 -5.76297e-09 
4.57214e-09 -5.89626e-09 
2.54137e-09 -4.50896e-09 
2.72981e-09 -5.91919e-09 
-4.79351e-10 -5.11201e-09 
7.23672e-09 -3.9074e-09 
2.85964e-09 -5.29179e-09 
1.88495e-08 -5.00188e-09 
1.29033e-08 -5.43762e-09 
