2.73782e-09 -4.89278e-09 
3.27423e-09 -3.76253e-09 
2.77416e-09 -5.96897e-09 
1.47632e-09 -6.5241e-09 
3.00687e-09 -4.80719e-09 
3.21478e-09 -4.56171e-09 
2.6392e-09 -4.88352e-09 
5.144e-09 -4.76602e-09 
1.72395e-09 -3.08184e-09 
1.00516e-08 -4.89762e-09 
2.86716e-09 -4.97503e-09 
4.75499e-09 -5.40386e-09 
2.14555e-09 -1.08356e-08 
-7.38637e-09 -4.90148e-09 
3.79771e-09 -4.85278e-09 
-8.26746e-10 -6.38345e-09 
6.31154e-09 -5.04989e-09 
2.24344e-09 -2.31472e-09 
3.61403e-09 -3.11106e-09 
3.05963e-09 -4.39943e-09 
3.25562e-09 -3.02601e-09 
-3.45837e-08 -5.30056e-09 
7.95493e-10 -4.93782e-09 
4.48686e-09 -4.8583e-09 
-1.54513e-09 -4.92594e-09 
7.89221e-10 -5.02774e-09 
2.7465e-09 -4.85733e-09 
4.44957e-09 -2.1434e-11 
2.04241e-09 -3.87406e-09 
2.35668e-10 -4.87953e-09 
4.0775e-09 -1.56173e-09 
3.00347e-09 -5.0797e-09 
-4.8274e-09 -1.08803e-08 
2.78625e-09 -2.74001e-09 
2.78753e-09 -4.23328e-09 
1.06043e-08 -4.81931e-09 
2.71863e-09 -4.79108e-09 
4.9745e-09 -7.17507e-09 
6.56783e-09 -4.39475e-09 
1.519e-08 -5.12831e-09 
2.97956e-09 -4.37386e-09 
2.18738e-09 -7.13609e-09 
2.27402e-09 -7.79822e-09 
2.09654e-09 -4.72436e-09 
2.73682e-09 -2.34593e-09 
4.29129e-09 -5.82822e-09 
1.02439e-09 -3.69076e-09 
3.27096e-09 -5.22362e-09 
-3.3322e-09 -4.89375e-09 
-8.0991e-10 -4.71267e-09 
