-5.31552e-07 7.8652e-07 
7.44989e-06 2.59649e-06 
6.56674e-06 -7.7015e-06 
1.01785e-06 7.07621e-07 
-1.68858e-06 -5.39981e-07 
-4.8132e-06 -2.43931e-07 
-1.46788e-06 2.96098e-06 
4.88458e-07 1.5754e-06 
1.36923e-06 5.51668e-07 
-2.52118e-06 9.31608e-07 
3.26222e-07 1.14214e-06 
-4.57777e-06 5.08896e-06 
6.22146e-06 3.05348e-07 
8.70291e-07 -1.51277e-06 
7.61822e-07 4.49468e-06 
3.5324e-06 5.94705e-07 
8.31779e-07 -1.31592e-06 
4.6435e-06 -5.81511e-06 
5.93873e-06 1.78351e-06 
2.37713e-06 2.03892e-05 
