2.73782e-09 -4.89278e-09 
8.88701e-10 -5.61397e-09 
2.70798e-09 -3.45137e-09 
1.46023e-09 6.77893e-10 
1.6946e-09 -4.80961e-09 
2.45348e-09 -4.76572e-09 
1.67699e-09 -4.86292e-09 
3.07558e-09 -5.09586e-09 
-4.82681e-09 -3.30518e-09 
3.6017e-09 -4.8935e-09 
2.87224e-09 -4.97961e-09 
2.0428e-09 -5.10319e-09 
2.31494e-09 -8.98795e-09 
-1.79552e-09 -4.9349e-09 
1.88895e-10 -4.44279e-09 
-1.48324e-09 -6.77634e-09 
6.05964e-09 -4.67174e-09 
1.8277e-09 -3.73233e-09 
8.44214e-09 -6.98533e-09 
4.02623e-09 -3.95645e-09 
3.05746e-09 -5.47493e-09 
2.2447e-08 -5.52773e-09 
-4.43261e-10 -4.88193e-09 
3.69005e-09 -4.86721e-09 
2.4421e-09 -4.91952e-09 
3.25147e-09 -5.09647e-09 
2.73394e-09 -4.88284e-09 
5.02783e-09 -3.35124e-09 
2.57536e-09 -8.5617e-09 
1.50798e-09 -4.80969e-09 
2.70122e-09 -3.47701e-09 
3.18375e-09 -4.80267e-09 
-9.07244e-09 -3.38071e-09 
2.02892e-09 3.43794e-09 
2.54908e-09 -1.88447e-10 
-2.8252e-08 -4.87891e-09 
4.2068e-09 -5.00747e-09 
6.70889e-09 -3.84539e-09 
3.05808e-09 -5.1983e-09 
-8.1245e-10 -5.82982e-09 
2.76762e-09 -7.62707e-09 
3.20881e-09 -4.33838e-09 
5.90197e-09 -4.51555e-09 
3.42773e-09 -4.24342e-09 
2.73362e-09 -4.89028e-09 
-1.81837e-09 -5.35068e-09 
1.06003e-08 -3.99084e-09 
2.5058e-09 -5.23558e-09 
6.52414e-09 -5.04842e-09 
1.27604e-08 -6.45254e-09 
