2.73782e-09 -4.89278e-09 
3.67635e-09 -2.42931e-09 
2.81213e-09 -5.10349e-09 
3.44052e-09 -1.02112e-08 
2.86198e-09 -4.58033e-09 
3.59607e-09 -4.54533e-09 
2.19362e-09 -4.91337e-09 
4.36785e-09 -4.48295e-09 
4.03533e-09 -3.06619e-09 
8.294e-09 -4.88547e-09 
2.77679e-09 -5.15986e-09 
4.19125e-09 -4.91123e-09 
2.45857e-09 -2.95223e-09 
-9.89186e-09 -5.01163e-09 
3.64459e-09 -4.48824e-09 
5.878e-09 -4.19619e-09 
6.0853e-09 -5.20686e-09 
2.54859e-09 -4.01907e-09 
1.52405e-09 -2.22406e-09 
3.60954e-09 -3.98312e-09 
2.79555e-09 -3.90394e-09 
-1.63439e-08 -4.64196e-09 
1.63874e-09 -4.95065e-09 
4.60265e-09 -4.8331e-09 
4.6178e-10 -4.95091e-09 
-1.18425e-10 -5.13663e-09 
2.74363e-09 -4.85808e-09 
3.58415e-10 2.41148e-09 
2.00753e-09 -6.58497e-09 
-1.516e-10 -4.80084e-09 
2.44732e-09 -4.00518e-09 
2.79729e-09 -5.28939e-09 
-1.70941e-08 -5.49843e-09 
2.21381e-09 -2.86274e-09 
2.67434e-09 -6.49103e-09 
-1.3284e-08 -5.7831e-09 
2.45507e-09 -4.67503e-09 
5.63626e-09 -6.33652e-09 
6.19548e-09 -4.5821e-09 
8.54301e-09 -4.66587e-09 
2.71323e-09 -4.79225e-09 
2.99779e-09 -5.11092e-09 
3.8962e-09 -7.16848e-09 
1.85486e-09 -5.05747e-09 
2.73145e-09 -1.72762e-09 
1.18995e-09 -4.8503e-09 
1.46165e-08 -3.472e-09 
2.9496e-09 -4.92889e-09 
-8.68385e-10 -4.69406e-09 
1.41636e-08 -4.53249e-09 
