2.73782e-09 -4.89278e-09 
1.49664e-09 -1.47003e-09 
2.74836e-09 -5.23679e-09 
9.6374e-10 -2.35144e-09 
3.78763e-09 -4.97259e-09 
2.97179e-09 -4.14926e-09 
2.85499e-09 -4.91817e-09 
4.83927e-09 -4.8737e-09 
3.41919e-09 -2.97985e-09 
6.60983e-09 -4.91642e-09 
2.82834e-09 -4.93624e-09 
2.57405e-09 -5.58042e-09 
2.4906e-09 -1.57019e-08 
-2.30632e-10 -4.89984e-09 
1.39844e-09 -4.53189e-09 
2.57248e-09 -5.7278e-09 
1.04978e-08 -4.66956e-09 
2.2694e-09 -3.03857e-09 
1.54519e-08 -3.09103e-09 
1.22986e-09 -4.22607e-09 
3.18886e-09 -4.11955e-09 
5.90338e-10 -5.163e-09 
-7.05997e-10 -4.99729e-09 
3.03225e-09 -4.83125e-09 
3.68522e-09 -4.93805e-09 
9.18706e-10 -5.21928e-09 
2.74482e-09 -4.95579e-09 
5.89839e-09 -4.524e-09 
1.87416e-09 -7.03272e-09 
-9.36059e-10 -4.95393e-09 
3.14131e-09 -4.8529e-09 
3.62661e-09 -5.10785e-09 
4.51477e-09 -1.5167e-08 
3.18675e-09 3.68959e-09 
2.8321e-09 -5.4644e-09 
-2.27531e-08 -5.47556e-09 
1.44646e-09 -4.68215e-09 
4.87091e-09 -5.12466e-09 
6.24737e-09 -4.85349e-09 
4.23788e-09 -5.90737e-09 
2.81247e-09 -7.40273e-09 
3.02993e-09 -8.0302e-09 
2.3652e-09 -5.50592e-09 
1.70129e-09 -4.55306e-09 
2.73225e-09 -8.51506e-10 
2.30379e-09 -5.8419e-09 
6.09756e-10 -5.64837e-09 
3.39469e-09 -5.1465e-09 
-1.70189e-09 -5.07496e-09 
6.55763e-09 -4.87694e-09 
