2.73782e-09 -4.89278e-09 
1.08625e-10 -8.68896e-09 
2.73973e-09 -4.52148e-09 
-7.81723e-10 4.82869e-09 
1.20535e-09 -4.63343e-09 
2.66728e-09 -4.96287e-09 
2.61911e-09 -4.8363e-09 
2.14361e-09 -5.01329e-09 
8.94296e-10 -4.67526e-09 
4.19753e-09 -4.90595e-09 
2.81256e-09 -5.11706e-09 
4.8794e-09 -4.96728e-09 
2.58622e-09 -2.12929e-08 
-8.48357e-09 -4.92891e-09 
-9.25219e-11 -4.83933e-09 
-6.71816e-09 -7.29808e-09 
3.07235e-09 -4.60171e-09 
1.6986e-09 -3.45455e-09 
1.25368e-08 -3.06626e-09 
9.85936e-10 -5.02014e-09 
3.09526e-09 -4.27575e-09 
1.16093e-08 -5.63706e-09 
-1.14503e-09 -4.89467e-09 
3.68011e-09 -4.89472e-09 
2.61221e-09 -4.96001e-09 
1.133e-09 -5.06647e-09 
2.74429e-09 -4.99712e-09 
7.20963e-09 -6.23962e-09 
3.00487e-09 -9.35724e-09 
-1.12784e-10 -4.91935e-09 
3.40892e-09 -4.00135e-09 
3.76073e-09 -4.96326e-09 
6.8558e-09 -9.88074e-09 
3.29317e-09 -2.80736e-09 
2.73175e-09 8.80678e-10 
-1.66524e-08 -5.00369e-09 
2.66805e-09 -4.85215e-09 
6.05616e-09 -4.68618e-09 
5.49562e-09 -4.90196e-09 
1.15552e-09 -5.28323e-09 
2.8417e-09 -5.81614e-09 
3.14878e-09 -7.81088e-09 
2.69254e-09 -4.85187e-09 
2.77649e-09 -4.37793e-09 
2.73097e-09 -2.99349e-09 
8.74382e-10 -6.06404e-09 
3.66517e-09 -4.43153e-09 
3.22676e-09 -5.44898e-09 
3.41773e-09 -5.23393e-09 
7.32301e-09 -5.77765e-09 
