2.73782e-09 -4.89278e-09 
4.96937e-09 -2.04198e-09 
2.7822e-09 -3.97738e-09 
4.60825e-09 -1.05708e-08 
3.80452e-09 -4.51189e-09 
3.61687e-09 -4.29796e-09 
1.67289e-09 -4.82335e-09 
4.73954e-09 -4.7546e-09 
-1.30927e-09 -2.78212e-09 
7.27242e-09 -4.87208e-09 
2.79583e-09 -5.16662e-09 
2.51882e-09 -4.6924e-09 
1.85256e-09 -2.93664e-09 
6.40641e-10 -4.92951e-09 
1.99987e-09 -4.53555e-09 
6.06211e-09 -4.92707e-09 
1.2165e-08 -5.23476e-09 
2.34091e-09 -3.81623e-09 
5.85646e-09 -4.32992e-09 
9.81644e-09 -3.91154e-09 
2.88118e-09 -4.40925e-09 
-4.64048e-09 -4.57024e-09 
3.27064e-09 -4.91501e-09 
3.07417e-09 -4.83293e-09 
-1.61198e-09 -4.96151e-09 
1.73613e-09 -5.21688e-09 
2.73976e-09 -4.64696e-09 
-1.423e-10 3.90065e-09 
2.05698e-09 -2.97689e-09 
-1.47951e-09 -4.57856e-09 
2.54997e-09 -1.96192e-09 
2.53276e-09 -5.07269e-09 
-1.09841e-08 -5.5277e-09 
1.81323e-09 3.08416e-09 
2.54039e-09 -4.05122e-09 
-6.86611e-09 -4.86905e-09 
4.83757e-09 -4.66016e-09 
3.17993e-09 -5.91464e-09 
1.25545e-09 -4.47521e-09 
7.76538e-09 -5.27961e-09 
2.86523e-09 -5.1417e-09 
2.74853e-09 -4.60024e-09 
5.74572e-09 -6.71173e-09 
1.16697e-09 -5.00016e-09 
2.7317e-09 -4.14139e-09 
2.66618e-09 -5.13762e-09 
4.96243e-09 -4.65546e-09 
2.73821e-09 -5.13322e-09 
6.96534e-09 -4.84179e-09 
5.21301e-10 -4.79147e-09 
