2.73782e-09 -4.89278e-09 
4.18623e-09 -8.14059e-09 
2.80415e-09 -3.78735e-09 
6.41405e-09 -5.75109e-09 
2.37649e-09 -5.08439e-09 
3.06507e-09 -5.14667e-09 
1.19851e-09 -4.84363e-09 
2.25622e-09 -4.83253e-09 
-2.93406e-09 -3.21164e-09 
4.74581e-09 -4.88448e-09 
2.6915e-09 -4.979e-09 
5.03448e-09 -5.03875e-09 
2.02171e-09 -5.34421e-09 
1.97231e-09 -4.8782e-09 
1.58483e-09 -5.22965e-09 
1.06381e-10 -6.55514e-09 
1.14588e-08 -5.05453e-09 
2.82376e-09 -5.21188e-09 
3.05102e-09 -3.60787e-09 
4.84841e-09 -4.59046e-09 
3.38064e-09 -3.90334e-09 
9.28741e-09 -5.37209e-09 
6.51205e-09 -4.83004e-09 
3.5025e-09 -4.88745e-09 
4.16801e-09 -4.93637e-09 
1.88952e-09 -4.89104e-09 
2.74461e-09 -4.71709e-09 
2.39724e-09 -3.91091e-09 
3.58798e-09 -7.88108e-09 
-8.37976e-11 -4.18552e-09 
3.44288e-09 -3.49826e-09 
3.73065e-09 -5.02331e-09 
8.78219e-09 -4.25402e-09 
2.42868e-09 -4.8463e-09 
2.79641e-09 -1.19402e-09 
-3.15328e-08 -4.93553e-09 
2.25211e-09 -5.11878e-09 
3.80936e-09 -5.88476e-09 
2.78624e-09 -4.63312e-09 
1.82159e-09 -4.62532e-09 
2.85128e-09 -3.14718e-09 
3.24634e-09 -5.42782e-09 
3.4262e-09 -6.1423e-09 
2.74617e-09 -4.90192e-09 
2.73826e-09 -3.85605e-09 
6.92749e-10 -5.47248e-09 
6.8105e-09 -3.96449e-09 
2.69023e-09 -4.82882e-09 
3.59871e-09 -5.04781e-09 
1.35264e-08 -5.64802e-09 
