2.73782e-09 -4.89278e-09 
7.75887e-09 -2.21325e-09 
2.7925e-09 -4.91131e-09 
4.6185e-09 -7.1357e-09 
3.34227e-09 -4.93461e-09 
3.25642e-09 -4.419e-09 
7.66419e-10 -4.81249e-09 
3.12309e-09 -4.82846e-09 
-8.00779e-10 -2.24535e-09 
3.04334e-09 -4.87785e-09 
2.67014e-09 -5.05857e-09 
4.18525e-09 -5.02163e-09 
1.76895e-09 1.58856e-09 
-3.16376e-09 -4.97506e-09 
2.69489e-09 -3.98733e-09 
5.90073e-09 -5.52602e-09 
1.10771e-08 -5.25573e-09 
2.99726e-09 -4.86088e-09 
1.05936e-08 -5.00749e-09 
5.61721e-09 -4.79558e-09 
3.37528e-09 -4.04668e-09 
7.14077e-09 -5.04639e-09 
8.30253e-09 -4.93973e-09 
5.68284e-09 -4.80704e-09 
1.13227e-09 -5.01633e-09 
3.37599e-09 -4.99835e-09 
2.74507e-09 -4.93165e-09 
5.31043e-10 1.8941e-09 
1.04792e-09 -6.16074e-09 
-4.11206e-10 -4.06828e-09 
2.99836e-09 -3.01649e-09 
2.54803e-09 -5.02513e-09 
-7.03742e-09 -6.81424e-09 
2.06016e-09 -3.17676e-09 
2.67425e-09 -1.09329e-09 
-3.20838e-08 -5.20563e-09 
2.89903e-09 -4.56889e-09 
4.76496e-09 -6.47958e-09 
3.67171e-09 -4.70295e-09 
4.30211e-09 -6.04096e-09 
2.88398e-09 -7.24407e-09 
2.94218e-09 -5.95495e-09 
4.00289e-09 -6.14749e-09 
2.40251e-09 -5.59397e-09 
2.73529e-09 -3.07968e-09 
1.65436e-09 -5.31866e-09 
6.51194e-09 -3.9509e-09 
2.56554e-09 -4.56539e-09 
5.87458e-09 -4.93674e-09 
8.06935e-09 -4.99612e-09 
