-6.48781e-07 4.90676e-07 
-7.68228e-07 1.69777e-07 
-4.99033e-06 2.21566e-05 
-4.59649e-07 6.62949e-07 
4.09143e-06 4.15284e-06 
5.29969e-06 5.49874e-07 
3.15979e-06 -3.47178e-06 
1.80973e-06 1.39728e-07 
7.52163e-08 2.63547e-07 
-1.97933e-06 -3.27299e-07 
-2.85459e-07 4.49537e-07 
-9.12267e-06 9.48891e-07 
-1.49369e-05 1.53073e-06 
1.47697e-06 8.76974e-07 
1.2351e-06 -4.75346e-06 
-4.15801e-07 3.97538e-07 
-1.01015e-06 6.42774e-07 
1.00192e-06 -1.97522e-06 
1.17716e-07 -5.63089e-06 
-1.61526e-05 -2.39959e-05 
