2.73782e-09 -4.89278e-09 
5.90276e-09 -5.86098e-09 
2.85608e-09 -5.24673e-09 
2.80597e-09 -1.71789e-09 
2.05348e-09 -4.96982e-09 
2.85419e-09 -4.46564e-09 
-7.42278e-11 -4.87406e-09 
2.15119e-09 -4.82557e-09 
-8.71183e-09 -3.79673e-09 
7.29276e-09 -4.88312e-09 
3.05451e-09 -4.93828e-09 
4.38173e-09 -4.72663e-09 
1.80725e-09 -5.04584e-09 
1.4052e-08 -4.79556e-09 
8.75999e-10 -5.36646e-09 
4.42677e-09 -8.16253e-09 
7.81188e-09 -5.10057e-09 
1.96135e-09 -3.82869e-09 
1.09619e-08 -2.09619e-09 
3.21512e-09 -4.9127e-09 
2.99864e-09 -2.79998e-09 
4.30743e-09 -4.73662e-09 
2.34345e-09 -5.00184e-09 
5.37028e-09 -4.88616e-09 
3.2732e-09 -4.79303e-09 
2.86299e-09 -4.78422e-09 
2.73955e-09 -4.88713e-09 
2.35144e-09 -3.92031e-09 
1.24122e-09 -6.21748e-09 
4.31007e-10 -4.34359e-09 
2.70754e-09 -5.04924e-09 
2.66215e-09 -4.90018e-09 
-1.6261e-08 -7.72278e-09 
2.14703e-09 -2.71145e-09 
2.73063e-09 -2.67373e-09 
-4.01537e-08 -5.31324e-09 
3.77393e-09 -5.28184e-09 
4.83691e-09 -7.31691e-09 
1.99475e-09 -4.94284e-09 
4.75213e-09 -4.89779e-09 
2.84043e-09 -4.55776e-09 
2.76386e-09 -6.3874e-09 
6.47825e-09 -5.95613e-09 
2.85886e-09 -5.79242e-09 
2.72584e-09 -4.41629e-09 
1.34369e-09 -5.60654e-09 
4.16912e-09 -3.92274e-09 
2.85196e-09 -4.49504e-09 
7.42402e-09 -4.911e-09 
1.43149e-08 -5.62038e-09 
