2.73782e-09 -4.89278e-09 
-1.65803e-11 -2.56052e-09 
2.70974e-09 -4.61863e-09 
1.52235e-09 -2.6877e-10 
3.0627e-09 -4.84748e-09 
2.92436e-09 -4.597e-09 
4.17066e-09 -4.85229e-09 
4.68825e-09 -4.81875e-09 
1.13937e-08 -4.89732e-09 
2.35101e-09 -4.88195e-09 
2.89642e-09 -5.16375e-09 
4.34372e-09 -5.17429e-09 
2.95287e-09 -1.07801e-08 
-1.0634e-08 -5.19438e-09 
4.05888e-09 -3.77289e-09 
-3.23652e-09 -1.71958e-09 
7.04393e-09 -4.89655e-09 
2.68124e-09 -3.29479e-09 
1.79126e-08 -6.16726e-09 
3.35181e-09 -3.87856e-09 
2.80374e-09 -5.49108e-09 
-1.97205e-09 -5.67231e-09 
-1.77483e-09 -4.91691e-09 
3.76263e-09 -4.80858e-09 
-5.05567e-10 -5.00781e-09 
-8.46612e-10 -4.92507e-09 
2.73252e-09 -4.72223e-09 
3.9467e-09 -1.69458e-10 
3.61667e-09 -6.36815e-09 
3.02447e-09 -4.98948e-09 
2.83009e-09 -2.04419e-09 
3.34476e-09 -4.94016e-09 
3.64096e-09 -6.45447e-09 
2.5948e-09 3.64711e-09 
2.70301e-09 -2.77859e-09 
3.81895e-08 -4.97819e-09 
2.53271e-09 -4.27898e-09 
3.15611e-09 -5.1681e-09 
5.08323e-10 -4.66955e-09 
4.21227e-09 -5.12764e-09 
2.91605e-09 -6.67265e-09 
3.36436e-09 -4.77364e-09 
4.36766e-09 -5.4926e-09 
1.42118e-09 -4.27215e-09 
2.74507e-09 -2.82132e-09 
4.96691e-10 -5.06696e-09 
5.7515e-09 -4.50708e-09 
2.89475e-09 -5.53728e-09 
5.44841e-09 -4.97757e-09 
7.50331e-09 -4.73787e-09 
