2.73782e-09 -4.89278e-09 
-2.78575e-09 -4.87907e-09 
2.66345e-09 -3.5819e-09 
7.43031e-10 -3.38604e-09 
2.82629e-09 -4.35927e-09 
3.14256e-09 -4.96149e-09 
3.77451e-09 -4.8882e-09 
3.65408e-09 -4.8849e-09 
1.14431e-08 -7.52655e-10 
9.7178e-09 -4.88513e-09 
2.43492e-09 -5.03885e-09 
2.59692e-09 -5.08675e-09 
2.55352e-09 -6.94441e-09 
-1.4342e-08 -4.75629e-09 
1.36597e-09 -5.02854e-09 
-3.76422e-09 -4.88681e-09 
2.5096e-09 -5.01169e-09 
2.44487e-09 -4.05446e-09 
1.5542e-08 -3.5775e-09 
3.94794e-09 -3.93419e-09 
3.32664e-09 -6.43221e-09 
-2.14246e-09 -5.03647e-09 
-1.31912e-09 -4.85581e-09 
3.27374e-09 -4.85756e-09 
3.88082e-09 -4.96183e-09 
8.49869e-10 -5.27603e-09 
2.743e-09 -4.75171e-09 
3.37866e-09 5.08961e-09 
2.09297e-09 -1.04026e-08 
2.89292e-09 -5.15658e-09 
2.89494e-09 -3.03126e-09 
3.98271e-09 -4.90251e-09 
1.08331e-08 -5.57461e-09 
2.68219e-09 9.80171e-09 
2.66585e-09 -4.71195e-09 
-1.51731e-08 -4.81141e-09 
3.87161e-09 -5.05536e-09 
5.83029e-09 -4.70399e-09 
4.70858e-09 -4.49908e-09 
3.20878e-09 -5.47264e-09 
2.84296e-09 -5.13763e-09 
3.51661e-09 -6.72949e-09 
3.15584e-09 -6.03776e-09 
1.84188e-09 -4.04775e-09 
2.73725e-09 -3.04116e-09 
-6.74579e-10 -4.61446e-09 
1.04185e-08 -5.02653e-09 
2.79077e-09 -5.85156e-09 
7.93266e-09 -4.93996e-09 
6.76162e-09 -6.12256e-09 
