2.73782e-09 -4.89278e-09 
-3.84874e-10 -5.35321e-09 
2.77121e-09 -4.56101e-09 
1.25566e-09 -4.25188e-09 
2.47772e-09 -4.12477e-09 
3.1751e-09 -4.72662e-09 
7.81074e-11 -4.89843e-09 
2.41053e-09 -4.91058e-09 
2.40343e-09 -4.52328e-09 
1.19516e-08 -4.8905e-09 
2.27714e-09 -5.05675e-09 
3.29278e-09 -5.10905e-09 
2.12855e-09 -1.0091e-08 
-1.29263e-08 -4.87615e-09 
-7.02575e-10 -5.5767e-09 
-3.00494e-09 -9.73151e-09 
2.78733e-09 -5.038e-09 
1.81682e-09 -3.47565e-09 
8.69878e-09 -2.10071e-09 
2.51471e-09 -4.81738e-09 
3.66498e-09 -2.2012e-09 
-2.69772e-09 -5.01963e-09 
-4.03657e-10 -4.97788e-09 
5.08695e-09 -4.88667e-09 
3.93321e-09 -4.88582e-09 
1.30729e-09 -5.30209e-09 
2.75264e-09 -4.94391e-09 
4.20679e-09 4.72273e-09 
1.44895e-09 -1.29762e-08 
1.85082e-09 -4.66911e-09 
3.01466e-09 -5.64181e-09 
2.90103e-09 -4.91839e-09 
-1.37401e-08 -5.35612e-09 
2.70325e-09 -1.11069e-08 
2.67668e-09 -4.0904e-09 
-4.96084e-08 -4.8039e-09 
3.66324e-09 -5.25322e-09 
4.05012e-09 -5.60193e-09 
5.75526e-09 -4.37894e-09 
6.19639e-09 -5.86495e-09 
2.71172e-09 -6.10011e-09 
3.44412e-09 -7.41785e-09 
4.07288e-09 -6.3949e-09 
2.70549e-09 -5.0322e-09 
2.72297e-09 -4.77588e-09 
-8.79005e-10 -5.17989e-09 
2.5208e-09 -5.03258e-09 
2.90686e-09 -5.28554e-09 
5.82386e-09 -4.87313e-09 
7.15338e-09 -6.05712e-09 
