2.73782e-09 -4.89278e-09 
2.66415e-09 -5.47224e-09 
2.80595e-09 -4.63501e-09 
2.49981e-09 -1.41069e-09 
2.81562e-09 -5.04361e-09 
3.14515e-09 -4.49694e-09 
1.45095e-10 -4.88714e-09 
2.30374e-09 -4.88007e-09 
2.49765e-09 -3.01544e-09 
2.60246e-09 -4.89397e-09 
2.84355e-09 -5.17711e-09 
4.80611e-09 -5.16224e-09 
1.04331e-09 -4.59115e-09 
-4.42014e-09 -4.97564e-09 
9.38325e-11 -4.65902e-09 
5.72985e-09 -8.96274e-09 
1.77751e-10 -4.9731e-09 
1.98497e-09 -2.32096e-09 
3.52349e-09 -4.8619e-09 
2.54241e-09 -4.85321e-09 
2.65707e-09 -3.66328e-09 
3.55901e-09 -5.04917e-09 
-9.52565e-10 -5.01767e-09 
3.91517e-09 -4.80856e-09 
1.86143e-09 -4.83502e-09 
2.14734e-10 -4.77984e-09 
2.75375e-09 -5.01559e-09 
4.90711e-09 -1.5468e-09 
2.01722e-09 -1.08024e-08 
1.76475e-09 -4.532e-09 
2.62057e-09 -2.38955e-09 
2.6163e-09 -5.09884e-09 
-8.66982e-09 -4.36089e-09 
2.14497e-09 -2.0875e-08 
2.65914e-09 -6.66962e-09 
-4.53107e-08 -5.29564e-09 
2.48345e-09 -5.07426e-09 
5.4152e-09 -5.79987e-09 
6.51734e-09 -4.55016e-09 
8.79874e-09 -7.71137e-09 
2.90269e-09 -5.75923e-09 
3.36027e-09 -4.92993e-09 
3.33047e-09 -6.86811e-09 
9.09566e-10 -4.97626e-09 
2.7304e-09 -5.86613e-09 
5.26373e-09 -5.6146e-09 
6.59292e-09 -5.45417e-09 
2.92107e-09 -4.89508e-09 
3.45426e-09 -4.92755e-09 
2.15571e-09 -5.66526e-09 
