2.73782e-09 -4.89278e-09 
1.7087e-09 -4.01868e-09 
2.78261e-09 -4.54312e-09 
-3.72465e-10 -3.42023e-09 
2.12698e-09 -4.19948e-09 
3.10236e-09 -4.51591e-09 
3.43237e-09 -4.87584e-09 
5.29554e-09 -4.765e-09 
-1.15797e-08 -3.29623e-09 
5.23124e-09 -4.87755e-09 
2.81471e-09 -4.86659e-09 
4.08809e-09 -4.9511e-09 
3.00023e-09 -1.37123e-08 
-1.45278e-08 -4.88705e-09 
2.41074e-09 -4.22797e-09 
-5.6042e-10 -4.11122e-09 
1.50159e-08 -4.88469e-09 
2.64415e-09 -3.08308e-09 
9.3921e-09 -2.77973e-09 
3.80967e-09 -5.0655e-09 
3.12205e-09 -3.73695e-09 
-1.23449e-10 -5.54438e-09 
3.56965e-09 -4.92016e-09 
3.90969e-09 -4.86498e-09 
-2.16148e-10 -5.0139e-09 
2.95922e-10 -5.55074e-09 
2.7376e-09 -4.72674e-09 
2.12301e-09 -3.91893e-09 
2.64939e-09 -7.44187e-09 
-2.27082e-09 -5.0821e-09 
3.66026e-09 -5.80829e-09 
3.0597e-09 -4.83216e-09 
4.74077e-09 -1.23353e-08 
2.90703e-09 1.351e-08 
2.69536e-09 -1.17641e-09 
-1.50303e-08 -4.9515e-09 
3.65517e-09 -4.51027e-09 
7.21383e-10 -5.27607e-09 
3.98765e-09 -4.67653e-09 
1.87043e-09 -3.86888e-09 
2.77412e-09 -6.36348e-09 
2.62286e-09 -3.56289e-09 
3.27599e-09 -4.46664e-09 
2.92981e-09 -3.90873e-09 
2.73729e-09 -3.94165e-09 
-4.48615e-10 -5.35326e-09 
5.4248e-09 -3.86461e-09 
2.88422e-09 -5.53703e-09 
5.85543e-09 -4.99543e-09 
1.1354e-08 -4.9489e-09 
