2.73782e-09 -4.89278e-09 
8.84318e-10 -6.66789e-09 
2.84153e-09 -4.32387e-09 
2.14115e-09 -2.95245e-11 
2.16836e-09 -4.01961e-09 
3.3843e-09 -4.51116e-09 
2.73981e-09 -4.8746e-09 
3.00726e-09 -4.64108e-09 
4.08182e-09 -3.68493e-09 
2.55363e-09 -4.88547e-09 
2.49436e-09 -5.01081e-09 
2.9271e-09 -5.09112e-09 
1.96006e-09 -9.31996e-09 
-8.70482e-09 -4.89418e-09 
3.21327e-09 -4.96708e-09 
1.4581e-10 -6.09092e-09 
5.69675e-09 -4.95537e-09 
2.58509e-09 -5.3852e-09 
1.05892e-08 -4.7293e-09 
4.68186e-09 -2.9333e-09 
3.53575e-09 -4.34417e-09 
-2.73277e-09 -5.23438e-09 
2.79752e-10 -4.85268e-09 
2.97286e-09 -4.86666e-09 
2.67348e-09 -4.95767e-09 
2.72892e-10 -5.6197e-09 
2.74172e-09 -4.73236e-09 
3.72582e-09 -1.63367e-09 
2.60768e-09 -5.50461e-09 
-7.86159e-10 -4.87206e-09 
3.71765e-09 -6.00434e-09 
3.29271e-09 -4.72875e-09 
-6.09439e-09 -1.08548e-08 
2.33509e-09 2.09996e-08 
2.72056e-09 -4.93192e-09 
-5.98951e-08 -5.24066e-09 
3.85711e-09 -4.52935e-09 
1.38682e-09 -4.88525e-09 
4.25771e-09 -4.61742e-09 
4.64409e-09 -5.67924e-09 
2.55976e-09 -6.32175e-09 
2.57525e-09 -5.84357e-09 
3.79251e-09 -5.98726e-09 
3.75578e-09 -4.90023e-09 
2.73534e-09 -2.87577e-09 
2.2507e-09 -5.40178e-09 
5.12899e-09 -4.1307e-09 
2.91805e-09 -5.51032e-09 
4.35215e-09 -4.86453e-09 
6.52648e-09 -5.1047e-09 
