6.69293e-07 6.41065e-07 
5.0872e-06 4.82706e-07 
-7.24773e-06 -1.75869e-05 
-2.51481e-06 1.91626e-06 
-1.39798e-06 2.44013e-06 
1.77634e-06 1.25075e-06 
7.89883e-06 2.10553e-06 
-2.6361e-06 9.96036e-07 
-6.31919e-07 6.08584e-07 
1.61154e-06 8.72897e-07 
-4.43498e-07 3.96635e-07 
-2.62742e-06 2.53209e-06 
-1.21735e-05 7.10477e-07 
-3.65585e-07 1.87085e-06 
-1.66131e-06 -3.52004e-06 
7.6295e-07 7.41811e-07 
-2.21708e-06 1.534e-06 
1.48743e-06 1.02173e-05 
-2.71503e-07 -1.08571e-08 
-4.25408e-06 2.05626e-06 
