2.73782e-09 -4.89278e-09 
3.1212e-09 -3.59092e-09 
2.78595e-09 -4.72984e-09 
6.89071e-11 -8.48536e-10 
2.58984e-09 -4.97169e-09 
2.6073e-09 -4.17249e-09 
2.27604e-09 -4.89367e-09 
4.34323e-09 -4.62238e-09 
-8.94669e-09 -4.06298e-09 
3.7197e-09 -4.88624e-09 
2.63981e-09 -4.97281e-09 
4.40757e-09 -5.04741e-09 
2.89658e-09 -1.46434e-08 
-1.29246e-08 -4.92548e-09 
4.13677e-09 -4.02905e-09 
2.80366e-09 -6.71138e-09 
1.04181e-08 -4.78836e-09 
2.12275e-09 -3.51528e-09 
9.33742e-09 -3.82748e-09 
3.89337e-09 -4.17882e-09 
2.93829e-09 -3.40797e-09 
4.17795e-09 -5.54531e-09 
5.09685e-10 -5.01433e-09 
5.59553e-09 -4.84034e-09 
-1.73363e-09 -4.96251e-09 
-7.19707e-10 -5.23354e-09 
2.73676e-09 -4.88225e-09 
1.91977e-09 -1.15908e-09 
2.59856e-09 -8.82975e-09 
-1.44243e-09 -4.87315e-09 
2.32733e-09 7.72883e-10 
3.32883e-09 -4.98349e-09 
9.69199e-09 -7.70695e-09 
2.68173e-09 1.3954e-08 
2.68615e-09 -3.58846e-09 
8.0324e-09 -5.02138e-09 
3.43261e-09 -4.95514e-09 
-6.09139e-11 -5.4468e-09 
2.91591e-09 -4.65455e-09 
2.99317e-09 -5.01842e-09 
3.14775e-09 -6.56305e-09 
2.76502e-09 -3.66297e-09 
3.73422e-09 -5.68955e-09 
1.56989e-09 -4.07587e-09 
2.73838e-09 -4.48231e-09 
-2.91133e-09 -5.31511e-09 
1.25312e-09 -4.23381e-09 
2.8e-09 -6.10829e-09 
5.28886e-09 -4.88954e-09 
9.4372e-09 -5.77951e-09 
