2.73782e-09 -4.89278e-09 
2.42584e-09 -3.97989e-09 
2.79981e-09 -4.09684e-09 
-7.10073e-11 3.95801e-09 
2.4277e-09 -3.31334e-09 
4.22627e-09 -4.27684e-09 
2.59225e-09 -4.86771e-09 
4.01368e-09 -4.73435e-09 
-7.28384e-09 -5.02906e-09 
5.74043e-09 -4.87525e-09 
2.47685e-09 -5.26118e-09 
5.46038e-09 -5.00102e-09 
3.13213e-09 -7.72565e-09 
-1.60701e-08 -4.94907e-09 
1.79763e-09 -4.66583e-09 
1.20863e-09 -7.63404e-09 
1.31219e-08 -4.91096e-09 
2.89565e-09 -4.83035e-09 
4.21376e-09 -6.02158e-09 
4.09617e-09 -4.1571e-09 
2.88251e-09 -3.61603e-09 
2.73547e-09 -5.53327e-09 
-1.90423e-09 -4.89055e-09 
5.01763e-09 -4.85306e-09 
3.23318e-09 -4.97168e-09 
3.55807e-10 -5.39198e-09 
2.73309e-09 -4.77327e-09 
3.92122e-09 1.23551e-09 
2.52237e-09 -6.03109e-09 
-2.87964e-10 -4.79164e-09 
3.49817e-09 -5.52824e-09 
3.09748e-09 -4.83606e-09 
3.01764e-09 -9.221e-09 
2.5593e-09 4.05133e-09 
2.71873e-09 -8.82243e-10 
-2.18817e-08 -4.75382e-09 
3.98004e-09 -4.75472e-09 
3.57519e-10 -5.06865e-09 
4.65865e-09 -4.72384e-09 
4.03606e-09 -5.18887e-09 
2.7856e-09 -6.4589e-09 
3.36452e-09 -3.85305e-09 
1.65942e-09 -6.17792e-09 
1.99157e-09 -4.19085e-09 
2.73436e-09 -3.1201e-09 
7.63095e-09 -5.57129e-09 
2.64707e-09 -4.44237e-09 
3.04326e-09 -6.22816e-09 
2.75214e-09 -4.89668e-09 
6.26595e-09 -6.08737e-09 
