-1.87673e-06 6.23199e-07 
-1.87303e-06 7.45065e-07 
-7.60736e-06 2.09014e-05 
-1.43738e-06 7.40469e-07 
-3.55913e-06 2.14056e-06 
7.96855e-07 4.9664e-07 
7.42822e-06 1.67047e-06 
-4.0638e-07 1.20981e-06 
-5.07528e-07 4.91559e-07 
2.12712e-06 3.75984e-07 
9.61609e-09 4.1221e-07 
-2.08699e-06 2.28611e-06 
-4.30767e-06 1.62567e-06 
5.17392e-08 1.00327e-06 
1.25876e-07 2.89959e-06 
-3.61918e-06 5.94115e-07 
-7.88988e-07 7.99442e-07 
-6.02639e-07 -8.30673e-06 
-2.48109e-08 -1.4649e-06 
-4.52568e-06 -2.19501e-05 
