2.73782e-09 -4.89278e-09 
2.01417e-09 -3.59189e-09 
2.78955e-09 -4.91508e-09 
-9.66142e-11 6.68875e-09 
2.30723e-09 -3.7484e-09 
3.73764e-09 -4.80895e-09 
2.63759e-09 -4.85468e-09 
3.19314e-09 -4.83997e-09 
-5.15952e-09 -5.24371e-09 
4.94893e-09 -4.89344e-09 
2.71552e-09 -5.10612e-09 
4.35108e-09 -4.77148e-09 
2.74394e-09 -1.89763e-08 
-1.82996e-08 -4.92868e-09 
4.59572e-09 -4.05117e-09 
1.07895e-09 -5.97283e-09 
5.52939e-09 -4.67607e-09 
2.60157e-09 -6.29385e-09 
4.34718e-09 -2.26384e-09 
3.40123e-09 -4.65533e-09 
3.43603e-09 -4.58055e-09 
-4.94599e-09 -5.17899e-09 
-2.04449e-09 -4.97175e-09 
2.60029e-09 -4.88815e-09 
1.82695e-09 -4.9785e-09 
-1.11476e-10 -5.28217e-09 
2.73206e-09 -4.95469e-09 
5.9878e-09 -1.12442e-09 
2.69555e-09 -6.18421e-09 
-5.98755e-10 -4.65668e-09 
3.16295e-09 -7.50693e-10 
3.25136e-09 -5.13999e-09 
9.47353e-09 -5.9088e-09 
2.75859e-09 1.19032e-09 
2.65158e-09 1.73097e-09 
-3.91991e-09 -4.95677e-09 
4.04298e-09 -5.01273e-09 
1.35579e-09 -5.5873e-09 
2.27511e-09 -4.90438e-09 
4.74041e-09 -5.69989e-09 
3.13171e-09 -4.85352e-09 
3.60745e-09 -5.44908e-09 
3.29581e-09 -5.97972e-09 
3.00675e-09 -4.70698e-09 
2.73333e-09 -4.55083e-09 
2.36712e-09 -5.66303e-09 
8.0326e-10 -3.90749e-09 
2.8411e-09 -5.78059e-09 
5.30421e-09 -4.90911e-09 
1.16913e-08 -6.08099e-09 
