-1.54195e-06 6.91683e-07 
-6.27072e-06 8.58063e-07 
1.08323e-05 -9.38456e-06 
1.70137e-06 1.19546e-07 
-2.4452e-06 1.50361e-06 
6.93715e-07 7.55917e-07 
3.89506e-06 1.02395e-06 
1.18301e-06 1.31973e-06 
-7.88396e-07 7.87853e-07 
-1.04133e-06 3.23775e-07 
-7.22698e-07 5.12902e-07 
-3.4057e-06 1.85924e-06 
2.36196e-06 2.23102e-06 
-2.84454e-07 4.21741e-07 
1.79982e-07 2.85299e-06 
-2.89893e-06 4.0786e-07 
-2.85882e-08 4.51677e-07 
-1.4095e-06 -7.57072e-06 
-6.32556e-07 -1.28209e-06 
-1.98462e-06 -5.83512e-06 
