2.73782e-09 -4.89278e-09 
1.95895e-09 -3.61692e-09 
2.80357e-09 -3.86525e-09 
-1.70139e-09 -2.16324e-09 
2.09362e-09 -4.2614e-09 
3.84851e-09 -5.19449e-09 
2.20771e-09 -4.86749e-09 
3.14773e-09 -4.85534e-09 
2.13664e-09 -3.6927e-09 
5.81213e-09 -4.86866e-09 
2.8314e-09 -4.83279e-09 
2.24362e-09 -4.95682e-09 
1.8399e-09 -6.2718e-09 
-5.23283e-09 -4.89221e-09 
6.14865e-09 -5.19326e-09 
2.77735e-09 -5.03719e-09 
2.39407e-09 -4.87565e-09 
2.22095e-09 -4.65741e-09 
5.78525e-09 -2.81817e-09 
3.40777e-09 -4.0541e-09 
2.87334e-09 -3.8235e-09 
-2.88948e-09 -5.35764e-09 
5.30521e-09 -4.94699e-09 
4.70544e-09 -4.89224e-09 
2.51061e-09 -4.90057e-09 
1.52779e-09 -5.30168e-09 
2.7449e-09 -4.77648e-09 
4.34895e-09 -2.56966e-09 
2.32069e-09 -3.38333e-09 
-3.42715e-11 -4.84317e-09 
3.19828e-09 -8.42315e-09 
3.46052e-09 -4.80944e-09 
-5.65359e-09 -8.46341e-09 
2.63618e-09 -5.20467e-09 
2.68601e-09 -1.27276e-09 
-9.20955e-09 -4.7063e-09 
3.13807e-09 -4.88102e-09 
-2.25053e-10 -5.65568e-09 
4.75979e-09 -4.61622e-09 
5.22727e-09 -5.0123e-09 
3.0096e-09 -5.5185e-09 
3.211e-09 -5.15463e-09 
1.66764e-09 -5.09974e-09 
3.53045e-09 -4.536e-09 
2.72941e-09 -5.06389e-09 
6.64283e-09 -5.32583e-09 
7.6334e-09 -5.25902e-09 
2.65825e-09 -5.02276e-09 
4.61316e-09 -4.89174e-09 
7.65165e-09 -5.16517e-09 
