2.73782e-09 -4.89278e-09 
1.91131e-09 -5.38504e-09 
2.73034e-09 -4.52994e-09 
6.32619e-09 -7.17331e-09 
2.83176e-09 -5.20583e-09 
2.21723e-09 -4.21589e-09 
2.00314e-09 -4.89471e-09 
4.44336e-09 -4.80801e-09 
1.14228e-09 -2.37274e-09 
6.78713e-09 -4.86623e-09 
2.93141e-09 -4.88093e-09 
5.08674e-09 -5.48687e-09 
1.8213e-09 -6.26399e-09 
1.15741e-08 -4.87185e-09 
-4.10335e-09 -5.29631e-09 
3.92871e-09 -6.8432e-09 
8.50037e-10 -5.1013e-09 
1.9707e-09 -3.27248e-10 
7.90051e-09 -5.03188e-09 
4.01172e-09 -3.53935e-09 
2.72087e-09 -2.86586e-09 
5.28439e-09 -5.25353e-09 
-1.03352e-09 -4.95794e-09 
4.7003e-09 -4.84838e-09 
1.52064e-09 -4.98629e-09 
1.97161e-09 -4.90452e-09 
2.74576e-09 -4.70528e-09 
3.20728e-09 2.22996e-09 
2.09315e-09 -6.00723e-09 
2.62987e-09 -5.00843e-09 
2.91668e-09 -1.23898e-08 
2.50635e-09 -4.89388e-09 
-1.26319e-08 -6.465e-09 
2.3505e-09 3.25434e-09 
2.72857e-09 -6.37146e-09 
-1.00392e-08 -5.44688e-09 
2.93418e-09 -4.7891e-09 
4.52918e-09 -5.52182e-09 
5.10301e-09 -4.65809e-09 
5.30925e-09 -5.05796e-09 
2.60422e-09 -8.17714e-09 
2.42642e-09 -5.79268e-09 
3.56042e-09 -4.71011e-09 
3.36777e-09 -4.12452e-09 
2.73409e-09 -4.39967e-09 
1.15615e-09 -4.661e-09 
9.24679e-09 -4.65886e-09 
2.87215e-09 -4.46506e-09 
2.15854e-09 -4.95033e-09 
9.69565e-09 -4.81074e-09 
