-0.217861 -0.517491 
-0.318476 -0.255564 
-0.0716503 -2.59177 
-0.196451 0.101339 
-0.289478 0.634738 
-0.325965 0.0701335 
-0.358406 -0.0489344 
-0.29391 -0.533084 
-0.0989186 -0.656343 
-0.453893 1.3056 
-1.25169 -0.222545 
-0.746734 -0.615052 
-2.43834 0.332565 
-0.517318 -0.17103 
-0.315182 -0.0766638 
-0.387395 0.109669 
-0.19493 1.04093 
-0.210694 0.19813 
-0.338346 0.0911308 
-0.121656 0.502636 
-0.350986 -0.103669 
-0.317175 0.592205 
-0.245412 -0.146465 
-0.279267 0.178824 
-0.306196 -0.480289 
-0.282291 -0.0840454 
-0.319931 0.0947656 
-0.379705 -0.131332 
-0.33745 -0.0425705 
-0.327366 0.092525 
0.1833 0.784895 
-0.255533 0.589596 
-0.345615 0.598268 
-0.368465 0.758693 
-0.226091 0.400559 
-0.45676 0.0202633 
-0.0502974 -0.35252 
-0.153958 0.111446 
0.132229 0.227252 
-0.102043 0.843648 
-0.361518 0.0780243 
-0.511913 0.0466803 
-0.305749 -0.0382839 
0.0141201 0.421351 
-0.353675 0.342785 
-0.188666 -0.287252 
-0.786589 0.202425 
-0.383861 -0.642141 
-0.349696 0.211148 
-0.115526 -0.0580604 
