2.73782e-09 -4.89278e-09 
2.7118e-09 -5.05942e-09 
2.77331e-09 -5.57394e-09 
-2.1451e-09 1.5286e-09 
2.57486e-09 -2.93979e-09 
3.48803e-09 -4.62861e-09 
1.87748e-09 -4.86048e-09 
4.6664e-09 -4.77951e-09 
-2.58825e-10 -3.25158e-09 
5.32936e-09 -4.89348e-09 
2.64579e-09 -4.81633e-09 
5.61217e-09 -4.69493e-09 
3.28328e-09 1.81443e-09 
-8.97462e-09 -4.97893e-09 
9.42847e-10 -4.82759e-09 
2.18722e-09 -1.05131e-08 
7.02047e-09 -4.95138e-09 
2.02303e-09 -5.21794e-09 
6.75514e-09 -2.88156e-09 
3.52217e-09 -3.76847e-09 
3.34875e-09 -2.51946e-09 
-3.56293e-09 -4.93866e-09 
2.81902e-10 -4.87727e-09 
4.06083e-09 -4.83311e-09 
1.01973e-10 -4.85496e-09 
-6.70449e-10 -5.41354e-09 
2.73815e-09 -4.74214e-09 
4.45385e-09 -9.20784e-09 
2.55909e-09 1.02617e-08 
-1.12461e-09 -4.67327e-09 
3.09824e-09 -4.29159e-09 
3.81093e-09 -5.02686e-09 
6.5211e-09 -1.92782e-09 
2.64361e-09 -3.99161e-10 
2.72333e-09 1.19735e-08 
-1.14033e-08 -5.02031e-09 
3.56263e-09 -4.92437e-09 
-1.86011e-09 -5.58163e-09 
3.65285e-09 -4.46169e-09 
4.91434e-09 -5.08609e-09 
2.91884e-09 -6.22055e-09 
3.23167e-09 -5.36754e-09 
2.6436e-09 -7.19832e-09 
2.27548e-09 -4.4967e-09 
2.74581e-09 -4.16174e-09 
-1.25407e-08 -5.774e-09 
4.32638e-09 -4.64668e-09 
2.70208e-09 -5.26838e-09 
4.11356e-09 -4.9526e-09 
2.3329e-09 -5.24585e-09 
