2.73782e-09 -4.89278e-09 
1.5568e-09 -3.7327e-09 
2.77604e-09 -4.194e-09 
-1.24752e-09 -6.26685e-10 
2.55532e-09 -4.36228e-09 
2.98145e-09 -5.37346e-09 
3.00022e-09 -4.8574e-09 
2.80315e-09 -4.77326e-09 
-2.91644e-09 -3.78185e-09 
6.30508e-09 -4.8869e-09 
2.91204e-09 -4.78055e-09 
4.15242e-09 -5.55637e-09 
2.07847e-09 -1.05149e-08 
-5.99151e-10 -4.88307e-09 
-1.85818e-10 -4.90554e-09 
2.18661e-09 -3.22189e-09 
6.37742e-09 -4.93689e-09 
2.51158e-09 -2.78146e-09 
3.65533e-09 -5.47052e-09 
3.5837e-09 -4.32641e-09 
3.44006e-09 -2.80533e-09 
1.06514e-09 -4.93348e-09 
3.51017e-09 -4.92475e-09 
5.83441e-09 -4.84961e-09 
4.01197e-10 -4.93286e-09 
1.83956e-10 -5.3231e-09 
2.73459e-09 -4.78846e-09 
3.2589e-09 -4.88649e-09 
2.34475e-09 -7.19926e-09 
1.63778e-09 -4.85165e-09 
2.76982e-09 -5.89587e-10 
2.55606e-09 -5.00913e-09 
-1.17095e-08 -5.45602e-09 
3.04093e-09 6.67204e-09 
2.68448e-09 -8.88232e-09 
-1.38412e-09 -5.01133e-09 
3.36085e-09 -4.45461e-09 
4.32987e-09 -5.56802e-09 
2.61732e-09 -4.20675e-09 
6.36204e-09 -6.051e-09 
2.82955e-09 -7.31235e-09 
2.43206e-09 -6.29685e-09 
5.77618e-09 -6.25819e-09 
3.0097e-09 -4.27566e-09 
2.73757e-09 -4.25277e-09 
-9.71629e-09 -5.11998e-09 
4.24205e-09 -5.09837e-09 
2.94063e-09 -5.0222e-09 
9.05026e-10 -4.98963e-09 
1.30333e-08 -4.97135e-09 
