2.73782e-09 -4.89278e-09 
1.85228e-09 -3.0093e-09 
2.74187e-09 -3.96111e-09 
4.13163e-09 -5.62885e-09 
2.52667e-09 -5.95706e-09 
2.87509e-09 -5.07735e-09 
1.77758e-09 -4.90601e-09 
2.24027e-09 -4.80709e-09 
2.60341e-09 -5.46964e-09 
6.17945e-09 -4.88341e-09 
2.92673e-09 -5.02233e-09 
3.84256e-09 -5.10887e-09 
2.16041e-09 -1.55365e-08 
5.82337e-09 -4.96756e-09 
6.40716e-10 -4.17912e-09 
2.32834e-09 -2.1596e-09 
7.99883e-09 -4.9463e-09 
2.14382e-09 -2.5014e-09 
1.20774e-08 -4.0933e-09 
3.00522e-09 -4.92214e-09 
2.60542e-09 -6.2379e-09 
1.80944e-09 -5.17511e-09 
3.46169e-09 -4.98977e-09 
6.46778e-09 -4.82034e-09 
3.63266e-09 -5.03765e-09 
4.03526e-09 -4.85786e-09 
2.74031e-09 -4.91399e-09 
3.49856e-09 4.89385e-09 
2.64917e-09 -1.69742e-08 
3.96181e-09 -4.95865e-09 
2.92283e-09 -9.16547e-10 
2.50549e-09 -4.94245e-09 
-2.26107e-08 -1.14896e-08 
2.86432e-09 -6.75174e-09 
2.73278e-09 -1.19793e-08 
9.3348e-09 -5.13033e-09 
2.52464e-09 -4.54256e-09 
9.61963e-09 -5.67213e-09 
4.27622e-09 -4.49904e-09 
5.56161e-09 -6.12991e-09 
2.69091e-09 -5.3197e-09 
3.19336e-09 -5.08079e-09 
7.09109e-09 -4.65566e-09 
1.59436e-09 -4.92952e-09 
2.72751e-09 -4.89405e-09 
2.10975e-09 -4.67351e-09 
8.33576e-09 -3.85056e-09 
2.91076e-09 -4.70198e-09 
3.78479e-09 -4.89454e-09 
1.3486e-08 -5.22034e-09 
