2.73782e-09 -4.89278e-09 
3.25594e-09 -5.42693e-09 
2.774e-09 -5.0314e-09 
3.18231e-09 -8.91116e-09 
2.39256e-09 -5.59306e-09 
3.34218e-09 -3.51159e-09 
1.6202e-09 -4.91571e-09 
2.55578e-09 -4.85306e-09 
-3.82411e-10 -3.58722e-09 
4.23435e-09 -4.89044e-09 
2.66401e-09 -5.39583e-09 
3.48561e-09 -4.74477e-09 
2.54722e-09 -7.57687e-09 
-3.05318e-09 -5.01708e-09 
1.76501e-09 -4.44316e-09 
3.16998e-09 -4.72536e-09 
8.48145e-09 -5.04223e-09 
1.97523e-09 -2.92005e-09 
6.33058e-09 -2.2659e-09 
3.55576e-09 -4.3821e-09 
2.24092e-09 -5.39958e-09 
8.87587e-10 -5.49554e-09 
1.52711e-09 -4.93695e-09 
4.40529e-09 -4.88063e-09 
1.42946e-09 -4.95956e-09 
-4.18214e-11 -4.99824e-09 
2.74477e-09 -4.91178e-09 
4.8084e-09 -9.96432e-11 
2.40775e-09 -1.9799e-10 
4.75452e-10 -4.77365e-09 
3.3413e-09 -6.36034e-09 
3.28068e-09 -5.05166e-09 
4.37551e-09 -6.65968e-09 
1.73715e-09 -1.50784e-08 
2.71235e-09 1.71933e-09 
1.01047e-08 -5.24726e-09 
3.45017e-09 -4.89756e-09 
9.7614e-09 -5.34314e-09 
5.22477e-09 -4.91147e-09 
3.84128e-09 -3.94766e-09 
2.88425e-09 -4.25505e-09 
3.33426e-09 -6.18102e-09 
2.63965e-09 -4.1616e-09 
9.97232e-10 -4.98487e-09 
2.73247e-09 -4.08281e-09 
9.34597e-09 -4.99694e-09 
5.77395e-09 -3.608e-09 
2.85138e-09 -5.379e-09 
8.56631e-09 -4.9553e-09 
-1.08819e-09 -5.2704e-09 
