4.48159e-07 -2.34069e-06 
5.10314e-06 4.64381e-07 
-4.00592e-06 4.00609e-06 
-1.11324e-06 -1.20114e-06 
-3.2181e-07 -9.60586e-07 
3.04185e-06 1.06211e-07 
1.37008e-05 1.45333e-06 
1.76084e-06 -1.00942e-06 
4.9505e-07 -1.93271e-06 
2.90781e-07 -2.13785e-06 
2.51256e-07 -1.71537e-06 
1.22421e-06 -1.30859e-06 
-5.20856e-06 3.79478e-07 
5.19191e-07 9.96157e-07 
9.44338e-07 -3.18366e-06 
3.17641e-06 -2.52533e-08 
1.23798e-06 -3.28961e-06 
4.30983e-06 1.51755e-06 
3.03632e-06 -1.66721e-06 
-2.82567e-06 -2.03009e-05 
