2.73782e-09 -4.89278e-09 
2.24471e-09 -5.5073e-09 
2.71183e-09 -4.39196e-09 
4.48135e-09 -4.22985e-10 
2.09778e-09 -4.87068e-09 
2.68488e-09 -4.82419e-09 
1.77097e-11 -4.90678e-09 
2.29795e-09 -4.91307e-09 
-1.8733e-09 -4.03525e-09 
6.71386e-09 -4.87337e-09 
2.89702e-09 -4.83799e-09 
5.74357e-09 -4.46225e-09 
1.90669e-09 -4.38078e-09 
7.1753e-09 -4.91503e-09 
1.12904e-09 -4.32607e-09 
2.54753e-09 -4.67045e-09 
6.73755e-09 -5.00915e-09 
2.02507e-09 -1.84278e-09 
6.82429e-09 -3.38825e-09 
3.82755e-09 -4.09784e-09 
2.34094e-09 -4.52168e-09 
-4.63657e-10 -5.06074e-09 
3.58502e-09 -4.95982e-09 
3.49543e-09 -4.90428e-09 
2.32242e-09 -4.99365e-09 
-1.65807e-09 -5.10192e-09 
2.73305e-09 -4.98394e-09 
4.63853e-09 3.49453e-09 
2.69218e-09 -4.48315e-09 
2.49223e-09 -4.71632e-09 
2.95348e-09 -5.92661e-09 
2.56054e-09 -5.13503e-09 
3.40319e-09 -1.03146e-08 
2.02562e-09 1.67792e-09 
2.61635e-09 -2.72941e-09 
-5.59979e-09 -5.05406e-09 
3.12635e-09 -4.52149e-09 
2.83402e-09 -5.32328e-09 
5.55309e-09 -4.66994e-09 
4.65985e-09 -5.09773e-09 
2.78797e-09 -5.67694e-09 
3.49816e-09 -6.03305e-09 
6.35941e-09 -3.46621e-09 
1.01926e-09 -4.45642e-09 
2.72833e-09 -4.39105e-09 
5.70061e-09 -4.09639e-09 
3.78198e-09 -4.31266e-09 
2.78989e-09 -5.05076e-09 
5.93585e-09 -4.9981e-09 
-1.17311e-09 -5.64966e-09 
