2.73782e-09 -4.89278e-09 
3.62894e-09 -4.54657e-09 
2.81127e-09 -4.04709e-09 
9.39663e-10 -6.48565e-10 
2.16658e-09 -4.95706e-09 
2.46644e-09 -4.38514e-09 
2.37833e-09 -4.86236e-09 
3.9293e-09 -4.80134e-09 
-2.57781e-09 -1.71086e-09 
2.70517e-09 -4.89885e-09 
2.76345e-09 -5.27892e-09 
1.53057e-09 -4.2136e-09 
2.49305e-09 -1.05324e-09 
-5.14967e-10 -4.90391e-09 
2.49447e-11 -5.1285e-09 
2.62809e-09 -5.08289e-09 
3.64411e-09 -4.9695e-09 
2.70883e-09 -5.35417e-09 
6.04384e-09 -3.22719e-09 
4.12274e-09 -4.56949e-09 
3.0049e-09 -5.23397e-09 
1.55641e-09 -4.89101e-09 
6.64903e-10 -4.99948e-09 
2.7184e-09 -4.83978e-09 
2.13279e-09 -4.83832e-09 
1.44513e-09 -5.02098e-09 
2.73919e-09 -4.60127e-09 
3.61051e-09 2.63943e-09 
2.04408e-09 -5.61635e-09 
-2.20024e-09 -4.77708e-09 
2.83871e-09 -2.1416e-09 
2.26756e-09 -5.09798e-09 
2.07597e-10 -7.02801e-09 
1.48281e-09 -6.02273e-09 
2.58277e-09 -1.60082e-09 
2.07054e-10 -5.05109e-09 
2.6893e-09 -5.09743e-09 
1.67578e-09 -5.33512e-09 
2.0693e-09 -4.71631e-09 
3.83724e-09 -3.61682e-09 
2.7682e-09 -6.4728e-09 
2.75648e-09 -7.17128e-09 
2.72874e-09 -6.64989e-09 
1.27806e-09 -4.62649e-09 
2.74374e-09 -4.83764e-09 
7.64032e-09 -4.79724e-09 
3.77327e-09 -3.85044e-09 
2.81453e-09 -5.3376e-09 
4.99472e-09 -4.88497e-09 
-6.7236e-09 -5.46409e-09 
