2.73782e-09 -4.89278e-09 
1.21644e-09 -4.4086e-09 
2.67416e-09 -4.43206e-09 
1.60863e-09 -6.83384e-10 
2.02871e-09 -4.68868e-09 
4.26548e-09 -4.31856e-09 
1.90652e-09 -4.88257e-09 
1.87659e-09 -4.76528e-09 
4.05623e-09 -1.9984e-09 
3.2865e-09 -4.87152e-09 
2.97967e-09 -4.66219e-09 
5.71377e-09 -6.07949e-09 
2.32937e-09 -9.79892e-09 
-1.30334e-08 -5.00921e-09 
3.00165e-09 -3.80037e-09 
2.55597e-09 -5.31696e-09 
7.99605e-09 -5.07065e-09 
1.30078e-09 -1.0828e-09 
8.28581e-09 -2.31626e-09 
3.37253e-09 -3.38651e-09 
3.21309e-09 -5.3514e-09 
-2.45699e-09 -4.90212e-09 
3.61305e-09 -5.01993e-09 
9.25354e-09 -4.89464e-09 
1.50901e-09 -5.02574e-09 
1.50199e-09 -5.06807e-09 
2.74908e-09 -5.12628e-09 
4.71478e-09 8.40614e-10 
2.88021e-09 -8.86494e-09 
1.81197e-09 -4.83447e-09 
3.29605e-09 -4.23012e-09 
3.69658e-09 -4.84147e-09 
-1.32407e-09 -1.00406e-08 
4.48098e-11 2.99372e-09 
2.6805e-09 -1.68445e-09 
-2.22423e-08 -5.2037e-09 
2.83073e-09 -4.57706e-09 
3.17413e-09 -5.59e-09 
7.12867e-09 -4.67582e-09 
3.52437e-09 -5.60424e-09 
2.88747e-09 -6.05521e-09 
3.3666e-09 -5.10211e-09 
8.64765e-09 -5.18209e-09 
1.98509e-09 -4.4798e-09 
2.72427e-09 -1.89085e-09 
5.79079e-09 -3.65632e-09 
8.06792e-09 -4.26522e-09 
3.04554e-09 -5.40377e-09 
4.59192e-09 -5.05931e-09 
7.76715e-09 -6.06677e-09 
