2.73782e-09 -4.89278e-09 
2.56493e-09 -4.15006e-09 
2.77274e-09 -3.80079e-09 
7.16631e-10 -2.11373e-09 
3.02633e-09 -4.84987e-09 
2.77198e-09 -4.49459e-09 
2.30533e-09 -4.87416e-09 
5.39528e-09 -4.92363e-09 
-2.03092e-09 -3.89868e-09 
3.74986e-09 -4.90116e-09 
2.67933e-09 -4.93025e-09 
2.5536e-09 -5.37045e-09 
1.91671e-09 -1.3803e-08 
1.48621e-09 -4.93721e-09 
-9.79596e-10 -4.34113e-09 
2.63699e-09 -3.85121e-09 
8.22337e-10 -5.14951e-09 
2.47184e-09 -5.16261e-09 
9.68718e-09 -2.9812e-09 
3.17913e-09 -5.2544e-09 
3.2174e-09 -3.74579e-09 
-1.28821e-10 -4.90143e-09 
2.24476e-10 -4.86883e-09 
-1.50049e-09 -4.84726e-09 
4.78697e-10 -4.93914e-09 
1.86204e-09 -4.96845e-09 
2.73954e-09 -4.78113e-09 
3.84035e-09 4.91379e-10 
1.64349e-09 -7.19682e-09 
1.27047e-09 -4.8608e-09 
2.98855e-09 -3.37546e-09 
2.73409e-09 -5.00943e-09 
-7.76917e-10 -6.64372e-09 
4.41425e-09 -1.16638e-09 
2.62706e-09 -4.62149e-09 
-1.83572e-09 -5.21597e-09 
3.96353e-09 -5.01357e-09 
6.49435e-09 -4.82299e-09 
3.02241e-09 -4.52476e-09 
4.29959e-09 -5.5535e-09 
2.76952e-09 -6.12456e-09 
2.64403e-09 -7.63744e-09 
2.50341e-10 -6.52075e-09 
2.915e-09 -5.11181e-09 
2.73615e-09 -5.88597e-09 
-1.53401e-09 -6.99634e-09 
-2.9707e-09 -4.32656e-09 
2.92549e-09 -4.74944e-09 
7.32598e-09 -4.88513e-09 
7.86279e-09 -5.34865e-09 
