2.73782e-09 -4.89278e-09 
2.15941e-09 -4.05212e-09 
2.77132e-09 -4.47401e-09 
2.29414e-09 -1.2747e-09 
2.28136e-09 -4.90201e-09 
2.39397e-09 -3.81102e-09 
1.48268e-09 -4.88471e-09 
2.71062e-09 -4.82256e-09 
-1.18791e-09 -3.98691e-09 
5.06484e-09 -4.87526e-09 
2.86614e-09 -5.27237e-09 
2.21024e-09 -5.71429e-09 
3.06509e-09 -5.53326e-09 
-1.4671e-08 -5.0169e-09 
3.55246e-09 -4.84324e-09 
2.56225e-09 -4.71112e-09 
7.12612e-09 -4.77504e-09 
2.43871e-09 -2.15331e-09 
4.80617e-09 -4.17499e-09 
3.98e-09 -3.22466e-09 
3.28261e-09 -3.15932e-09 
3.36823e-09 -5.17855e-09 
3.50454e-09 -4.88844e-09 
4.83759e-09 -4.82566e-09 
1.30728e-09 -4.91219e-09 
1.94502e-09 -5.01726e-09 
2.74199e-09 -4.93798e-09 
4.16961e-09 -7.74875e-09 
1.46823e-09 -6.83944e-09 
2.04322e-09 -4.8849e-09 
2.77044e-09 -4.90694e-09 
3.26988e-09 -4.98408e-09 
-2.03991e-09 -6.18414e-09 
2.16789e-09 -3.18475e-09 
2.78982e-09 -2.98665e-09 
-1.38183e-09 -5.1416e-09 
3.75835e-09 -4.83791e-09 
6.08724e-09 -5.62876e-09 
5.44332e-09 -4.93907e-09 
2.83016e-09 -6.17358e-09 
2.75924e-09 -5.17467e-09 
2.9676e-09 -6.88339e-09 
1.75614e-11 -6.06755e-09 
2.60682e-09 -4.39945e-09 
2.72678e-09 -2.44933e-09 
-2.83977e-09 -6.71005e-09 
9.73181e-09 -4.97362e-09 
2.77671e-09 -5.38958e-09 
7.33099e-09 -4.89081e-09 
1.15973e-08 -4.57785e-09 
