2.73782e-09 -4.89278e-09 
2.63497e-09 -4.81325e-09 
2.72101e-09 -4.43329e-09 
2.59776e-09 1.14694e-09 
2.63018e-09 -4.68883e-09 
2.93338e-09 -5.39208e-09 
2.66297e-09 -4.88445e-09 
3.68509e-09 -4.92815e-09 
6.12422e-10 -2.52578e-09 
4.49605e-09 -4.90339e-09 
2.69465e-09 -4.5903e-09 
1.30126e-09 -4.84459e-09 
2.17388e-09 -2.67493e-08 
-9.64348e-09 -4.87281e-09 
9.78665e-10 -4.39487e-09 
2.61102e-09 -9.12202e-09 
5.58962e-09 -4.92804e-09 
2.07567e-09 -4.41207e-09 
4.48496e-09 -3.6585e-09 
2.96432e-09 -6.61294e-09 
3.75383e-09 -4.42386e-09 
3.55959e-09 -5.06457e-09 
1.02679e-09 -4.95076e-09 
8.62875e-10 -4.89978e-09 
2.3294e-10 -4.98499e-09 
1.61017e-09 -4.75276e-09 
2.74177e-09 -4.88383e-09 
3.21685e-09 2.67745e-09 
2.49834e-09 -8.82051e-09 
3.31109e-10 -4.90409e-09 
2.82908e-09 -2.08263e-09 
2.74406e-09 -4.94204e-09 
-4.32459e-09 -6.19173e-09 
3.91677e-09 5.26578e-09 
2.59951e-09 -5.1126e-09 
3.18494e-09 -4.98788e-09 
3.3221e-09 -4.78137e-09 
6.72366e-09 -5.1583e-09 
2.60801e-09 -4.46091e-09 
7.24308e-09 -4.94621e-09 
2.81895e-09 -5.29996e-09 
2.85472e-09 -7.10767e-09 
2.18121e-09 -5.89596e-09 
3.12544e-09 -4.6165e-09 
2.73349e-09 -4.79713e-09 
4.61898e-09 -6.92833e-09 
3.16803e-09 -4.96898e-09 
2.85662e-09 -5.10176e-09 
7.00855e-09 -4.86288e-09 
9.37215e-09 -5.06465e-09 
