2.73782e-09 -4.89278e-09 
2.20501e-09 -3.31493e-09 
2.76463e-09 -4.07368e-09 
2.0638e-09 -2.92601e-09 
2.57899e-09 -4.86155e-09 
3.52176e-09 -4.19357e-09 
2.72757e-09 -4.90408e-09 
2.00398e-09 -4.75642e-09 
1.40527e-09 -2.58721e-09 
7.14497e-09 -4.8973e-09 
3.05582e-09 -5.50663e-09 
5.98647e-09 -5.12882e-09 
9.70896e-10 -2.5779e-08 
7.88754e-09 -4.88712e-09 
4.74115e-10 -4.40561e-09 
2.5246e-09 -5.46e-09 
3.8845e-09 -4.79691e-09 
1.59615e-09 -2.40413e-09 
8.19911e-09 -4.55823e-09 
3.06835e-09 -5.11517e-09 
1.85983e-09 -5.30819e-09 
-2.51658e-09 -4.9123e-09 
-6.74047e-10 -4.97298e-09 
5.6567e-09 -4.8004e-09 
3.29075e-09 -4.99216e-09 
-1.809e-09 -4.96101e-09 
2.73793e-09 -4.67549e-09 
4.02007e-09 -4.15546e-09 
2.13529e-09 -9.99546e-09 
1.0831e-09 -5.027e-09 
3.20186e-09 -3.21513e-09 
3.83666e-09 -4.87603e-09 
-4.13484e-09 -6.20363e-09 
2.90267e-09 5.4098e-09 
2.74234e-09 -7.19769e-10 
-1.78701e-08 -5.30174e-09 
3.06664e-09 -4.49431e-09 
7.28892e-09 -5.47224e-09 
3.42825e-09 -4.97328e-09 
1.37735e-09 -5.52771e-09 
2.90739e-09 -6.89568e-09 
2.85116e-09 -4.41473e-09 
3.3292e-09 -4.44208e-09 
4.57216e-10 -4.56701e-09 
2.73682e-09 -5.9666e-09 
3.12755e-09 -5.56408e-09 
6.25862e-09 -2.66878e-09 
3.12558e-09 -4.77502e-09 
6.35251e-09 -5.07529e-09 
2.64895e-09 -5.11652e-09 
