2.73782e-09 -4.89278e-09 
2.44646e-09 -5.66214e-09 
2.74607e-09 -3.77884e-09 
2.79729e-09 -1.74668e-09 
2.57332e-09 -4.49159e-09 
3.10127e-09 -4.78205e-09 
2.81218e-09 -4.91801e-09 
1.86929e-09 -4.92407e-09 
2.19194e-10 -3.11678e-09 
7.13464e-09 -4.89832e-09 
2.81409e-09 -5.14911e-09 
2.23073e-09 -5.12734e-09 
1.18715e-09 -1.41644e-08 
1.43454e-08 -4.9635e-09 
1.2317e-09 -4.39605e-09 
2.67869e-09 -8.08906e-09 
7.1295e-09 -4.86408e-09 
8.54715e-10 -6.15312e-09 
3.28282e-09 -5.14859e-09 
3.50732e-09 -5.26864e-09 
3.50498e-09 -3.07237e-09 
-5.542e-09 -5.04866e-09 
6.85091e-10 -4.87877e-09 
3.88953e-09 -4.95765e-09 
9.40939e-10 -5.01401e-09 
-7.46251e-10 -4.9666e-09 
2.74457e-09 -4.82283e-09 
3.01353e-09 -4.90569e-09 
2.82341e-09 -1.37745e-08 
-1.05889e-09 -4.84835e-09 
3.11904e-09 -2.86109e-09 
3.50977e-09 -5.02341e-09 
-2.43842e-09 -5.28282e-09 
3.31613e-09 -5.46891e-09 
2.60639e-09 -3.33953e-09 
-2.18854e-08 -5.50593e-09 
3.50679e-09 -4.72235e-09 
9.09318e-09 -5.35477e-09 
5.48835e-09 -4.61357e-09 
6.98565e-09 -4.96459e-09 
2.91488e-09 -4.39385e-09 
2.44947e-09 -8.12101e-09 
1.56361e-09 -7.10576e-09 
6.13806e-10 -4.67749e-09 
2.73599e-09 -5.83588e-09 
3.58091e-09 -6.64255e-09 
3.74624e-09 -4.81741e-09 
3.23373e-09 -5.12804e-09 
4.03095e-09 -4.79897e-09 
-2.2267e-09 -4.79169e-09 
