2.73782e-09 -4.89278e-09 
1.85484e-09 -3.05095e-09 
2.75334e-09 -4.32781e-09 
8.30172e-10 -2.92383e-09 
2.31636e-09 -4.85702e-09 
3.8129e-09 -4.49795e-09 
2.49916e-09 -4.87727e-09 
1.41953e-09 -4.67404e-09 
1.07089e-09 -4.54488e-09 
5.58032e-09 -4.8899e-09 
3.13578e-09 -4.97198e-09 
7.36651e-09 -5.05015e-09 
2.21945e-09 -1.18523e-08 
5.67042e-09 -4.92875e-09 
1.97146e-09 -4.4011e-09 
2.60958e-09 -7.98337e-09 
4.08707e-09 -4.82886e-09 
6.49449e-10 -2.81135e-09 
7.3116e-09 -4.59736e-09 
3.08792e-09 -5.18662e-09 
2.43394e-09 -4.55495e-09 
6.1215e-10 -5.42501e-09 
-3.91058e-11 -4.94113e-09 
5.56136e-09 -4.77995e-09 
2.14244e-09 -4.94327e-09 
2.70562e-10 -5.03278e-09 
2.7346e-09 -4.71917e-09 
3.43096e-09 -2.88787e-09 
1.76622e-09 9.2359e-09 
-5.15311e-10 -4.94406e-09 
3.18831e-09 -9.6393e-10 
3.60224e-09 -4.89799e-09 
-3.21225e-09 -6.68917e-09 
1.86459e-09 6.70255e-09 
2.66006e-09 -8.71236e-11 
-2.69409e-08 -5.06164e-09 
3.63354e-09 -4.71326e-09 
7.91876e-09 -4.84033e-09 
4.12422e-09 -4.84948e-09 
-1.77359e-10 -5.4103e-09 
2.99557e-09 -7.58689e-09 
2.97456e-09 -3.77391e-09 
7.32859e-09 -3.64236e-09 
1.89637e-09 -4.42359e-09 
2.73467e-09 -5.06685e-09 
4.12287e-09 -6.0717e-09 
2.45873e-09 -4.03073e-09 
3.32706e-09 -4.91971e-09 
3.94453e-09 -5.00935e-09 
9.8481e-09 -5.81357e-09 
