3.46222e-07 8.95793e-07 
4.01701e-07 8.03302e-07 
-4.50722e-06 5.45734e-06 
3.69289e-08 -4.55534e-06 
3.59927e-07 -3.49013e-06 
1.25152e-06 1.04425e-06 
6.68937e-06 1.21944e-06 
-3.78857e-07 6.13316e-07 
4.21503e-07 5.68928e-07 
-1.01454e-06 -3.23628e-06 
7.97936e-07 1.59184e-06 
8.77014e-07 -2.57266e-06 
2.89037e-06 6.80072e-07 
8.88036e-07 9.71628e-07 
-7.14074e-08 1.62385e-06 
2.65014e-06 8.86914e-07 
-3.94407e-07 -1.04687e-05 
2.73939e-06 1.59655e-06 
-1.88298e-07 1.22465e-06 
1.01748e-06 -3.24911e-06 
