2.73782e-09 -4.89278e-09 
2.7438e-09 -4.65919e-09 
2.79642e-09 -4.37843e-09 
1.79552e-09 -3.05111e-09 
2.45895e-09 -4.91704e-09 
2.32228e-09 -4.34663e-09 
1.29837e-09 -4.87516e-09 
3.84595e-09 -4.94098e-09 
-1.92318e-09 -3.29707e-09 
6.55951e-09 -4.86674e-09 
3.09787e-09 -5.01066e-09 
-6.64921e-09 -5.20783e-09 
2.63579e-09 2.42489e-10 
-1.93453e-08 -4.88554e-09 
-1.32703e-09 -4.00262e-09 
2.58946e-09 -5.09825e-09 
8.40242e-09 -5.04503e-09 
2.78511e-09 -4.72385e-09 
9.1724e-09 -6.67494e-10 
4.4978e-09 -3.64959e-09 
3.55889e-09 -4.49906e-09 
-5.46505e-10 -5.08572e-09 
-9.49463e-10 -4.89695e-09 
1.95165e-09 -4.79157e-09 
1.19828e-09 -4.87763e-09 
-4.17116e-10 -5.02359e-09 
2.73953e-09 -4.79447e-09 
4.99951e-09 -1.57533e-09 
1.30897e-09 1.03029e-08 
1.4766e-09 -4.63026e-09 
2.71663e-09 -5.58898e-09 
1.4661e-09 -4.92763e-09 
1.6705e-09 -6.61503e-09 
1.70859e-09 -6.6568e-11 
2.70065e-09 -6.85565e-09 
1.14109e-08 -5.23845e-09 
3.77896e-09 -4.89736e-09 
1.83452e-09 -4.57806e-09 
5.96046e-09 -4.61405e-09 
4.00085e-09 -4.53437e-09 
2.64456e-09 -4.17304e-09 
3.05454e-09 -8.79558e-09 
6.33506e-09 -3.46153e-09 
1.70211e-09 -4.43652e-09 
2.73736e-09 -2.17537e-09 
1.01802e-09 -3.77287e-09 
5.44123e-09 -3.81891e-09 
2.90813e-09 -4.98168e-09 
4.8369e-09 -4.96678e-09 
9.78473e-09 -4.55697e-09 
