3.92177e-07 2.33198e-06 
-4.24582e-07 1.01407e-06 
-5.27789e-07 -4.04211e-06 
9.03506e-07 -8.41537e-06 
4.10935e-07 3.35486e-06 
1.28526e-06 1.19817e-06 
5.06536e-06 1.18438e-06 
-8.34253e-07 1.99675e-06 
4.10858e-07 8.34164e-07 
1.22686e-06 -2.31193e-06 
1.76784e-07 4.43745e-06 
1.07278e-06 -3.09592e-06 
8.5025e-09 7.01413e-07 
8.55439e-07 6.1456e-07 
-2.18567e-08 -1.90272e-06 
-2.21514e-07 1.85717e-07 
-2.32747e-07 -1.15306e-05 
4.25497e-07 1.07904e-06 
-2.07783e-06 1.13454e-06 
3.54325e-06 -8.20388e-06 
