2.73782e-09 -4.89278e-09 
9.30235e-10 -3.4607e-09 
2.76271e-09 -4.1218e-09 
1.17025e-09 -2.64789e-09 
3.44488e-09 -4.94407e-09 
3.55118e-09 -4.68804e-09 
-5.89087e-10 -4.88463e-09 
1.84772e-09 -4.79839e-09 
4.62869e-09 -1.92139e-09 
2.76088e-09 -4.89069e-09 
3.06846e-09 -4.99134e-09 
1.17427e-09 -5.36921e-09 
2.57827e-09 -1.60663e-08 
-1.49097e-08 -4.82706e-09 
6.78751e-11 -3.62082e-09 
2.82401e-09 -8.26018e-09 
7.15845e-09 -4.92966e-09 
2.05729e-09 -4.12241e-09 
-1.8384e-09 -2.14267e-09 
6.1988e-09 -4.16003e-09 
2.39297e-09 -4.1987e-09 
-2.75469e-09 -5.29219e-09 
-2.22643e-09 -4.93835e-09 
4.34127e-09 -4.87835e-09 
3.79057e-09 -5.03977e-09 
-3.68127e-10 -5.11603e-09 
2.75012e-09 -4.8757e-09 
6.64549e-09 -8.37332e-09 
2.13209e-09 -5.22434e-09 
2.32614e-09 -4.57028e-09 
2.80294e-09 -1.91287e-09 
1.73738e-09 -4.74107e-09 
-6.45745e-09 -7.00283e-09 
2.50633e-09 1.94333e-09 
2.65026e-09 -5.11371e-09 
6.19861e-09 -5.58849e-09 
4.83264e-09 -4.40671e-09 
1.07685e-08 -2.01645e-09 
5.04481e-09 -4.84432e-09 
-1.16502e-09 -4.44145e-09 
2.69884e-09 -4.78634e-09 
2.90495e-09 -7.69458e-09 
5.12927e-09 -5.72491e-09 
1.8418e-09 -5.01901e-09 
2.73385e-09 -4.70188e-09 
1.87726e-09 -4.06805e-09 
1.50039e-08 -5.07355e-09 
2.97168e-09 -5.28429e-09 
7.77931e-09 -5.14921e-09 
1.89031e-08 -6.00921e-09 
