2.73782e-09 -4.89278e-09 
2.74153e-09 -2.86499e-09 
2.80502e-09 -5.00108e-09 
2.18322e-09 -2.12085e-10 
1.70456e-09 -5.1156e-09 
3.54605e-09 -4.97208e-09 
-1.37578e-11 -4.88904e-09 
1.45198e-09 -4.83387e-09 
2.59797e-09 -5.04869e-09 
5.37857e-09 -4.90487e-09 
2.88094e-09 -4.86878e-09 
-2.7288e-09 -5.31632e-09 
2.27112e-09 -2.45752e-08 
-1.11582e-08 -4.94687e-09 
1.94263e-09 -5.56778e-09 
2.79148e-09 -4.68205e-09 
7.60781e-09 -4.89752e-09 
1.57932e-09 -3.80303e-09 
8.06857e-09 -2.33229e-09 
4.11592e-09 -3.72153e-09 
1.83963e-09 -5.04728e-09 
-4.49436e-09 -5.5801e-09 
-2.6916e-09 -5.11268e-09 
3.53296e-09 -4.86068e-09 
-1.21595e-11 -5.01141e-09 
1.36782e-09 -4.91037e-09 
2.75336e-09 -4.8498e-09 
1.63781e-09 -1.14893e-08 
3.12285e-09 -2.61581e-09 
-1.52747e-09 -5.12765e-09 
2.81008e-09 -3.16529e-09 
2.95647e-09 -4.83173e-09 
-8.716e-09 -6.82685e-09 
2.80488e-09 6.03235e-09 
2.6623e-09 -2.56837e-09 
-1.20823e-08 -4.98737e-09 
4.59383e-09 -4.26405e-09 
1.64564e-09 -8.99831e-09 
4.67894e-09 -5.01931e-09 
2.24159e-09 -4.63087e-09 
2.72437e-09 -6.96824e-09 
2.97509e-09 -3.09793e-09 
2.44629e-09 -7.23294e-09 
1.88173e-09 -4.5742e-09 
2.73459e-09 -5.30987e-09 
2.09269e-09 -7.21338e-09 
4.97914e-09 -5.16441e-09 
2.97033e-09 -5.60857e-09 
1.12409e-08 -5.23193e-09 
1.15669e-08 -6.20582e-09 
