2.73782e-09 -4.89278e-09 
2.92522e-09 -5.16997e-09 
2.75335e-09 -5.23216e-09 
1.82163e-09 1.09711e-09 
2.19681e-09 -4.53829e-09 
2.84463e-09 -4.14827e-09 
3.56446e-09 -4.89098e-09 
6.69382e-09 -4.86882e-09 
4.34402e-10 -5.66471e-09 
7.49212e-09 -4.88591e-09 
2.71876e-09 -5.25246e-09 
5.85039e-09 -5.19908e-09 
2.23501e-09 -3.18861e-09 
-8.81351e-10 -4.9864e-09 
3.09524e-09 -5.26202e-09 
2.73211e-09 -6.55229e-09 
9.88009e-09 -4.92519e-09 
2.43546e-09 -3.49204e-09 
1.26294e-08 -3.28466e-09 
1.15793e-09 -3.45895e-09 
3.63695e-09 -4.6283e-09 
1.47405e-09 -5.09447e-09 
6.98699e-10 -4.79025e-09 
2.45059e-09 -4.84168e-09 
-1.07728e-09 -4.8521e-09 
3.88326e-09 -5.08106e-09 
2.72718e-09 -4.73081e-09 
2.60305e-09 2.36656e-09 
3.52937e-09 -4.50073e-09 
6.93941e-10 -4.77896e-09 
3.14064e-09 -4.75351e-09 
3.83616e-09 -5.1585e-09 
-6.73665e-09 -6.66444e-09 
2.35281e-09 -1.351e-09 
2.75762e-09 -1.54233e-09 
-8.26439e-09 -4.85362e-09 
3.03396e-09 -5.2052e-09 
3.19289e-10 -5.93854e-09 
4.34076e-09 -4.82441e-09 
5.57934e-09 -5.20076e-09 
2.95531e-09 -8.61685e-09 
2.90614e-09 -2.41692e-09 
5.2783e-09 -6.62259e-09 
2.05679e-09 -4.13015e-09 
2.7377e-09 -2.46135e-09 
1.45304e-09 -7.38144e-09 
-1.74517e-09 -4.5165e-09 
3.06096e-09 -4.6346e-09 
5.12961e-09 -4.81487e-09 
-5.90453e-09 -4.11124e-09 
