2.73782e-09 -4.89278e-09 
1.82402e-09 -4.41601e-09 
2.7765e-09 -3.66577e-09 
2.49251e-09 1.9587e-09 
2.42658e-09 -5.03518e-09 
3.90455e-09 -4.35367e-09 
2.84156e-10 -4.87748e-09 
1.72096e-09 -4.83536e-09 
2.73072e-09 -3.38118e-09 
1.26728e-09 -4.90455e-09 
2.96051e-09 -4.71812e-09 
2.16954e-09 -5.2031e-09 
2.66383e-09 -1.71495e-08 
-9.69002e-09 -5.0088e-09 
-9.04413e-10 -5.8686e-09 
2.61292e-09 -4.71028e-09 
4.57618e-09 -5.03751e-09 
1.59709e-09 -2.23934e-09 
1.15989e-08 1.55768e-10 
2.03374e-09 -4.70469e-09 
2.78632e-09 -5.70475e-09 
-5.82263e-09 -4.91172e-09 
-3.92212e-09 -5.11115e-09 
5.47283e-09 -4.86396e-09 
2.71746e-09 -4.92042e-09 
-5.403e-10 -5.12291e-09 
2.75234e-09 -4.88448e-09 
2.94334e-09 -8.05958e-09 
2.45306e-09 6.14526e-09 
2.80028e-09 -5.02453e-09 
2.72989e-09 -8.47218e-10 
3.34488e-09 -5.02039e-09 
-8.11949e-09 -5.72833e-09 
3.23784e-09 9.3043e-09 
2.70528e-09 -3.4172e-09 
-8.27409e-09 -4.88221e-09 
4.01175e-09 -4.56351e-09 
6.04472e-09 -8.964e-09 
5.98737e-09 -4.84705e-09 
2.90541e-09 -5.50284e-09 
2.86851e-09 -5.5421e-09 
3.05803e-09 -8.94379e-09 
2.4683e-09 -6.45746e-09 
9.8097e-10 -4.61558e-09 
2.73065e-09 -3.05974e-09 
2.28133e-09 -4.79896e-09 
1.0819e-08 -4.04945e-09 
3.06457e-09 -5.32593e-09 
8.90467e-09 -5.19919e-09 
6.614e-09 -7.7573e-09 
