2.73782e-09 -4.89278e-09 
2.05456e-09 -4.77837e-09 
2.80202e-09 -4.10759e-09 
1.95836e-09 4.37344e-09 
2.46475e-09 -4.65703e-09 
2.92365e-09 -4.32424e-09 
-7.45939e-10 -4.8857e-09 
2.02556e-09 -4.79623e-09 
-1.17064e-10 -3.61679e-09 
8.37307e-09 -4.89112e-09 
2.92954e-09 -5.10809e-09 
6.26352e-09 -5.09079e-09 
2.47194e-09 -1.1701e-09 
-9.6806e-10 -5.09075e-09 
2.47929e-09 -4.73599e-09 
2.80632e-09 -5.80271e-09 
8.09914e-09 -4.90598e-09 
3.41371e-09 -1.88206e-09 
7.79361e-09 -2.6872e-09 
2.14463e-09 -4.60589e-09 
3.10373e-09 -5.73659e-09 
-2.741e-09 -5.01463e-09 
-5.37668e-09 -4.81726e-09 
3.80376e-09 -4.82994e-09 
4.87608e-10 -4.91297e-09 
3.61847e-09 -5.00094e-09 
2.73818e-09 -4.78415e-09 
1.99764e-09 2.19747e-09 
3.31666e-09 8.14514e-09 
9.33651e-10 -4.82309e-09 
3.34057e-09 -2.38786e-09 
3.74584e-09 -5.041e-09 
-1.26517e-08 -7.68576e-09 
3.40038e-09 1.40161e-08 
2.76242e-09 -2.69875e-09 
-2.38087e-08 -5.02536e-09 
2.3624e-09 -4.98431e-09 
6.92116e-10 -1.03901e-08 
4.99158e-09 -4.93975e-09 
2.67664e-09 -5.3406e-09 
2.57998e-09 -7.67125e-09 
2.75819e-09 -6.67218e-09 
1.52141e-09 -7.48363e-09 
1.40794e-09 -4.62847e-09 
2.7399e-09 -2.81812e-09 
-4.1331e-10 -6.78571e-09 
5.75968e-09 -4.77667e-09 
2.99277e-09 -5.2589e-09 
7.89732e-09 -4.95682e-09 
-1.96943e-09 -5.47623e-09 
