2.73782e-09 -4.89278e-09 
2.51368e-09 -3.78033e-09 
2.7317e-09 -4.20828e-09 
2.35359e-09 -1.46667e-09 
2.81411e-09 -5.21707e-09 
3.37438e-09 -4.37602e-09 
2.8431e-09 -4.87869e-09 
5.3722e-09 -4.79022e-09 
1.73257e-09 -5.97695e-09 
1.65873e-09 -4.89513e-09 
2.87957e-09 -5.01384e-09 
1.99157e-09 -4.92203e-09 
2.40732e-09 -8.97279e-09 
-7.90068e-09 -4.61878e-09 
-1.29673e-09 -5.04429e-09 
2.47719e-09 -4.07405e-09 
2.05284e-09 -4.99591e-09 
9.92668e-10 -4.64106e-09 
1.20226e-09 -2.20703e-09 
1.7728e-09 -4.00325e-09 
3.10535e-09 -5.2519e-09 
3.57611e-09 -5.11863e-09 
6.60422e-09 -5.05942e-09 
5.33283e-09 -4.80991e-09 
4.05075e-09 -4.9053e-09 
6.63638e-10 -4.9274e-09 
2.76022e-09 -4.88316e-09 
3.75061e-09 1.96555e-09 
1.73802e-09 -8.68514e-09 
1.19195e-09 -4.83342e-09 
2.88212e-09 -3.08403e-09 
2.79991e-09 -5.11099e-09 
-3.24325e-09 -2.64882e-09 
3.34031e-09 -6.83631e-09 
2.64518e-09 -5.84966e-09 
-1.86807e-08 -4.73619e-09 
2.39524e-09 -4.72041e-09 
1.06427e-08 -1.01445e-08 
2.19402e-09 -5.03664e-09 
3.12095e-09 -5.10672e-09 
2.97031e-09 -4.87788e-09 
3.14544e-09 -5.77156e-09 
2.92734e-09 -7.69474e-09 
1.00465e-09 -4.97248e-09 
2.73019e-09 -4.18679e-09 
4.4929e-09 -4.77154e-09 
6.81042e-09 -3.84611e-09 
3.02856e-09 -5.06736e-09 
8.64894e-09 -4.75182e-09 
4.7175e-09 -5.70118e-09 
