2.73782e-09 -4.89278e-09 
2.38672e-09 -5.1639e-09 
2.77161e-09 -5.05371e-09 
1.60773e-09 -2.34371e-09 
2.37013e-09 -5.00681e-09 
2.59246e-09 -4.66084e-09 
-1.51614e-09 -4.88632e-09 
1.17423e-09 -4.82219e-09 
1.17355e-09 -1.44945e-09 
6.21767e-09 -4.8918e-09 
2.83043e-09 -5.12501e-09 
5.25846e-09 -4.92194e-09 
2.40389e-09 -1.44619e-08 
-2.12453e-09 -5.11913e-09 
5.28971e-09 -4.07631e-09 
2.87292e-09 -8.18052e-09 
6.88363e-09 -4.89904e-09 
3.3692e-09 -2.94868e-09 
1.29921e-08 -2.98462e-09 
7.62328e-09 -3.60483e-09 
2.6467e-09 -4.55176e-09 
-2.86844e-09 -4.74977e-09 
-6.96883e-09 -4.90146e-09 
6.86587e-09 -4.91232e-09 
-7.32129e-11 -5.08619e-09 
3.31534e-09 -5.20466e-09 
2.72712e-09 -4.79904e-09 
3.18188e-09 -1.57899e-09 
2.63187e-09 -6.86129e-09 
1.06552e-09 -4.83087e-09 
3.02355e-09 -2.99408e-09 
3.2525e-09 -4.8933e-09 
-8.19403e-09 -1.10329e-08 
1.93339e-09 6.33568e-09 
2.66363e-09 -2.11711e-09 
3.3644e-09 -5.47826e-09 
3.52587e-09 -4.73969e-09 
1.32988e-09 -4.69473e-09 
4.36372e-09 -4.74087e-09 
7.53625e-09 -5.45927e-09 
2.81434e-09 -7.86907e-09 
3.44042e-09 -6.71218e-09 
4.1507e-09 -4.45089e-09 
3.69919e-09 -4.58373e-09 
2.73178e-09 -3.54111e-09 
9.76783e-10 -6.1321e-09 
5.52582e-09 -4.91023e-09 
2.81446e-09 -5.08848e-09 
4.00925e-10 -5.37054e-09 
-4.64645e-10 -5.80494e-09 
