2.73782e-09 -4.89278e-09 
2.22302e-09 -5.60446e-09 
2.70068e-09 -3.87967e-09 
2.46717e-09 -6.27493e-09 
2.24103e-09 -4.2652e-09 
3.10427e-09 -4.54138e-09 
7.22232e-09 -4.88987e-09 
4.47308e-09 -4.84803e-09 
2.05022e-09 -2.14508e-09 
5.06359e-09 -4.8752e-09 
2.76483e-09 -5.10343e-09 
5.234e-09 -5.41756e-09 
2.78438e-09 -1.1003e-08 
-4.26206e-09 -5.00314e-09 
6.47107e-09 -4.52346e-09 
2.35221e-09 -9.47308e-09 
9.41811e-09 -4.86959e-09 
1.61516e-09 -5.46506e-09 
1.11994e-08 -5.37889e-09 
7.85181e-09 -4.05371e-09 
2.84231e-09 -2.5659e-09 
4.98763e-09 -5.0233e-09 
2.37948e-09 -4.99573e-09 
8.45113e-09 -4.87081e-09 
2.62909e-10 -5.02182e-09 
-7.29569e-10 -4.82383e-09 
2.73981e-09 -4.88191e-09 
3.41732e-09 4.46078e-10 
1.64773e-09 -1.01876e-08 
2.90811e-09 -4.78485e-09 
2.92087e-09 -3.14808e-09 
2.80756e-09 -5.09369e-09 
-5.58983e-09 -1.10154e-08 
1.81959e-09 -1.31338e-08 
2.64292e-09 -3.23057e-09 
-1.36006e-08 -4.66548e-09 
3.9181e-09 -4.74956e-09 
4.46764e-09 -1.631e-09 
1.63026e-09 -4.35582e-09 
6.55205e-09 -4.82506e-09 
2.79768e-09 -6.09677e-09 
2.64284e-09 -4.36236e-09 
3.25664e-09 -5.41858e-09 
3.89643e-09 -4.79459e-09 
2.72846e-09 -4.63219e-09 
1.46691e-12 -4.82594e-09 
4.6837e-09 -4.48938e-09 
2.85203e-09 -5.19162e-09 
7.62841e-09 -4.54329e-09 
7.05724e-09 -4.90736e-09 
