2.73782e-09 -4.89278e-09 
2.19864e-09 -3.56431e-09 
2.76786e-09 -4.23933e-09 
7.09638e-10 -2.20906e-09 
2.46629e-09 -4.66823e-09 
3.73874e-09 -4.61984e-09 
8.26347e-09 -4.8682e-09 
6.70262e-09 -4.87001e-09 
-1.63957e-09 -6.87915e-09 
2.70035e-09 -4.89252e-09 
2.79189e-09 -5.01033e-09 
1.91693e-09 -5.44942e-09 
1.8602e-09 -4.14613e-10 
-4.26091e-09 -4.78132e-09 
-3.91138e-09 -4.69202e-09 
2.3181e-09 -6.78718e-09 
6.52042e-09 -5.05036e-09 
1.52373e-09 -4.577e-09 
4.98044e-09 -3.61194e-09 
4.61002e-09 -4.47271e-09 
3.46936e-09 -4.05452e-09 
3.70452e-10 -5.31038e-09 
7.56904e-09 -5.06992e-09 
5.89663e-09 -4.83618e-09 
8.72256e-10 -4.84524e-09 
8.99504e-10 -4.71421e-09 
2.74902e-09 -4.82803e-09 
3.7953e-09 2.68814e-09 
1.84772e-09 -6.58985e-09 
1.75566e-09 -4.77216e-09 
3.01431e-09 -3.75282e-09 
2.523e-09 -5.19138e-09 
-3.19206e-09 -3.51648e-09 
2.92699e-09 -1.78827e-10 
2.7501e-09 -3.36752e-09 
-3.13993e-08 -4.62156e-09 
4.11577e-09 -4.78842e-09 
8.5411e-09 -4.43446e-09 
2.90164e-09 -4.43221e-09 
6.30604e-10 -5.62288e-09 
2.74346e-09 -6.48667e-09 
2.5837e-09 -4.56976e-09 
5.66142e-09 -5.91767e-09 
9.98341e-10 -5.07323e-09 
2.73978e-09 -5.28325e-09 
3.40678e-09 -5.16193e-09 
4.09671e-09 -3.39344e-09 
2.81243e-09 -5.36028e-09 
9.43705e-09 -4.47081e-09 
1.35153e-08 -4.29789e-09 
