2.73782e-09 -4.89278e-09 
2.12144e-09 -2.84889e-09 
2.80154e-09 -5.11038e-09 
1.37111e-09 -9.64711e-10 
2.82784e-09 -4.61924e-09 
2.47937e-09 -4.52344e-09 
-1.56158e-09 -4.90036e-09 
1.20481e-09 -4.8547e-09 
2.81099e-09 1.14556e-10 
4.47532e-09 -4.87746e-09 
2.89586e-09 -5.19073e-09 
3.03503e-09 -5.01513e-09 
3.01687e-09 -9.34791e-09 
-1.02687e-08 -5.022e-09 
5.64393e-09 -4.80361e-09 
2.81936e-09 -5.9563e-09 
1.90062e-09 -4.95791e-09 
2.99195e-09 -2.692e-09 
5.43578e-09 -3.12707e-09 
4.92987e-09 -4.64893e-09 
3.12708e-09 -4.97726e-09 
-3.68698e-09 -4.88635e-09 
-4.42239e-09 -4.88321e-09 
3.91501e-10 -4.89852e-09 
3.10258e-09 -4.98038e-09 
4.18671e-10 -4.92544e-09 
2.74044e-09 -4.71847e-09 
4.14044e-09 -7.7256e-09 
3.23148e-09 -1.05621e-08 
8.81226e-10 -4.89503e-09 
3.10238e-09 -3.69232e-09 
3.57604e-09 -4.91912e-09 
-4.71741e-09 -1.20802e-08 
1.95569e-09 -3.67397e-09 
2.73265e-09 -2.2321e-09 
-3.23341e-10 -6.09104e-09 
3.11729e-09 -4.79327e-09 
4.17257e-09 -7.31043e-09 
4.54918e-09 -5.67995e-09 
7.96494e-09 -4.11214e-09 
2.95542e-09 -5.98794e-09 
3.23245e-09 -7.44589e-09 
3.73247e-09 -6.69427e-09 
1.84147e-10 -4.13979e-09 
2.73417e-09 -3.04431e-09 
1.93739e-09 -5.87883e-09 
3.58288e-09 -4.33859e-09 
3.07539e-09 -4.95345e-09 
7.60349e-10 -5.28557e-09 
1.01799e-08 -6.60413e-09 
