2.73782e-09 -4.89278e-09 
2.54266e-09 -6.60337e-09 
2.7982e-09 -3.78982e-09 
2.11119e-09 -7.39911e-10 
2.55846e-09 -4.43115e-09 
3.44579e-09 -4.25753e-09 
5.14608e-09 -4.86134e-09 
2.25297e-09 -4.73434e-09 
3.45315e-10 -5.93566e-09 
5.95007e-09 -4.88641e-09 
2.74792e-09 -4.78792e-09 
6.0536e-09 -5.01303e-09 
2.40207e-09 -1.89222e-08 
1.49125e-10 -4.88709e-09 
-4.92947e-09 -4.55242e-09 
2.42838e-09 -6.13921e-09 
3.91711e-09 -4.83478e-09 
2.8461e-09 -3.16956e-09 
9.95906e-09 -3.07112e-09 
4.2144e-09 -4.38096e-09 
2.34211e-09 -3.69646e-09 
6.87777e-09 -5.08899e-09 
1.04538e-08 -4.9424e-09 
3.36013e-09 -4.8349e-09 
5.18518e-10 -4.88136e-09 
1.26146e-10 -5.6033e-09 
2.74775e-09 -4.92237e-09 
4.3822e-09 6.65544e-09 
1.83289e-09 -4.45102e-09 
-7.97825e-11 -4.81782e-09 
2.57532e-09 -4.25599e-09 
2.22818e-09 -4.8887e-09 
3.06851e-10 -2.57665e-09 
3.23091e-09 -7.59706e-10 
2.68598e-09 -9.6463e-10 
-3.38688e-08 -4.6148e-09 
3.61483e-09 -4.75173e-09 
8.5173e-09 -4.14772e-09 
4.97993e-09 -3.85676e-09 
4.46697e-09 -5.87394e-09 
2.57762e-09 -4.99565e-09 
3.04386e-09 -3.08775e-09 
2.99218e-09 -5.66192e-09 
4.78425e-09 -5.11003e-09 
2.72932e-09 -4.16398e-09 
1.30949e-09 -4.21091e-09 
7.94205e-09 -5.45324e-09 
2.96058e-09 -5.09711e-09 
1.1494e-08 -4.62453e-09 
-1.47451e-09 -4.17455e-09 
