2.73782e-09 -4.89278e-09 
2.43277e-09 -9.73804e-09 
2.71573e-09 -3.82929e-09 
2.2722e-09 -2.03092e-09 
2.48335e-09 -5.33292e-09 
2.13433e-09 -4.86463e-09 
-5.27441e-10 -4.90541e-09 
1.51529e-09 -4.89273e-09 
-1.11167e-09 -2.726e-09 
5.59638e-09 -4.89282e-09 
2.78278e-09 -5.15583e-09 
4.09579e-09 -4.76531e-09 
2.81923e-09 -6.91598e-09 
4.35484e-09 -4.98178e-09 
1.50326e-08 -4.97308e-09 
2.60739e-09 -4.48551e-09 
3.98786e-09 -4.97817e-09 
2.05405e-09 -5.81206e-09 
8.74345e-09 -2.03419e-09 
5.14789e-09 -4.33384e-09 
2.95352e-09 -5.63082e-09 
-2.07523e-09 -4.67151e-09 
-1.23535e-08 -5.02495e-09 
2.41617e-09 -4.92654e-09 
-1.09929e-10 -5.02192e-09 
-3.74974e-10 -5.38246e-09 
2.74534e-09 -4.7862e-09 
4.8681e-09 8.66301e-09 
2.49035e-09 -1.19503e-08 
1.52207e-09 -4.84019e-09 
2.47253e-09 -3.11523e-09 
2.18587e-09 -5.15614e-09 
9.43726e-10 -1.19199e-08 
1.2019e-09 6.27786e-10 
2.63846e-09 1.74978e-10 
-8.16944e-09 -5.16056e-09 
5.00431e-09 -4.80763e-09 
7.53564e-09 -4.0351e-09 
7.25779e-09 -4.76836e-09 
5.83541e-09 -4.34517e-09 
2.70993e-09 -6.83633e-09 
3.16033e-09 -8.78168e-09 
4.78358e-09 -4.7181e-09 
2.16641e-09 -4.5377e-09 
2.73874e-09 -3.75596e-09 
1.29744e-09 -5.62131e-09 
-4.95332e-10 -5.21222e-09 
2.87982e-09 -4.8758e-09 
1.77909e-09 -4.84915e-09 
6.13058e-09 -5.23094e-09 
