2.73782e-09 -4.89278e-09 
2.50004e-09 -1.14236e-08 
2.79461e-09 -4.23367e-09 
3.21308e-09 -3.09848e-10 
2.48982e-09 -4.26566e-09 
4.15077e-09 -4.35029e-09 
4.84472e-09 -4.87465e-09 
5.99973e-09 -4.78602e-09 
2.56946e-09 -3.83298e-09 
5.09084e-09 -4.88975e-09 
2.81681e-09 -5.21525e-09 
4.48916e-09 -4.67176e-09 
2.18573e-09 -1.25269e-08 
-2.56804e-08 -4.93663e-09 
-6.48757e-09 -4.32559e-09 
2.72451e-09 -6.75148e-09 
4.83926e-09 -4.93121e-09 
2.70335e-09 -2.60307e-09 
6.62245e-09 -3.24478e-09 
2.01021e-09 -4.71479e-09 
3.29247e-09 -3.07565e-09 
-4.05512e-09 -5.21438e-09 
8.70725e-09 -4.97131e-09 
4.16938e-09 -4.76673e-09 
3.80233e-10 -4.85165e-09 
4.19337e-09 -4.69898e-09 
2.74742e-09 -4.71032e-09 
2.79504e-09 -9.39612e-09 
2.17243e-09 -5.50451e-09 
1.71906e-09 -4.8098e-09 
3.33583e-09 -2.82022e-09 
4.36904e-09 -4.75324e-09 
-3.80638e-09 2.30567e-09 
3.60463e-09 -1.75431e-09 
2.72952e-09 -3.51117e-09 
-3.64534e-09 -4.6932e-09 
2.19986e-09 -4.84792e-09 
1.16636e-09 -6.33275e-09 
4.07554e-09 -4.79963e-09 
1.49091e-09 -6.1113e-09 
2.81129e-09 -2.39946e-09 
2.68796e-09 -2.85342e-09 
4.65588e-09 -5.98089e-09 
1.70213e-09 -4.35323e-09 
2.73355e-09 -4.88548e-09 
1.45023e-09 -4.81683e-09 
1.08391e-08 -3.91828e-09 
3.06202e-09 -5.83571e-09 
5.67453e-09 -5.10024e-09 
1.04961e-08 -5.63967e-09 
