2.73782e-09 -4.89278e-09 
2.31276e-09 3.75448e-09 
2.75996e-09 -4.32155e-09 
2.7188e-09 -3.45352e-10 
2.53498e-09 -5.02388e-09 
4.11875e-09 -4.70526e-09 
8.23018e-10 -4.90092e-09 
-4.43148e-10 -4.75126e-09 
-1.73006e-10 -4.13109e-09 
5.20532e-09 -4.8663e-09 
2.85866e-09 -4.53207e-09 
4.88756e-09 -5.18786e-09 
2.39158e-09 -2.18629e-08 
-3.31287e-08 -4.91615e-09 
2.94624e-11 -4.19818e-09 
2.52105e-09 -5.45048e-09 
1.29154e-08 -4.90371e-09 
1.80583e-09 -1.63273e-09 
1.19437e-08 -3.88863e-09 
4.12504e-09 -3.87237e-09 
2.69981e-09 -4.22312e-09 
2.50146e-09 -5.17339e-09 
1.16637e-09 -4.92962e-09 
3.13221e-09 -5.08757e-09 
1.87284e-09 -4.9918e-09 
4.97e-10 -4.96664e-09 
2.74875e-09 -4.77615e-09 
1.73266e-09 1.06006e-08 
2.25341e-09 -7.04043e-09 
2.39893e-09 -4.8319e-09 
2.31979e-09 -7.88194e-09 
1.85404e-09 -4.94559e-09 
-3.36755e-09 -6.62002e-09 
9.87481e-10 3.68711e-10 
2.71403e-09 -1.29657e-09 
-2.01485e-08 -5.96707e-09 
3.84496e-09 -4.89032e-09 
1.52681e-09 -3.53128e-09 
5.34284e-09 -4.39261e-09 
5.20938e-09 -4.49368e-09 
2.62824e-09 -2.14236e-09 
3.61338e-09 -9.80401e-09 
4.83191e-09 -6.0232e-09 
2.69912e-09 -4.58536e-09 
2.73674e-09 -4.81942e-09 
3.72559e-09 -5.46344e-09 
8.09837e-09 -5.91766e-09 
3.19703e-09 -5.19939e-09 
7.80763e-09 -4.92434e-09 
1.49971e-08 -4.51012e-09 
