2.73782e-09 -4.89278e-09 
2.58635e-09 -9.78209e-09 
2.80921e-09 -4.81993e-09 
3.38858e-09 -1.67585e-09 
2.33539e-09 -4.12234e-09 
4.06822e-09 -4.98267e-09 
3.67505e-09 -4.89681e-09 
1.74913e-09 -4.77566e-09 
6.3908e-10 -3.48197e-09 
7.69037e-09 -4.876e-09 
2.80184e-09 -5.69389e-09 
4.68629e-09 -4.93818e-09 
2.68027e-09 -6.53884e-09 
-2.58841e-08 -4.97356e-09 
-1.32484e-08 -5.18102e-09 
2.71081e-09 -4.70459e-09 
-5.18841e-09 -4.9718e-09 
2.23274e-09 -4.59622e-09 
1.27786e-08 -3.48876e-09 
2.51728e-09 -3.63709e-09 
3.25082e-09 -3.87679e-09 
-2.71012e-09 -5.37837e-09 
4.22021e-09 -4.88e-09 
4.01575e-09 -4.91644e-09 
2.33998e-10 -4.88236e-09 
2.90239e-09 -5.81079e-09 
2.74932e-09 -4.77699e-09 
2.94542e-09 2.24037e-09 
2.03481e-09 -3.49759e-09 
8.60337e-10 -4.82884e-09 
3.2071e-09 -1.35469e-09 
2.65795e-09 -4.60784e-09 
-7.07124e-09 -1.45925e-09 
2.3255e-09 -5.17974e-09 
2.65443e-09 -4.08799e-10 
-2.60413e-09 -4.36468e-09 
2.58039e-09 -4.91551e-09 
1.09332e-08 -4.33307e-09 
5.36765e-09 -4.85811e-09 
6.33726e-09 -4.88532e-09 
2.78334e-09 -3.01753e-09 
3.54887e-09 -2.70861e-09 
3.94293e-09 -6.49589e-09 
1.95576e-09 -4.5696e-09 
2.73788e-09 -5.40065e-09 
2.76975e-09 -4.80035e-09 
8.98451e-09 -4.70164e-09 
2.89149e-09 -5.29102e-09 
5.05254e-09 -5.04542e-09 
6.33453e-09 -5.84654e-09 
