2.73782e-09 -4.89278e-09 
1.89764e-09 -8.59266e-09 
2.76617e-09 -4.51718e-09 
7.44073e-10 -3.71299e-09 
2.37321e-09 -4.15146e-09 
3.15028e-09 -4.03217e-09 
4.73426e-09 -4.86537e-09 
7.50012e-09 -4.88892e-09 
-1.59857e-10 -3.62478e-09 
1.72872e-09 -4.9037e-09 
2.74659e-09 -5.93804e-09 
1.93772e-09 -5.12639e-09 
2.24774e-09 1.85476e-09 
-4.20997e-10 -4.98015e-09 
2.95099e-09 -4.52527e-09 
2.71435e-09 -6.32076e-09 
-8.93719e-09 -5.05377e-09 
2.49789e-09 -5.63526e-09 
3.89784e-09 -2.35398e-09 
1.66068e-09 -4.99159e-09 
3.21211e-09 -4.32067e-09 
-4.54451e-09 -5.01904e-09 
2.37656e-09 -4.90891e-09 
5.56875e-09 -4.68317e-09 
8.35489e-10 -4.85851e-09 
1.54152e-09 -5.12607e-09 
2.74681e-09 -4.83639e-09 
6.14989e-09 -5.46807e-09 
2.56693e-09 -9.99182e-09 
-1.408e-11 -4.73104e-09 
3.67232e-09 8.8281e-10 
3.68232e-09 -5.07943e-09 
5.34074e-09 -3.54708e-09 
3.40417e-09 9.69442e-10 
2.67902e-09 -2.27054e-09 
-9.06587e-09 -3.89265e-09 
3.54378e-09 -4.89075e-09 
7.02954e-09 -5.92155e-09 
2.00625e-09 -4.99424e-09 
6.74606e-09 -5.26494e-09 
3.01386e-09 -4.49671e-09 
3.00541e-09 -1.2347e-09 
3.32526e-09 -6.51574e-09 
1.57256e-09 -4.46152e-09 
2.7263e-09 -2.23566e-09 
-1.77087e-10 -5.57416e-09 
5.95225e-09 -2.91925e-09 
2.46312e-09 -5.27226e-09 
2.51291e-09 -4.90614e-09 
-1.24453e-09 -6.41783e-09 
