2.73782e-09 -4.89278e-09 
2.61871e-09 -5.88875e-09 
2.73952e-09 -4.2255e-09 
8.48186e-10 -4.1004e-09 
2.69465e-09 -5.54936e-09 
3.02274e-09 -3.82907e-09 
2.46778e-09 -4.88756e-09 
6.65804e-09 -4.93133e-09 
-1.83282e-10 -2.57795e-09 
1.83505e-09 -4.89473e-09 
2.8911e-09 -4.22359e-09 
4.2801e-09 -5.17962e-09 
2.20616e-09 2.24695e-09 
7.38838e-09 -4.93691e-09 
1.33826e-08 -4.29601e-09 
2.65556e-09 -8.08686e-09 
2.50987e-08 -5.04517e-09 
2.09228e-09 -1.23709e-09 
3.49261e-09 -4.00848e-09 
3.71896e-09 -4.25924e-09 
3.06098e-09 -3.55455e-09 
1.3761e-09 -4.79902e-09 
1.39086e-09 -4.91732e-09 
4.08581e-09 -4.70306e-09 
1.02107e-09 -4.87028e-09 
-1.33416e-09 -4.63433e-09 
2.73389e-09 -4.83197e-09 
4.14306e-09 -1.38345e-09 
2.78349e-09 -7.61332e-09 
2.9599e-10 -4.81809e-09 
2.17974e-09 -4.49388e-09 
3.78722e-09 -5.21171e-09 
2.18823e-09 -1.30907e-08 
4.03564e-09 2.87217e-09 
2.71112e-09 -4.12613e-09 
-1.09356e-08 -4.16246e-09 
3.69102e-09 -4.67598e-09 
-1.16495e-09 -5.95493e-09 
7.08964e-10 -4.60974e-09 
1.39401e-09 -5.94716e-09 
2.83537e-09 -6.30684e-09 
2.55501e-09 -8.96933e-09 
4.60544e-09 -6.65402e-09 
1.35868e-09 -4.53674e-09 
2.73294e-09 -3.70135e-09 
-1.43081e-09 -5.80744e-09 
-4.99588e-10 -3.17658e-09 
2.59334e-09 -5.17062e-09 
2.39828e-09 -4.8434e-09 
-6.25816e-11 -4.94486e-09 
