2.73782e-09 -4.89278e-09 
2.47514e-09 -1.78884e-09 
2.7557e-09 -4.6531e-09 
1.8546e-09 2.6109e-09 
2.23329e-09 -3.75315e-09 
3.67585e-09 -5.26732e-09 
1.45853e-09 -4.89897e-09 
9.62945e-10 -4.8026e-09 
-3.35059e-09 -5.09947e-09 
5.61606e-09 -4.87701e-09 
2.89661e-09 -5.96734e-09 
3.78029e-09 -5.29376e-09 
2.80086e-09 -1.34622e-08 
-2.06732e-09 -4.90551e-09 
-5.9653e-09 -4.46524e-09 
2.54898e-09 -7.13735e-09 
9.72662e-09 -4.8289e-09 
2.14126e-09 -6.66636e-09 
1.42108e-08 -5.25416e-09 
3.37265e-09 -4.15161e-09 
2.71261e-09 -4.32789e-09 
8.39356e-11 -5.4773e-09 
7.91269e-10 -4.94767e-09 
1.70974e-09 -4.89947e-09 
1.80842e-09 -4.95977e-09 
5.03999e-09 -5.14793e-09 
2.74917e-09 -4.8625e-09 
5.95914e-09 6.56357e-10 
2.68627e-09 -6.62907e-09 
7.10945e-10 -4.74608e-09 
3.2752e-09 -5.56503e-09 
2.42574e-09 -5.0031e-09 
-4.74968e-09 -3.86838e-09 
1.5548e-09 -1.54144e-09 
2.64054e-09 4.20046e-10 
-8.86389e-09 -5.95082e-09 
3.74159e-09 -4.95649e-09 
1.23953e-08 -4.83737e-09 
7.42532e-09 -4.85392e-09 
1.07292e-08 -4.71873e-09 
2.77692e-09 -5.18052e-09 
3.72735e-09 -8.84751e-09 
4.50242e-09 -6.33478e-09 
1.88639e-09 -4.50798e-09 
2.73882e-09 -6.85188e-09 
6.08255e-09 -4.88334e-09 
1.46616e-08 -5.23586e-09 
3.40426e-09 -4.82063e-09 
6.60793e-09 -4.98563e-09 
1.33226e-08 -5.34088e-09 
