2.73782e-09 -4.89278e-09 
1.9798e-09 -3.21981e-09 
2.77275e-09 -5.20257e-09 
1.27061e-09 -4.30721e-09 
2.50289e-09 -3.83201e-09 
2.41713e-09 -5.07291e-09 
4.0473e-09 -4.87474e-09 
1.05595e-09 -4.75262e-09 
4.09833e-10 -5.57145e-09 
2.32689e-09 -4.89659e-09 
2.88997e-09 -6.54332e-09 
2.54777e-09 -4.93613e-09 
2.6476e-09 -4.38643e-09 
-1.49147e-08 -4.8981e-09 
-4.04753e-09 -4.38995e-09 
2.68961e-09 -4.50497e-09 
-5.2639e-09 -4.92795e-09 
3.07684e-09 -2.06907e-09 
2.46241e-09 -1.39391e-09 
1.57754e-09 -4.3764e-09 
3.12319e-09 -4.74916e-09 
-5.44254e-10 -5.40314e-09 
2.6463e-09 -4.92271e-09 
3.015e-09 -4.83981e-09 
2.32658e-10 -4.93244e-09 
2.34849e-09 -5.31736e-09 
2.75262e-09 -4.67384e-09 
7.89718e-09 -1.77255e-09 
2.58134e-09 -1.01494e-08 
3.64619e-10 -4.81986e-09 
3.53718e-09 -3.34911e-09 
2.741e-09 -5.10764e-09 
3.98487e-10 -6.29443e-09 
6.90653e-10 2.93285e-09 
2.62097e-09 3.48464e-09 
-2.18692e-08 -5.45558e-09 
4.73311e-09 -4.80628e-09 
1.34365e-08 -5.69368e-09 
-1.19298e-09 -4.89763e-09 
3.19511e-09 -5.00308e-09 
2.89194e-09 -4.9624e-09 
3.75872e-09 -4.0166e-09 
3.40333e-09 -6.80265e-09 
1.47513e-09 -4.60969e-09 
2.72866e-09 -5.04517e-09 
2.56109e-09 -5.96461e-09 
1.48533e-08 -2.98249e-09 
2.961e-09 -5.19842e-09 
7.95677e-09 -4.94627e-09 
4.22512e-09 -5.9551e-09 
