-1.3127e-07 1.16642e-06 
2.27262e-07 3.94226e-07 
-5.71651e-07 5.53268e-07 
8.19832e-07 -1.58359e-05 
-4.65805e-08 1.31282e-06 
3.58774e-07 1.32269e-07 
2.95471e-06 1.34658e-06 
3.36007e-07 4.2078e-07 
7.98035e-07 2.38704e-07 
1.82221e-07 -1.03352e-06 
2.89225e-07 4.24089e-06 
6.86444e-07 1.42934e-06 
9.89415e-07 5.14441e-07 
7.10553e-07 5.46561e-07 
2.04827e-07 1.65073e-06 
1.12253e-07 3.91641e-07 
1.00452e-06 -9.83291e-06 
-1.23898e-06 3.5584e-07 
1.51456e-06 1.69145e-07 
1.20144e-06 1.02864e-05 
