2.73782e-09 -4.89278e-09 
2.49261e-09 -4.2516e-09 
2.77813e-09 -5.41745e-09 
1.66812e-09 -6.77359e-09 
2.0853e-09 -4.16474e-09 
4.23762e-09 -4.73832e-09 
1.78235e-09 -4.89032e-09 
6.58349e-10 -4.71731e-09 
9.89722e-09 -2.413e-09 
7.98209e-10 -4.89363e-09 
2.66392e-09 -6.19518e-09 
3.76688e-09 -4.70816e-09 
2.22717e-09 -2.81474e-09 
-1.03392e-09 -4.92696e-09 
-6.2064e-09 -3.80426e-09 
2.56668e-09 -3.83883e-09 
2.67072e-09 -4.81174e-09 
2.30954e-09 -3.57049e-09 
1.33696e-08 -3.85567e-09 
1.97774e-09 -4.72279e-09 
2.89187e-09 -3.55813e-09 
-1.12504e-08 -5.10119e-09 
-5.71643e-10 -5.01726e-09 
5.89361e-09 -4.81209e-09 
-2.64751e-10 -4.88343e-09 
2.19765e-09 -4.74409e-09 
2.74031e-09 -4.71523e-09 
7.13361e-09 2.16526e-10 
2.68417e-09 4.08477e-10 
2.35944e-10 -4.83018e-09 
3.734e-09 -2.10705e-09 
3.12443e-09 -4.89509e-09 
-5.19109e-09 -5.66185e-09 
1.99068e-09 6.26533e-09 
2.47114e-09 -6.19896e-09 
-1.23224e-08 -5.32058e-09 
3.37758e-09 -4.88947e-09 
1.10794e-08 -5.24414e-09 
1.18222e-08 -4.58579e-09 
3.78706e-09 -5.5153e-09 
2.62417e-09 -7.10423e-09 
3.21097e-09 -1.60043e-08 
4.6795e-09 -5.32579e-09 
4.02991e-09 -4.78528e-09 
2.73452e-09 -6.11134e-09 
1.18341e-10 -4.93361e-09 
3.61999e-09 -5.21816e-09 
2.9804e-09 -5.50208e-09 
4.05358e-09 -4.98244e-09 
6.28928e-09 -5.0993e-09 
