1.39293e-07 -1.22821e-07 
1.76174e-07 3.9239e-07 
-1.47865e-07 2.65943e-06 
1.6811e-08 8.8174e-06 
7.25332e-07 4.18857e-07 
8.65259e-07 7.72994e-08 
1.10048e-05 1.09968e-06 
-8.40509e-08 3.79455e-07 
5.91647e-07 4.98079e-07 
1.47149e-06 1.45271e-06 
1.84607e-06 -6.43323e-06 
7.74629e-07 2.53106e-07 
1.02222e-06 3.69819e-07 
6.91891e-07 4.78725e-07 
2.72472e-07 4.35298e-07 
7.26805e-07 6.66164e-07 
4.45221e-07 1.51432e-06 
2.10439e-06 6.32489e-07 
-5.08127e-07 6.98586e-07 
-7.16376e-07 -7.82463e-06 
