2.73782e-09 -4.89278e-09 
2.67033e-09 -4.33583e-09 
2.75573e-09 -5.92524e-09 
2.05102e-09 -6.83464e-09 
2.43325e-09 -4.18178e-09 
4.52129e-09 -4.65889e-09 
1.23282e-09 -4.87405e-09 
2.26423e-09 -5.05984e-09 
6.9057e-09 -3.83089e-09 
1.66629e-09 -4.89068e-09 
2.83698e-09 -4.38188e-09 
6.27453e-09 -5.30337e-09 
9.78647e-10 -1.10104e-08 
-2.91279e-09 -4.94068e-09 
3.25983e-09 -4.36059e-09 
2.57881e-09 -1.21086e-08 
-1.35075e-10 -5.01733e-09 
2.6241e-09 -1.53134e-09 
5.88742e-09 -3.9747e-09 
3.01009e-09 -4.81175e-09 
2.9834e-09 -4.75338e-09 
-6.49246e-09 -4.8328e-09 
-2.20205e-10 -4.92777e-09 
5.42946e-09 -4.90883e-09 
-2.66279e-09 -4.81764e-09 
-8.88593e-10 -4.96319e-09 
2.73914e-09 -4.85993e-09 
6.02485e-09 -5.55459e-09 
2.60671e-09 -6.52306e-09 
2.80044e-09 -4.64903e-09 
2.45763e-09 -2.44721e-09 
3.4337e-09 -5.05703e-09 
3.38505e-09 -1.1198e-08 
2.92631e-10 -1.28097e-09 
2.28937e-09 -1.85833e-09 
1.66656e-08 -5.17195e-09 
3.5234e-09 -4.81173e-09 
2.26138e-09 -5.15202e-09 
4.71658e-10 -4.72956e-09 
3.31712e-09 -4.95701e-09 
2.54606e-09 -8.05433e-09 
3.31416e-09 -8.97768e-09 
6.67012e-09 -5.75729e-09 
-1.6913e-10 -4.71763e-09 
2.73706e-09 -3.95755e-09 
-2.6201e-09 -5.55264e-09 
4.81087e-09 -3.62342e-09 
3.04308e-09 -5.01964e-09 
2.07801e-09 -5.20833e-09 
6.25084e-09 -5.34222e-09 
