2.73782e-09 -4.89278e-09 
1.7576e-09 -4.32521e-09 
2.77534e-09 -3.33406e-09 
1.69965e-09 -1.10251e-08 
2.60915e-09 -4.165e-09 
3.50841e-09 -5.01718e-09 
2.03613e-09 -4.90159e-09 
4.61623e-09 -4.76472e-09 
-5.35866e-09 -2.97247e-09 
4.53919e-09 -4.88331e-09 
2.80051e-09 -5.80688e-09 
2.70411e-09 -4.98707e-09 
4.18694e-09 -8.29454e-09 
-5.18494e-09 -4.92725e-09 
-2.0898e-09 -4.23757e-09 
2.80804e-09 -1.05966e-08 
9.37002e-09 -4.71019e-09 
1.95356e-09 -4.15455e-09 
5.38483e-09 -4.08633e-09 
2.5524e-09 -3.53855e-09 
3.12612e-09 -1.63297e-09 
4.18335e-09 -5.10398e-09 
-1.21625e-09 -5.02859e-09 
5.93459e-09 -4.89088e-09 
4.61578e-09 -5.03295e-09 
2.18935e-09 -5.15404e-09 
2.74649e-09 -4.8477e-09 
3.19158e-09 3.89965e-10 
2.62128e-09 1.32021e-10 
2.16959e-09 -4.87896e-09 
2.81913e-09 -5.17188e-09 
2.96433e-09 -5.00043e-09 
8.21235e-10 -3.87344e-09 
3.3291e-10 -4.7997e-09 
2.42359e-09 -2.84149e-09 
-4.06128e-08 -5.18573e-09 
2.96664e-09 -4.71347e-09 
3.81121e-09 -5.5431e-09 
5.49571e-09 -4.66001e-09 
4.57905e-09 -6.07332e-09 
2.64658e-09 -4.70665e-09 
3.17391e-09 1.56488e-09 
-3.35394e-10 -6.67085e-09 
3.51934e-09 -4.24537e-09 
2.7399e-09 -5.62433e-09 
4.52367e-09 -5.67219e-09 
-2.8583e-10 -4.76682e-09 
2.88455e-09 -5.54425e-09 
6.04605e-09 -5.02049e-09 
7.15577e-09 -4.91796e-09 
