-0.334065 0.669086 
-0.301296 0.392833 
-0.554413 2.0082 
-0.434312 0.0402837 
-0.36515 0.218855 
-0.356927 0.314798 
-0.392312 -0.0961488 
-0.353424 0.316443 
-0.480896 0.198888 
-0.40552 0.7651 
-0.323465 0.411379 
-0.10647 0.408472 
-0.346921 0.043527 
-0.48769 0.196534 
-0.360272 0.0698754 
-0.372112 0.480169 
-0.271486 0.476724 
-0.218049 0.376113 
-0.369571 0.242279 
-0.364451 0.144647 
-0.401572 0.346665 
-0.355519 0.0217861 
-0.391634 0.0895326 
-0.280269 0.250376 
-0.474088 0.294085 
-0.375272 0.0106235 
-0.298321 0.131536 
-0.616889 0.28463 
-0.3571 0.205055 
-0.440538 0.008647 
-0.28686 0.878525 
-0.400696 0.988381 
-0.352383 0.335643 
-0.281261 -0.259703 
-0.339372 0.338674 
-0.56551 -0.255087 
-0.355978 -0.18823 
-0.550693 0.645111 
-0.790697 0.0613194 
-0.41301 0.376626 
-0.37327 0.508582 
-0.291908 0.705389 
-0.286158 0.33453 
-0.55511 0.378589 
-0.365614 0.291996 
-0.553206 -0.145813 
-1.08522 1.67628 
-0.425143 0.110053 
-0.36479 0.537228 
-0.121538 0.410543 
