2.73782e-09 -4.89278e-09 
2.92329e-09 -4.44932e-09 
2.75812e-09 -4.98034e-09 
2.44888e-09 7.49571e-09 
2.28223e-09 -4.82768e-09 
3.5826e-09 -4.36495e-09 
2.16909e-09 -4.86227e-09 
3.9238e-09 -4.83534e-09 
1.0067e-08 -3.9275e-09 
3.05746e-09 -4.88686e-09 
2.74077e-09 -4.41247e-09 
6.19864e-09 -5.16583e-09 
9.28377e-10 -1.01846e-08 
-7.69278e-09 -4.98361e-09 
-1.39863e-09 -4.79352e-09 
2.47033e-09 -9.31951e-09 
6.41101e-09 -5.08989e-09 
1.8175e-09 -3.67868e-09 
8.41313e-09 -3.52094e-09 
3.2749e-09 -6.5407e-09 
3.32993e-09 -6.30034e-09 
-2.00975e-09 -5.6398e-09 
5.20327e-09 -4.82913e-09 
2.99408e-09 -4.84799e-09 
1.51203e-09 -4.88441e-09 
1.36386e-09 -4.95886e-09 
2.7351e-09 -4.82833e-09 
3.05977e-09 -6.54126e-09 
2.41017e-09 -1.09746e-08 
-6.17939e-10 -4.98013e-09 
2.95156e-09 -3.84958e-09 
2.83044e-09 -5.04635e-09 
8.77375e-10 -1.15956e-08 
3.83418e-09 6.28328e-09 
2.8768e-09 -2.17431e-09 
4.9324e-09 -5.08901e-09 
3.49348e-09 -4.91078e-09 
6.18261e-09 -5.7219e-09 
1.12715e-09 -4.60357e-09 
5.31516e-09 -4.57342e-09 
2.9128e-09 -5.50432e-09 
2.91812e-09 -1.04539e-08 
5.944e-09 -5.58469e-09 
-8.82965e-11 -4.87531e-09 
2.73021e-09 -2.81731e-09 
-4.73174e-09 -4.56098e-09 
6.74118e-09 -4.56019e-09 
3.21867e-09 -4.45915e-09 
3.11207e-09 -4.85632e-09 
1.13281e-08 -5.23944e-09 
