2.73782e-09 -4.89278e-09 
9.90864e-10 -3.73255e-09 
2.75038e-09 -6.10937e-09 
-2.3998e-10 5.71924e-09 
3.01951e-09 -4.25477e-09 
4.05145e-09 -4.76012e-09 
1.47616e-09 -4.91479e-09 
2.92276e-09 -5.0516e-09 
-4.63153e-10 -7.68623e-09 
4.85877e-09 -4.87955e-09 
2.89057e-09 -4.93865e-09 
1.91791e-09 -5.30074e-09 
3.50437e-09 -3.84135e-09 
-3.40795e-10 -4.92078e-09 
1.28913e-10 -4.07329e-09 
2.78819e-09 -8.82226e-09 
1.9874e-08 -4.78535e-09 
1.83097e-09 -1.8981e-09 
9.03039e-09 -4.5954e-09 
2.59817e-09 -2.48835e-09 
2.90863e-09 -3.17726e-09 
-3.78127e-09 -4.97366e-09 
-3.02003e-09 -5.10289e-09 
4.3587e-09 -4.86285e-09 
7.88345e-10 -5.02159e-09 
1.86909e-10 -5.23063e-09 
2.75445e-09 -4.87922e-09 
4.90537e-09 -1.57214e-10 
2.5976e-09 -5.85599e-10 
6.33901e-09 -4.74332e-09 
2.80526e-09 -5.70805e-09 
2.9286e-09 -5.0068e-09 
-5.38937e-09 -7.3427e-09 
9.65493e-10 3.721e-09 
2.31148e-09 -5.21467e-09 
-5.67714e-09 -4.96763e-09 
3.96715e-09 -4.5292e-09 
6.70095e-09 -4.29205e-09 
2.99153e-09 -4.89299e-09 
4.57314e-09 -6.82545e-09 
2.54618e-09 -5.86189e-09 
3.29274e-09 2.6979e-09 
4.17506e-10 -7.16638e-09 
2.95692e-09 -4.60794e-09 
2.73474e-09 -5.28852e-09 
4.67831e-09 -5.96825e-09 
5.38506e-09 -5.12621e-09 
3.3663e-09 -4.95095e-09 
2.95665e-09 -5.043e-09 
6.24242e-10 -5.22409e-09 
