2.73782e-09 -4.89278e-09 
3.07076e-09 -3.68529e-09 
2.76954e-09 -5.59199e-09 
3.50366e-09 1.45752e-08 
2.41297e-09 -5.27837e-09 
3.81643e-09 -4.53787e-09 
1.74702e-09 -4.85344e-09 
4.65879e-09 -4.86962e-09 
5.22826e-09 -5.90987e-09 
3.96482e-09 -4.8923e-09 
2.84711e-09 -4.60653e-09 
4.64049e-09 -5.0804e-09 
2.16998e-09 -1.13347e-08 
7.69609e-09 -4.96671e-09 
1.40584e-09 -4.94312e-09 
2.39784e-09 -6.23234e-09 
1.83866e-08 -5.0412e-09 
2.38879e-09 -3.51939e-09 
4.99155e-09 -2.60578e-09 
3.94313e-09 -3.39325e-09 
3.42261e-09 -5.6668e-09 
-1.08117e-08 -5.15042e-09 
-8.84183e-10 -5.02024e-09 
4.24295e-09 -4.82511e-09 
-5.64349e-10 -5.01934e-09 
-4.58099e-10 -5.03221e-09 
2.7543e-09 -4.83809e-09 
2.78384e-09 -7.91628e-10 
2.99075e-09 -1.13529e-08 
7.85494e-09 -4.92488e-09 
2.79682e-09 -3.16466e-09 
3.07508e-09 -5.13191e-09 
3.56727e-09 -8.6413e-09 
2.00075e-09 6.12705e-09 
2.47514e-09 -7.61592e-09 
-2.65196e-08 -5.04499e-09 
3.37237e-09 -4.76696e-09 
6.19854e-09 -3.84456e-09 
2.29421e-09 -4.5966e-09 
4.48564e-09 -6.11938e-09 
2.93325e-09 -4.59955e-09 
2.85652e-09 -9.56593e-09 
4.44864e-09 -6.53666e-09 
2.98391e-09 -4.53774e-09 
2.73121e-09 -4.07158e-09 
1.47028e-09 -4.92401e-09 
4.29098e-09 -4.88484e-09 
3.78672e-09 -4.64873e-09 
1.64336e-09 -4.8931e-09 
8.38948e-09 -5.61638e-09 
