2.73782e-09 -4.89278e-09 
2.94923e-09 -4.51236e-09 
2.77131e-09 -2.51173e-11 
1.74064e-09 -7.64084e-09 
2.14352e-09 -4.71112e-09 
3.3772e-09 -4.77095e-09 
2.09069e-09 -4.87249e-09 
4.88306e-09 -4.82964e-09 
7.51159e-09 -1.18221e-09 
6.83762e-09 -4.88767e-09 
2.76866e-09 -4.92001e-09 
5.6322e-09 -5.14772e-09 
1.26189e-09 -1.65836e-08 
-1.98011e-08 -4.99484e-09 
2.08699e-09 -6.20657e-09 
2.63058e-09 -7.06565e-09 
1.26483e-08 -5.11514e-09 
2.35243e-09 -5.44604e-09 
1.70631e-11 -1.9548e-09 
3.36652e-09 -4.98395e-09 
3.30935e-09 -5.05704e-09 
-5.22634e-09 -5.03945e-09 
5.51615e-09 -4.93223e-09 
6.96462e-09 -4.82404e-09 
3.6326e-09 -4.9008e-09 
2.14702e-09 -5.1283e-09 
2.70731e-09 -4.87913e-09 
1.51677e-09 -5.13991e-09 
3.03433e-09 -1.77449e-08 
4.49803e-09 -4.89362e-09 
3.09433e-09 -2.6975e-09 
3.20754e-09 -5.0704e-09 
9.40454e-09 -6.75333e-09 
3.96534e-09 -3.6134e-09 
2.54742e-09 -1.0627e-09 
-1.60863e-08 -5.03668e-09 
3.20856e-09 -4.76661e-09 
5.44044e-09 -8.18069e-09 
3.19401e-09 -4.76817e-09 
3.27801e-09 -4.76651e-09 
2.73461e-09 -4.98495e-09 
2.03196e-09 -9.17093e-09 
4.35696e-09 -8.23669e-09 
2.28158e-09 -4.45252e-09 
2.72851e-09 -4.30451e-09 
2.16781e-10 -4.94753e-09 
1.53483e-09 -4.36578e-09 
2.97576e-09 -5.08734e-09 
2.87177e-09 -4.9152e-09 
1.87899e-08 -5.54527e-09 
