-0.291569 0.243473 
-0.336962 0.398431 
-0.503818 1.64226 
-0.335842 0.035007 
-0.33149 0.377945 
-0.369794 0.0945216 
-0.306746 0.486615 
-0.336101 -0.0723418 
-0.251017 0.430335 
-0.347563 1.31841 
-0.56764 0.381507 
-0.486649 -0.189831 
-0.440922 -0.0789397 
-0.299594 0.118796 
-0.345212 0.387318 
-0.316122 -0.109862 
-0.308731 1.24156 
-0.198304 0.00979827 
-0.336902 0.370836 
-0.154755 0.360426 
-0.346208 -0.0155202 
-0.334143 -0.149966 
-0.399068 0.268309 
-0.305443 0.173031 
-0.336832 0.102085 
-0.44123 -0.00647581 
-0.330532 0.407713 
-0.0689501 0.218063 
-0.338423 0.12797 
-0.32127 0.0610113 
-0.463069 1.17802 
-0.357455 0.537601 
-0.343126 0.393119 
-0.352606 -0.278706 
-0.352053 0.264959 
-0.369788 -0.340051 
-0.260187 0.541124 
-0.34077 0.158602 
-0.34755 0.201764 
-0.411027 0.381162 
-0.321562 0.611922 
-0.759312 0.927818 
-0.24871 0.284066 
-0.0691971 0.540157 
-0.322221 0.0598066 
-0.222704 -0.0864143 
-0.444112 1.66331 
-0.50613 0.107342 
-0.361188 0.470296 
-0.329713 0.0292388 
