2.73782e-09 -4.89278e-09 
3.074e-09 -3.36057e-09 
2.74233e-09 -7.79762e-09 
-2.03749e-10 6.72933e-10 
2.41024e-09 -5.02242e-09 
3.1458e-09 -4.83289e-09 
1.7955e-09 -4.89115e-09 
2.09053e-09 -4.79261e-09 
-6.14773e-09 -8.00051e-09 
4.15583e-09 -4.88941e-09 
2.91958e-09 -4.85776e-09 
3.26674e-09 -4.92721e-09 
3.9602e-09 -1.17787e-08 
-1.97578e-09 -4.93542e-09 
4.8492e-10 -4.99331e-09 
2.51677e-09 -5.22603e-09 
4.80317e-09 -5.08852e-09 
1.81022e-09 1.56808e-09 
4.27589e-09 -4.90459e-09 
3.66808e-09 -3.11711e-09 
3.14093e-09 -2.91142e-09 
-3.11124e-09 -4.86794e-09 
-2.75885e-11 -5.10463e-09 
2.29064e-09 -4.94947e-09 
1.29161e-09 -4.98128e-09 
4.24478e-09 -5.40507e-09 
2.77256e-09 -4.70178e-09 
2.50284e-09 -3.03006e-09 
2.27643e-09 -9.82632e-09 
2.25195e-09 -4.88642e-09 
2.48169e-09 -3.52489e-09 
2.88626e-09 -4.60758e-09 
-6.87811e-09 -8.22684e-09 
2.43118e-09 1.38759e-10 
2.57763e-09 1.0683e-11 
-2.68794e-08 -5.14036e-09 
3.34076e-09 -4.53821e-09 
4.50836e-09 -5.73902e-09 
5.68045e-09 -4.66647e-09 
4.09312e-09 -5.92735e-09 
2.77616e-09 -4.98308e-09 
3.28522e-09 -4.83798e-09 
6.04798e-09 -5.54027e-09 
2.7924e-09 -4.44641e-09 
2.72931e-09 -2.91736e-09 
3.39688e-09 -5.2678e-09 
2.84815e-09 -4.22086e-09 
4.01246e-09 -4.52029e-09 
5.29729e-09 -4.91394e-09 
-5.13429e-09 -5.08388e-09 
