4.7013e-08 3.2877e-07 
1.67766e-07 -4.59608e-09 
-1.4524e-06 -5.97074e-07 
-2.48204e-07 -1.69469e-06 
-9.7694e-08 -1.07809e-06 
1.27324e-07 -8.50742e-08 
2.69275e-06 4.73884e-07 
1.19314e-07 2.02265e-07 
-2.2819e-07 4.57338e-07 
-1.54505e-06 -6.20214e-07 
1.46758e-07 7.98671e-06 
3.31355e-08 -1.55612e-06 
1.51793e-06 7.12567e-07 
1.61247e-07 1.28197e-07 
-1.21874e-07 5.32145e-07 
-4.64768e-07 6.8799e-07 
2.39847e-07 4.73617e-08 
-2.94452e-07 2.79931e-07 
-8.32414e-07 4.26061e-07 
3.48747e-07 -5.26113e-06 
