2.73782e-09 -4.89278e-09 
1.73541e-09 -5.86229e-09 
2.73837e-09 -3.04757e-09 
2.47804e-09 3.56193e-09 
3.2376e-09 -4.9159e-09 
3.20518e-09 -4.16101e-09 
1.76709e-09 -4.92981e-09 
3.68334e-09 -4.75755e-09 
-6.88729e-11 1.04447e-09 
6.11831e-09 -4.89669e-09 
2.859e-09 -5.04562e-09 
3.59941e-09 -5.22184e-09 
1.53142e-09 -1.27376e-08 
-3.54078e-09 -4.96312e-09 
2.52705e-09 -3.67734e-09 
2.97509e-09 -7.45758e-09 
3.26033e-09 -4.78696e-09 
2.52746e-09 -7.65123e-09 
1.34625e-08 -1.32911e-09 
2.34382e-09 -6.45501e-09 
3.13927e-09 -2.67343e-09 
3.45848e-09 -5.53011e-09 
3.73267e-10 -5.01092e-09 
3.97032e-09 -4.95192e-09 
1.66671e-09 -4.95271e-09 
-2.65228e-09 -5.32853e-09 
2.7146e-09 -4.90279e-09 
5.04356e-09 1.35912e-09 
2.47699e-09 -3.39868e-09 
1.15077e-09 -4.80049e-09 
3.47836e-09 -3.573e-09 
3.25065e-09 -5.00991e-09 
-5.13497e-09 -8.74147e-09 
1.60638e-09 -3.26996e-09 
2.97858e-09 -5.13536e-09 
-1.65658e-08 -5.13391e-09 
2.86103e-09 -5.29758e-09 
4.23913e-09 -4.19257e-09 
2.22686e-09 -4.96032e-09 
4.33445e-09 -4.58238e-09 
2.9652e-09 -6.12924e-09 
3.55156e-09 -5.77696e-09 
1.82267e-09 -4.76608e-09 
1.12765e-09 -4.91504e-09 
2.73445e-09 -9.58781e-10 
-7.76033e-11 -5.37149e-09 
5.20131e-09 -4.37589e-09 
2.52207e-09 -3.91837e-09 
7.81082e-09 -5.06311e-09 
7.12128e-09 -5.63977e-09 
