-6.4275 9.94338 
-2.52306 -1.56182 
-16.846 14.7853 
-9.2399 9.57226 
-10.1236 14.6617 
-24.2205 -1.31547 
-18.4456 -10.2012 
-23.8036 11.1242 
-8.37879 2.95453 
1.0647 2.89666 
-10.2116 8.70915 
-5.20472 4.03045 
-10.0874 -0.13043 
-6.20647 6.63647 
-12.6707 -9.14117 
-13.8409 4.64577 
-4.66025 3.37309 
-15.7582 7.11495 
-9.68417 -16.3712 
-7.0951 22.5922 
-15.2955 -2.01131 
-12.8794 10.6816 
-8.80385 7.62176 
-4.84555 10.7438 
-10.8907 11.9642 
-26.8028 14.3907 
7.50913 -1.71735 
0.501573 8.0363 
-18.2415 6.40562 
4.75997 1.6856 
-21.2429 7.63791 
-13.6576 31.8014 
-7.86104 8.14772 
-10.8672 9.73225 
-3.64472 15.583 
-3.06476 10.3304 
-13.8521 11.6943 
-8.19806 12.74 
-7.54189 10.1207 
-19.6082 1.42409 
-16.6944 9.43016 
-11.5678 15.0301 
-3.83133 3.62516 
-7.9602 -7.6213 
7.30384 -15.8976 
-20.9294 16.1658 
-9.22765 6.80125 
-6.15672 4.64856 
-7.26915 8.45713 
-21.4567 3.46314 
