-0.357972 -0.589069 
-0.425818 0.510454 
-0.481767 -2.42048 
-0.364572 0.323895 
-0.338002 0.410085 
-0.376955 0.179046 
-0.304976 0.828708 
-0.351452 -0.644631 
-0.219909 0.412715 
-0.335074 0.316137 
-0.678829 0.237928 
-0.372528 -0.415768 
-0.432494 0.255944 
-0.43904 0.217557 
-0.327657 0.108327 
-0.293657 0.148755 
-0.343885 1.18528 
-0.224915 -0.550855 
-0.335774 0.0530382 
-0.251147 0.49305 
-0.336529 -0.220718 
-0.326882 0.714462 
-0.407632 0.425409 
-0.321824 0.0907529 
-0.395262 -0.0779505 
-0.423464 0.183295 
-0.374339 0.0217206 
-0.293741 0.199256 
-0.345136 0.307773 
-0.316965 0.220846 
-0.244731 0.355693 
-0.328319 0.265776 
-0.371965 0.356806 
-0.359409 -0.235294 
-0.346768 0.120361 
-0.408751 0.201619 
-0.25912 0.205944 
-0.27542 0.142915 
-0.0460747 0.387365 
-0.346263 0.200781 
-0.308027 0.496445 
-0.560455 0.055304 
-0.319878 0.229108 
-0.251273 0.419456 
-0.301694 0.465751 
-0.00837845 0.0691357 
0.128374 -0.294761 
-0.562269 0.298939 
-0.314309 0.256203 
0.0430438 0.18803 
