2.73782e-09 -4.89278e-09 
2.13646e-09 -3.88934e-09 
2.81501e-09 -3.94987e-09 
2.55872e-09 -4.17689e-09 
1.51645e-09 -4.96459e-09 
2.73464e-09 -4.10445e-09 
1.60644e-09 -4.85696e-09 
3.3111e-09 -4.73487e-09 
-4.95927e-09 -2.16616e-09 
4.34818e-09 -4.88232e-09 
2.84524e-09 -5.15748e-09 
2.9305e-09 -5.08471e-09 
1.5667e-09 -1.21476e-08 
9.34803e-10 -4.91911e-09 
4.8792e-09 -5.4233e-09 
2.91608e-09 -4.83317e-09 
7.2097e-09 -4.84001e-09 
2.95315e-09 -3.04307e-09 
5.36613e-09 -7.99406e-09 
2.77516e-09 -3.83047e-09 
2.99785e-09 -3.45271e-09 
-2.27082e-09 -5.1739e-09 
1.15348e-09 -5.062e-09 
4.48848e-09 -5.03955e-09 
1.01958e-09 -4.95303e-09 
5.84092e-10 -5.16646e-09 
2.72858e-09 -4.89497e-09 
3.5535e-09 -6.0723e-10 
1.89397e-09 1.1781e-09 
1.31657e-09 -4.77946e-09 
2.88681e-09 -2.04358e-09 
2.3062e-09 -4.98487e-09 
-8.03977e-09 -5.52485e-09 
2.84131e-09 -5.50526e-09 
2.88894e-09 -1.9666e-09 
1.20132e-08 -5.02847e-09 
2.47291e-09 -4.67353e-09 
2.45944e-09 -5.38608e-09 
3.88409e-09 -4.55448e-09 
6.94513e-09 -4.32026e-09 
2.88875e-09 -6.06827e-09 
2.57033e-09 -4.98322e-09 
1.92157e-09 -6.16449e-09 
3.55709e-09 -4.65562e-09 
2.72329e-09 -3.68915e-09 
2.65999e-09 -5.43081e-09 
1.47141e-09 -4.63421e-09 
2.93463e-09 -4.64164e-09 
5.2797e-09 -5.18577e-09 
-5.05168e-10 -5.10928e-09 
