1.89845e-07 -1.17278e-07 
1.33857e-07 -1.17079e-07 
-6.61967e-07 -6.63026e-07 
2.86677e-07 -7.61705e-07 
1.65253e-07 4.561e-07 
6.01644e-07 -8.71224e-08 
2.9686e-06 4.99796e-07 
2.1274e-07 -1.51274e-07 
4.30958e-07 -2.82946e-07 
2.12868e-06 -1.30421e-06 
1.54112e-06 -9.21362e-06 
2.64439e-07 6.48654e-07 
1.28609e-07 -2.95147e-07 
1.64907e-07 -5.03657e-08 
-6.13558e-08 -1.7981e-07 
3.88255e-07 1.13612e-07 
2.2519e-07 9.24671e-07 
3.9189e-07 -1.96009e-07 
1.45209e-06 9.55048e-08 
-7.02716e-08 3.60217e-06 
