2.73782e-09 -4.89278e-09 
1.0275e-09 -5.09239e-09 
2.71559e-09 -7.53748e-09 
8.91979e-11 -7.86099e-09 
2.45586e-09 -4.99386e-09 
3.72142e-09 -4.21866e-09 
1.70062e-09 -4.91773e-09 
3.9858e-09 -5.12951e-09 
-1.24535e-09 -2.8424e-09 
2.52185e-09 -4.87824e-09 
2.74607e-09 -5.33577e-09 
3.16576e-09 -5.15145e-09 
1.8218e-09 -1.54248e-08 
3.88998e-10 -4.8286e-09 
3.0966e-09 -4.86897e-09 
2.6364e-09 -6.91564e-09 
1.0352e-08 -4.85057e-09 
2.54511e-09 -3.35547e-09 
6.43632e-09 -5.87179e-09 
3.1337e-09 -5.34644e-09 
3.30763e-09 -5.06316e-09 
-2.73616e-09 -5.32486e-09 
7.54664e-09 -5.06341e-09 
4.42769e-09 -4.91796e-09 
5.15717e-11 -4.88867e-09 
1.31349e-09 -5.12926e-09 
2.73007e-09 -4.8229e-09 
4.47066e-09 -3.8972e-09 
2.43268e-09 -2.73833e-09 
2.5914e-09 -4.82892e-09 
3.04114e-09 -4.58746e-09 
3.49106e-09 -4.93197e-09 
-6.32102e-09 -1.26746e-09 
1.76397e-09 2.03009e-09 
2.63571e-09 -3.77635e-09 
2.33184e-08 -5.01867e-09 
2.48763e-09 -4.56542e-09 
1.35361e-10 -5.09928e-09 
2.88883e-09 -4.67919e-09 
7.37294e-09 -2.926e-09 
3.07688e-09 -3.96668e-09 
1.71638e-09 -3.09121e-09 
5.92798e-09 -6.6922e-09 
1.20653e-09 -4.07377e-09 
2.72759e-09 -6.70481e-09 
3.11915e-09 -5.62112e-09 
1.2313e-09 -4.19262e-09 
2.76488e-09 -5.2302e-09 
7.94335e-09 -5.17757e-09 
1.93521e-08 -4.52091e-09 
