2.73782e-09 -4.89278e-09 
1.97614e-09 -5.32211e-09 
2.69252e-09 -3.89327e-09 
2.48384e-09 -6.69298e-09 
3.4056e-09 -4.75341e-09 
3.17173e-09 -3.94694e-09 
1.9867e-09 -4.90021e-09 
4.2466e-09 -4.94755e-09 
7.48073e-09 -1.7367e-09 
4.83645e-09 -4.89095e-09 
2.63185e-09 -5.26504e-09 
2.69933e-09 -5.34939e-09 
9.96085e-10 -1.30769e-08 
-1.35368e-09 -4.86528e-09 
2.72194e-09 -3.64426e-09 
2.62277e-09 -8.58587e-09 
6.81804e-09 -4.85288e-09 
1.93385e-09 -4.96776e-09 
-5.29473e-10 -4.56147e-09 
2.19853e-09 -5.75004e-09 
3.05107e-09 -4.57792e-09 
5.76113e-09 -5.58991e-09 
3.93331e-09 -5.14993e-09 
1.68354e-09 -4.73324e-09 
1.56917e-09 -4.91233e-09 
2.32059e-09 -5.40563e-09 
2.74471e-09 -4.99205e-09 
3.72333e-09 2.87719e-09 
2.55975e-09 -7.51117e-09 
-2.11743e-10 -4.97345e-09 
3.01029e-09 -2.66519e-09 
3.09471e-09 -4.97328e-09 
-1.81976e-08 -3.68315e-09 
1.164e-09 3.20929e-11 
2.96845e-09 -6.58337e-09 
8.05659e-10 -5.06265e-09 
2.21146e-09 -4.94404e-09 
2.65761e-09 -4.60938e-09 
4.42662e-09 -4.59882e-09 
7.06246e-09 -5.29445e-09 
2.92513e-09 -4.37493e-09 
3.2462e-09 -4.60436e-09 
6.99697e-09 -5.97386e-09 
1.80151e-09 -4.45193e-09 
2.73546e-09 -6.71158e-09 
3.62393e-09 -5.65402e-09 
3.39939e-09 -3.86788e-09 
2.75064e-09 -4.8679e-09 
5.69713e-09 -5.18662e-09 
1.46573e-08 -5.06359e-09 
