2.73782e-09 -4.89278e-09 
2.74507e-09 -4.309e-09 
2.75824e-09 -4.19758e-09 
2.59451e-10 -1.18005e-09 
1.30329e-09 -4.68545e-09 
3.47917e-09 -5.24811e-09 
2.52955e-09 -4.85282e-09 
3.81184e-09 -4.87629e-09 
-9.86355e-09 -4.2154e-09 
2.57636e-09 -4.88421e-09 
2.95493e-09 -5.06689e-09 
2.16576e-09 -4.87736e-09 
3.14541e-09 -6.92661e-09 
-9.51653e-09 -5.04133e-09 
9.64122e-10 -4.92932e-09 
2.65906e-09 -4.05643e-09 
1.4054e-08 -4.92857e-09 
2.33292e-09 -2.96086e-09 
2.11362e-08 -4.03519e-09 
4.40644e-09 -3.90358e-09 
2.82838e-09 -4.64843e-09 
-6.94849e-09 -4.57751e-09 
-5.34415e-09 -4.74399e-09 
6.38998e-09 -4.84696e-09 
9.67178e-10 -4.96599e-09 
1.03395e-09 -4.62363e-09 
2.74371e-09 -4.71693e-09 
3.57376e-09 -5.55956e-09 
1.80432e-09 -2.47436e-09 
3.65121e-09 -4.58127e-09 
3.01691e-09 -4.44449e-09 
3.00249e-09 -5.07898e-09 
1.73284e-08 -1.05698e-08 
3.37058e-09 -5.21342e-09 
2.63126e-09 8.70789e-10 
-3.45768e-08 -5.40547e-09 
4.64555e-09 -4.738e-09 
7.87884e-09 -6.25869e-09 
3.62554e-09 -4.97888e-09 
6.46729e-10 -4.41967e-09 
2.71657e-09 -7.04062e-09 
2.61548e-09 -5.39955e-09 
3.08893e-09 -5.3509e-09 
2.36657e-09 -5.15817e-09 
2.72612e-09 -8.4173e-10 
7.06905e-10 -5.42983e-09 
2.82223e-09 -4.76495e-09 
3.19243e-09 -4.98463e-09 
5.49042e-09 -4.86791e-09 
5.08547e-09 -5.37369e-09 
