2.06371e-07 -2.40994e-07 
1.47488e-07 2.54231e-07 
-4.96179e-07 -3.58897e-07 
1.84447e-07 1.96459e-06 
-1.74708e-07 1.48027e-07 
1.08306e-07 1.80562e-07 
2.88843e-06 1.05865e-07 
1.52021e-07 -5.28761e-08 
-9.10131e-08 3.79259e-07 
-1.15617e-06 1.42037e-06 
-3.39339e-07 5.1264e-06 
2.5783e-07 3.59345e-07 
6.41138e-07 3.0691e-07 
1.93168e-07 1.42626e-07 
-2.77642e-08 6.60474e-07 
1.63932e-07 2.96299e-07 
1.6672e-07 -4.07974e-07 
2.84257e-08 2.26615e-07 
-1.40182e-06 3.08354e-07 
3.60309e-07 -9.27604e-07 
