2.71678e-07 -2.19663e-07 
1.50053e-07 -1.05753e-07 
2.44082e-07 3.13325e-07 
1.5806e-07 -6.37933e-06 
2.7065e-07 -1.85822e-07 
9.31396e-08 6.06078e-08 
1.80659e-07 1.72625e-07 
1.6233e-07 -1.96212e-07 
2.28415e-07 -1.33817e-07 
-1.11271e-09 1.78233e-07 
3.7797e-07 -2.03305e-07 
2.49371e-07 1.05054e-06 
1.24091e-07 -2.38231e-07 
2.15956e-07 -3.21744e-08 
1.14586e-08 4.69477e-09 
3.78452e-07 3.98568e-07 
1.99984e-07 7.30548e-07 
2.08665e-07 1.59609e-07 
-2.60728e-07 1.47961e-07 
5.10783e-08 1.59324e-06 
