2.73782e-09 -4.89278e-09 
2.58249e-09 -4.73943e-09 
2.68746e-09 -3.99269e-09 
4.19902e-09 -2.92508e-09 
4.12974e-09 -3.91369e-09 
2.58109e-09 -5.13604e-09 
2.29124e-09 -4.88335e-09 
5.41051e-09 -5.02868e-09 
3.21204e-10 -6.85323e-09 
1.49434e-08 -4.89131e-09 
2.76737e-09 -5.17762e-09 
6.2235e-09 -5.49505e-09 
2.13955e-09 -3.73139e-09 
1.90356e-09 -4.98238e-09 
4.38532e-10 -5.58091e-09 
2.55161e-09 -1.07343e-08 
-3.81683e-09 -4.98184e-09 
1.87711e-09 -1.77422e-09 
-1.28615e-09 -3.60935e-09 
2.95854e-09 -5.05388e-09 
3.54713e-09 -4.53445e-09 
-4.11951e-09 -5.15287e-09 
2.08042e-09 -4.85001e-09 
6.27329e-09 -4.92507e-09 
-1.32271e-10 -5.14159e-09 
1.56894e-10 -5.5056e-09 
2.74875e-09 -5.2794e-09 
8.8632e-09 -2.36871e-09 
2.90786e-09 -7.62574e-09 
3.77417e-09 -4.59433e-09 
2.84185e-09 -2.16335e-09 
3.28833e-09 -4.88615e-09 
-1.25372e-09 -4.27475e-09 
2.44719e-09 5.20158e-09 
2.71329e-09 -4.73646e-09 
-3.8839e-09 -5.44795e-09 
4.54113e-09 -4.87237e-09 
5.8984e-09 -3.16981e-09 
2.26409e-09 -4.48175e-09 
3.84266e-09 -5.10859e-09 
3.00428e-09 -4.66315e-09 
2.62814e-09 -4.96911e-09 
5.48698e-09 -6.1621e-09 
-1.94051e-09 -5.32153e-09 
2.73307e-09 -3.54936e-09 
1.65795e-09 -5.1242e-09 
6.03269e-09 -4.51323e-09 
2.94475e-09 -4.98932e-09 
2.03106e-09 -4.83286e-09 
2.12048e-08 -6.32668e-09 
