2.73782e-09 -4.89278e-09 
1.76863e-09 -4.31452e-09 
2.80864e-09 -5.149e-09 
-8.19306e-10 1.4729e-10 
1.19028e-09 -5.33539e-09 
3.71463e-09 -4.31546e-09 
1.66154e-09 -4.88234e-09 
4.45287e-09 -4.26812e-09 
2.86036e-09 -3.69094e-10 
-1.04974e-08 -4.88499e-09 
2.94887e-09 -4.75467e-09 
3.10268e-09 -4.904e-09 
2.84283e-09 -1.3971e-08 
-5.5189e-09 -4.94332e-09 
2.07218e-09 -4.61218e-09 
2.58287e-09 -1.14203e-08 
1.16639e-08 -4.90847e-09 
1.81404e-09 -5.75896e-09 
1.00057e-08 -3.79413e-09 
4.17477e-09 -4.89023e-09 
2.73363e-09 -2.04017e-09 
6.23369e-09 -5.45343e-09 
-1.39785e-09 -4.97536e-09 
3.32252e-09 -4.82642e-09 
5.96531e-10 -4.94981e-09 
1.83856e-09 -4.50341e-09 
2.73451e-09 -4.54505e-09 
3.67154e-10 2.17385e-09 
2.17336e-09 -4.36116e-09 
-1.47638e-09 -4.90741e-09 
3.10695e-09 -3.51329e-09 
2.24113e-09 -5.04648e-09 
-4.34755e-09 -7.35947e-09 
2.55526e-09 -1.10027e-09 
2.65482e-09 -2.74059e-09 
-5.89522e-09 -4.82657e-09 
3.09133e-09 -4.83331e-09 
6.59196e-09 -7.33923e-09 
2.08138e-09 -4.88223e-09 
4.41672e-09 -5.24096e-09 
2.49878e-09 -7.12005e-09 
3.93213e-09 -5.28944e-09 
4.7801e-09 -5.56279e-09 
5.29475e-09 -3.77173e-09 
2.73066e-09 -5.80967e-09 
8.03518e-10 -5.56075e-09 
6.829e-09 -3.58777e-09 
3.0207e-09 -4.9179e-09 
3.72384e-09 -5.09853e-09 
-9.24644e-10 -4.76149e-09 
