2.73782e-09 -4.89278e-09 
2.22452e-09 -4.26471e-09 
2.72208e-09 -4.43184e-09 
-5.96804e-10 -2.24356e-09 
1.45611e-09 -5.58247e-09 
3.66057e-09 -4.23038e-09 
2.3242e-09 -4.90001e-09 
1.64018e-09 -4.43778e-09 
5.20798e-09 -1.27719e-09 
-2.56637e-09 -4.8942e-09 
2.71482e-09 -4.54761e-09 
5.22135e-09 -4.9014e-09 
3.42813e-09 -3.91689e-09 
-6.45337e-10 -4.9877e-09 
2.03238e-09 -5.40883e-09 
2.48781e-09 1.91671e-09 
1.86613e-08 -4.92675e-09 
2.28916e-09 -2.08494e-09 
1.76294e-09 -3.15129e-09 
3.17261e-09 -3.74959e-09 
2.51702e-09 -4.809e-09 
3.68715e-09 -5.08102e-09 
-3.24707e-09 -4.91736e-09 
7.71501e-09 -4.83338e-09 
3.66109e-09 -5.11525e-09 
-1.83796e-10 -4.75983e-09 
2.74092e-09 -4.48041e-09 
3.66602e-09 -2.82144e-09 
1.94721e-09 -5.9453e-09 
2.11624e-09 -4.92881e-09 
2.84439e-09 -2.90851e-09 
2.66679e-09 -5.03945e-09 
-8.86442e-10 -9.60988e-09 
2.35728e-09 -1.67654e-10 
2.67301e-09 -2.22099e-09 
-8.43716e-09 -4.0714e-09 
2.27773e-09 -4.83071e-09 
4.47356e-09 -7.05228e-09 
5.14068e-09 -4.8657e-09 
5.82501e-09 -5.33588e-09 
2.80257e-09 -6.09934e-09 
3.67044e-09 -5.78426e-09 
4.83619e-09 -5.58817e-09 
2.60327e-09 -3.2094e-09 
2.74093e-09 -3.51491e-09 
2.52662e-09 -6.37911e-09 
8.61773e-09 -4.7769e-09 
3.15724e-09 -5.34121e-09 
4.59065e-09 -4.92036e-09 
6.34831e-09 -4.81096e-09 
