2.73782e-09 -4.89278e-09 
3.04371e-09 -3.75788e-09 
2.84339e-09 -4.92192e-09 
-6.18383e-10 -2.78856e-09 
2.35471e-09 -6.18731e-09 
4.3793e-09 -4.54026e-09 
2.17416e-09 -4.88166e-09 
4.47799e-09 -4.44581e-09 
3.92626e-09 -4.98922e-09 
-1.43844e-08 -4.88274e-09 
2.89009e-09 -5.07928e-09 
2.16981e-09 -5.42864e-09 
1.85422e-09 -1.09339e-08 
-1.57955e-08 -4.94849e-09 
4.50132e-10 -2.24775e-09 
2.58655e-09 -5.68943e-09 
-2.6696e-09 -4.83079e-09 
2.0031e-09 -4.55905e-09 
1.16946e-08 -5.52353e-09 
3.20746e-09 -4.35532e-09 
2.45487e-09 -2.8658e-09 
3.55321e-09 -5.29294e-09 
-3.03279e-09 -4.98317e-09 
2.35484e-09 -4.83642e-09 
5.76458e-10 -5.01147e-09 
1.33497e-09 -4.21251e-09 
2.73393e-09 -4.25351e-09 
4.82887e-09 -6.6967e-10 
2.75142e-09 -8.01877e-09 
-1.08093e-09 -4.60501e-09 
3.36378e-09 -3.09346e-09 
2.42156e-09 -4.94929e-09 
-1.99376e-09 -9.15742e-09 
2.6762e-09 -3.45619e-11 
2.7425e-09 -5.1412e-09 
-1.88621e-08 -4.5001e-09 
2.92776e-09 -4.67627e-09 
6.25261e-09 -7.10061e-09 
4.36566e-09 -4.57394e-09 
3.6036e-09 -5.84721e-09 
2.73857e-09 -7.856e-09 
3.30063e-09 -6.79641e-09 
3.055e-09 -5.15523e-09 
3.19236e-09 -5.63122e-09 
2.73041e-09 -3.15897e-09 
-8.61972e-10 -4.83695e-09 
9.18341e-09 -3.67422e-09 
2.9083e-09 -5.02063e-09 
4.17658e-09 -4.96363e-09 
2.10896e-09 -5.44952e-09 
