1.94396e-09 -5.20375e-07 
1.56079e-07 -4.99029e-08 
-8.75536e-08 4.16102e-08 
2.32778e-07 9.10268e-07 
1.34159e-07 2.65412e-07 
3.02651e-07 5.23391e-08 
-6.72925e-07 -1.53049e-07 
1.54099e-07 -3.50198e-07 
3.18129e-08 -5.75648e-08 
3.68128e-08 -8.08037e-08 
1.99985e-07 9.02289e-08 
9.75792e-08 -1.03375e-06 
4.5725e-07 3.19854e-07 
1.31458e-07 -3.99072e-08 
2.64413e-07 -2.03985e-07 
5.67524e-08 2.84962e-07 
9.21006e-08 -1.10958e-07 
1.26581e-07 -1.33715e-08 
-4.73907e-07 3.0663e-08 
2.0777e-07 -2.97781e-06 
