2.73782e-09 -4.89278e-09 
2.64936e-09 -4.17944e-09 
2.8253e-09 -4.87844e-09 
-2.20753e-09 -3.30959e-09 
1.95587e-09 -4.12108e-09 
2.10567e-09 -4.14093e-09 
2.4087e-09 -4.87066e-09 
2.88468e-09 -4.85719e-09 
6.01678e-09 -4.00233e-09 
-2.61085e-08 -4.8943e-09 
2.90848e-09 -4.47717e-09 
3.03232e-09 -4.63275e-09 
3.0782e-09 -5.11498e-09 
-2.34125e-09 -4.93074e-09 
3.57355e-10 -3.39684e-09 
2.43649e-09 -2.29819e-09 
1.18204e-08 -4.93754e-09 
2.18694e-09 -5.35712e-09 
2.34256e-09 -1.12829e-09 
3.94715e-09 -4.41656e-09 
2.81872e-09 -4.09749e-09 
4.39727e-09 -4.76586e-09 
-4.38214e-10 -4.89429e-09 
3.2592e-09 -4.86635e-09 
2.0278e-09 -5.1246e-09 
1.3526e-09 -4.08692e-09 
2.73584e-09 -4.0567e-09 
2.01249e-09 -3.5033e-09 
2.8625e-09 -6.5289e-09 
-3.53668e-10 -4.76989e-09 
3.09939e-09 -4.30833e-09 
3.66919e-09 -4.89368e-09 
-8.02864e-09 -1.30379e-08 
2.23474e-09 1.26061e-09 
2.61338e-09 -6.94766e-09 
-2.12381e-08 -4.69888e-09 
2.41661e-09 -4.73316e-09 
5.0383e-09 -5.23281e-09 
6.78687e-09 -4.85941e-09 
5.43522e-09 -4.59997e-09 
2.92035e-09 -4.03579e-09 
3.498e-09 -6.65121e-09 
7.11272e-09 -5.83841e-09 
3.22564e-09 -2.58629e-09 
2.74356e-09 -5.95173e-09 
2.53776e-09 -4.75563e-09 
4.99226e-09 -4.68605e-09 
3.07969e-09 -5.21573e-09 
6.42199e-09 -5.03348e-09 
4.94425e-09 -4.79821e-09 
