2.58913e-07 -1.59209e-07 
1.5454e-07 4.01685e-08 
1.44225e-07 -6.17281e-07 
2.71086e-07 8.01867e-06 
1.36303e-07 -1.77898e-07 
3.01254e-07 2.82461e-07 
-1.0065e-06 -1.4838e-07 
1.78602e-07 2.74066e-07 
7.05612e-08 -4.25535e-08 
4.04262e-07 -5.35296e-07 
2.15454e-07 -1.28799e-06 
1.78777e-07 -1.29989e-06 
3.61821e-07 -2.13624e-07 
1.72461e-07 2.25136e-07 
9.8665e-08 -3.51349e-08 
1.92738e-07 -1.80043e-07 
1.20617e-07 1.95448e-07 
3.09288e-07 1.67925e-07 
1.35476e-07 9.37659e-08 
1.89823e-07 -2.81296e-06 
