2.73782e-09 -4.89278e-09 
2.35569e-09 -3.76783e-09 
2.7463e-09 -4.26789e-09 
-9.18698e-10 -8.17635e-09 
3.04294e-09 -4.22423e-09 
3.53247e-09 -4.46129e-09 
2.0703e-09 -4.90156e-09 
2.61936e-09 -4.80589e-09 
2.02786e-09 -4.14938e-09 
-5.9511e-09 -4.8782e-09 
2.8154e-09 -5.60612e-09 
4.44405e-09 -4.72549e-09 
2.17836e-09 -1.21323e-08 
-1.6915e-09 -5.0364e-09 
2.57183e-09 -3.55837e-09 
2.74436e-09 -1.07794e-08 
-1.15317e-09 -4.8834e-09 
3.2009e-09 -3.57718e-09 
1.01715e-08 1.24777e-09 
2.85816e-09 -4.9512e-09 
2.34285e-09 -4.31965e-09 
1.28022e-09 -5.36038e-09 
-6.53842e-09 -4.83766e-09 
7.62567e-09 -4.82728e-09 
3.72402e-09 -5.05469e-09 
2.94365e-09 -4.63488e-09 
2.74449e-09 -4.29406e-09 
2.9403e-09 -8.03662e-09 
3.302e-09 -4.2652e-09 
4.92503e-10 -4.61669e-09 
2.80791e-09 -9.86075e-10 
4.03728e-09 -5.03712e-09 
-1.90484e-08 -1.26671e-08 
2.19378e-09 -4.53304e-09 
2.66334e-09 -4.04109e-10 
-3.48199e-08 -5.36093e-09 
3.64438e-09 -4.79425e-09 
1.04236e-09 -5.99441e-09 
4.83093e-09 -4.91618e-09 
6.95183e-09 -4.73252e-09 
2.78778e-09 -5.21833e-09 
5.06136e-09 -1.13288e-08 
3.80907e-09 -5.64949e-09 
5.39225e-09 -7.82314e-09 
2.73041e-09 -4.60367e-09 
1.99489e-09 -5.62561e-09 
1.41487e-09 -4.77456e-09 
3.23068e-09 -5.10046e-09 
5.70662e-09 -4.99579e-09 
1.30117e-08 -5.48505e-09 
