2.73782e-09 -4.89278e-09 
2.28122e-09 -4.8101e-09 
2.80199e-09 -4.71142e-09 
6.46873e-09 8.09374e-09 
2.02143e-09 -4.86784e-09 
2.91334e-09 -4.70032e-09 
2.22643e-09 -4.85748e-09 
5.15912e-09 -4.75308e-09 
-3.57011e-09 -2.64492e-09 
1.21033e-08 -4.90259e-09 
2.83179e-09 -4.92161e-09 
3.60733e-09 -5.509e-09 
1.56378e-09 2.65502e-09 
-1.21397e-09 -4.88753e-09 
1.25624e-09 -4.81262e-09 
2.58224e-09 -4.99599e-09 
1.10275e-08 -5.07876e-09 
1.96537e-09 -3.26901e-09 
4.74627e-09 -6.58542e-09 
4.12569e-09 -3.2773e-09 
3.80921e-09 -4.19627e-09 
-3.53793e-09 -5.71565e-09 
3.92621e-09 -4.98168e-09 
-7.36939e-09 -4.90168e-09 
-5.96253e-10 -4.87894e-09 
9.84055e-10 -5.52984e-09 
2.73613e-09 -4.88179e-09 
4.96971e-09 3.29014e-09 
2.20582e-09 -7.9353e-09 
9.17647e-11 -5.00678e-09 
2.93639e-09 -6.40923e-09 
2.0361e-09 -4.93113e-09 
1.27659e-08 -3.28052e-09 
3.00126e-09 1.39542e-09 
2.69702e-09 -1.69961e-09 
3.58224e-09 -4.75987e-09 
2.97439e-09 -4.73984e-09 
8.32984e-09 -4.9735e-09 
3.71479e-09 -4.44922e-09 
7.74444e-10 -5.69239e-09 
2.91082e-09 -5.74211e-09 
2.17952e-09 -3.87451e-09 
3.61709e-09 -1.05863e-08 
-2.01682e-09 -3.19654e-09 
2.73263e-09 -3.9704e-09 
1.21199e-09 -5.42412e-09 
9.50978e-09 -4.80054e-09 
2.7574e-09 -5.29138e-09 
3.18206e-09 -4.93821e-09 
-4.18536e-09 -4.66983e-09 
