2.73782e-09 -4.89278e-09 
2.50919e-09 -4.8377e-09 
2.82988e-09 -4.81963e-09 
-2.097e-09 3.05564e-09 
2.18602e-09 -4.94808e-09 
2.57892e-09 -4.61321e-09 
2.77477e-09 -4.88063e-09 
1.82598e-09 -4.70181e-09 
-6.23071e-09 -2.26342e-09 
1.38059e-08 -4.88227e-09 
2.73257e-09 -4.47447e-09 
1.12603e-09 -5.46476e-09 
9.25449e-10 -1.45726e-08 
-7.61499e-09 -4.90959e-09 
-1.42352e-09 -6.95526e-09 
2.78182e-09 2.78863e-10 
4.39595e-09 -5.04182e-09 
3.17753e-09 -2.23714e-09 
2.19929e-09 -3.35885e-10 
3.80543e-09 -2.5859e-09 
2.85972e-09 -3.8718e-09 
-6.58861e-09 -4.80779e-09 
1.10047e-09 -4.96618e-09 
-2.30284e-08 -4.89008e-09 
-1.55536e-12 -4.86023e-09 
1.303e-09 -5.36955e-09 
2.74535e-09 -5.05313e-09 
4.85484e-09 3.88927e-09 
1.81541e-09 -6.04009e-09 
4.40777e-10 -4.53669e-09 
3.15671e-09 -7.84543e-09 
2.00612e-09 -5.05745e-09 
1.72015e-09 1.4455e-09 
2.79255e-09 -1.17031e-09 
2.68532e-09 -1.16345e-09 
1.70189e-09 -5.30959e-09 
3.32585e-09 -4.76223e-09 
4.94924e-09 -5.82702e-09 
4.08928e-09 -4.53162e-09 
-1.8764e-09 -6.29461e-09 
2.69927e-09 -7.39302e-09 
3.58461e-09 1.53073e-09 
1.02186e-09 -7.44262e-09 
4.65689e-09 -3.6286e-09 
2.73845e-09 -4.1157e-09 
8.41651e-10 -5.52845e-09 
8.79703e-09 -4.16254e-09 
2.93978e-09 -4.98388e-09 
8.14194e-10 -4.97717e-09 
2.16103e-08 -4.10003e-09 
