2.73782e-09 -4.89278e-09 
2.59997e-09 -3.94224e-09 
2.79398e-09 -4.67701e-09 
-4.60043e-09 -8.25783e-09 
2.74367e-09 -4.70464e-09 
3.00999e-09 -4.6751e-09 
2.77184e-09 -4.89048e-09 
1.09898e-09 -4.8024e-09 
-3.68623e-09 -5.72501e-09 
-1.29244e-09 -4.87231e-09 
2.6819e-09 -4.78707e-09 
5.18321e-09 -5.25704e-09 
3.61374e-09 -1.6458e-08 
-8.98386e-09 -4.99582e-09 
1.97363e-09 -4.3739e-09 
2.84192e-09 -9.94775e-09 
4.15854e-09 -4.87521e-09 
2.95357e-09 -4.6292e-09 
5.53325e-09 -2.80957e-09 
3.45068e-09 -5.85024e-09 
2.49292e-09 -4.02194e-09 
2.20263e-09 -4.33775e-09 
-1.26527e-09 -4.98684e-09 
-1.53035e-08 -4.80314e-09 
1.36523e-09 -4.92748e-09 
1.18018e-09 -5.11144e-09 
2.74864e-09 -4.83665e-09 
3.36371e-09 1.28869e-10 
2.31741e-09 -6.37381e-09 
-7.29944e-10 -4.94027e-09 
3.12675e-09 -1.8863e-09 
2.66786e-09 -4.99137e-09 
-1.15373e-08 -1.17641e-08 
2.54131e-09 -4.77768e-09 
2.68139e-09 -2.91555e-09 
-2.54079e-08 -5.14e-09 
4.46805e-09 -4.80663e-09 
3.03782e-09 -5.4616e-09 
3.89072e-09 -4.87922e-09 
-1.57301e-10 -5.86133e-09 
2.84237e-09 -7.67427e-09 
3.19646e-09 -8.10635e-09 
7.71004e-09 -1.1864e-09 
6.06044e-09 -5.91871e-09 
2.73866e-09 -4.57529e-09 
5.85351e-10 -5.53551e-09 
4.68561e-09 -3.43746e-09 
2.91621e-09 -4.76482e-09 
2.24322e-09 -5.02579e-09 
3.58074e-08 -6.26963e-09 
