2.73782e-09 -4.89278e-09 
1.63531e-09 -3.80074e-09 
2.6872e-09 -4.08484e-09 
6.59266e-09 -1.09156e-08 
2.70994e-09 -4.61529e-09 
3.4936e-09 -4.7891e-09 
2.1852e-09 -4.89061e-09 
5.15126e-09 -4.86022e-09 
3.24496e-09 -5.58265e-09 
-3.61994e-09 -4.89129e-09 
2.7034e-09 -5.3115e-09 
6.11404e-09 -4.9631e-09 
4.3995e-09 -7.24759e-09 
1.66856e-11 -4.9736e-09 
5.43463e-09 -2.92793e-09 
2.52729e-09 -9.15615e-09 
3.36299e-09 -4.92996e-09 
1.30572e-09 -4.46452e-09 
1.16998e-08 -4.88049e-09 
3.18903e-09 -5.05119e-09 
2.53885e-09 -3.23156e-09 
7.15696e-09 -5.49463e-09 
2.65484e-09 -4.98521e-09 
3.79672e-08 -4.74826e-09 
3.38058e-09 -4.93077e-09 
-2.15422e-10 -4.84388e-09 
2.74988e-09 -4.68193e-09 
3.48962e-09 -7.75244e-09 
2.87711e-09 -8.937e-09 
-1.00692e-09 -5.10263e-09 
2.77517e-09 -7.98921e-10 
3.74206e-09 -4.9841e-09 
-4.12917e-09 -1.05297e-08 
2.14851e-09 -6.69104e-09 
2.66687e-09 -1.09649e-09 
-1.94914e-08 -4.94707e-09 
4.79006e-09 -4.72331e-09 
7.08743e-09 -4.75757e-09 
3.5277e-09 -4.92437e-09 
1.18911e-08 -4.4666e-09 
2.88641e-09 -5.75889e-09 
2.62272e-09 -1.19737e-08 
3.81784e-09 -1.13945e-09 
1.13287e-09 -5.11159e-09 
2.73559e-09 -4.88346e-09 
1.49692e-09 -5.66453e-09 
3.23062e-09 -4.01252e-09 
2.85984e-09 -5.18653e-09 
8.31873e-09 -4.85833e-09 
-1.55969e-08 -7.0366e-09 
