2.81986e-07 3.39637e-07 
1.58048e-07 6.82249e-08 
-3.48246e-07 3.03079e-07 
2.40179e-07 2.49818e-06 
1.73076e-07 3.15359e-07 
1.3066e-07 -5.05231e-08 
3.33405e-07 7.3097e-08 
1.44948e-07 -5.25394e-07 
4.62587e-08 2.23015e-07 
-1.13153e-07 2.84794e-07 
1.39998e-07 6.74768e-07 
1.33389e-07 1.20081e-06 
4.40975e-07 1.33079e-06 
1.38849e-07 1.91926e-07 
1.28187e-07 1.45549e-07 
2.43034e-09 3.54105e-07 
1.81082e-07 1.50733e-07 
-7.3747e-09 2.5934e-08 
-6.53213e-07 2.71079e-07 
1.11491e-07 -2.94126e-06 
