2.73782e-09 -4.89278e-09 
2.15626e-09 -5.10857e-09 
2.84867e-09 -5.0037e-09 
-2.91371e-09 5.44086e-09 
2.5511e-09 -4.77709e-09 
3.06729e-09 -4.42995e-09 
2.55072e-09 -4.86412e-09 
1.22139e-09 -4.74877e-09 
-2.24276e-09 -2.25223e-09 
1.20916e-08 -4.892e-09 
2.8968e-09 -5.26021e-09 
2.52364e-09 -5.04161e-09 
1.83276e-09 -1.58329e-08 
-5.35444e-09 -4.94851e-09 
-9.88588e-10 -5.92044e-09 
2.41261e-09 -2.23981e-09 
9.28828e-09 -5.03061e-09 
2.39624e-09 -2.30625e-09 
1.21192e-09 -1.43297e-09 
3.60487e-09 -3.10857e-09 
3.57758e-09 -2.68908e-09 
-5.59533e-09 -4.80296e-09 
1.12863e-09 -4.96785e-09 
-2.00191e-08 -4.93011e-09 
-4.01072e-10 -4.92163e-09 
3.25458e-09 -5.11065e-09 
2.7329e-09 -4.76836e-09 
4.3402e-09 -8.99496e-09 
2.23585e-09 -9.41833e-09 
1.04369e-09 -4.56087e-09 
3.13921e-09 -8.02149e-09 
1.75037e-09 -4.97334e-09 
-5.97014e-09 6.01869e-09 
3.03929e-09 4.31459e-09 
2.75933e-09 -3.24176e-09 
-2.01389e-09 -5.10184e-09 
2.26439e-09 -4.72407e-09 
4.03857e-09 -6.54828e-09 
6.05575e-09 -4.34451e-09 
1.90768e-08 -6.05467e-09 
2.76829e-09 -6.33036e-09 
2.9198e-09 -1.32216e-09 
5.0707e-09 -1.35741e-08 
3.22363e-09 -4.69466e-09 
2.72836e-09 -3.71245e-09 
3.51935e-09 -5.26907e-09 
7.59005e-09 -4.72953e-09 
3.22407e-09 -4.92953e-09 
2.9018e-09 -5.03761e-09 
8.12643e-09 -3.31015e-09 
