2.73782e-09 -4.89278e-09 
2.37437e-09 -4.51066e-09 
2.70395e-09 -3.46628e-09 
6.34344e-09 -2.90319e-09 
2.5021e-09 -4.69539e-09 
4.05884e-09 -4.66634e-09 
2.23764e-09 -4.89383e-09 
5.04761e-09 -4.70352e-09 
-2.9786e-10 -2.08177e-09 
8.70189e-09 -4.88663e-09 
2.82142e-09 -5.12222e-09 
3.59058e-09 -5.1412e-09 
2.76931e-09 -5.46887e-09 
-1.04018e-09 -4.9776e-09 
2.62719e-09 -5.31494e-09 
2.6339e-09 -6.35188e-09 
3.80977e-09 -4.83626e-09 
1.34535e-09 -3.56742e-09 
4.80312e-09 -5.63263e-09 
2.54762e-09 -2.12975e-09 
3.39017e-09 -4.83058e-09 
6.62098e-09 -5.27437e-09 
1.21141e-09 -4.92325e-09 
2.86204e-08 -4.90774e-09 
2.55003e-09 -4.92764e-09 
3.83449e-09 -4.81979e-09 
2.74364e-09 -4.69914e-09 
4.75664e-09 -7.77404e-09 
2.97619e-09 -1.01205e-08 
-7.6269e-10 -4.88339e-09 
2.54669e-09 1.82818e-09 
4.46774e-09 -5.00464e-09 
-4.15799e-09 -2.5182e-08 
2.61091e-09 2.26951e-09 
2.71856e-09 -5.97909e-09 
-3.85098e-08 -5.01731e-09 
4.16532e-09 -4.69914e-09 
5.88683e-09 -5.08353e-09 
5.54397e-09 -4.84159e-09 
8.10624e-09 -4.53881e-09 
2.88146e-09 -5.78682e-09 
2.41174e-09 -4.79655e-09 
2.15396e-09 -7.65661e-09 
6.39686e-10 -3.65093e-09 
2.7319e-09 -2.54996e-09 
3.77442e-09 -5.27728e-09 
8.35805e-10 -4.48831e-09 
3.53206e-09 -5.49706e-09 
8.29753e-09 -4.88654e-09 
6.27933e-09 -6.41106e-09 
