2.73782e-09 -4.89278e-09 
1.98509e-09 -4.24047e-09 
2.83536e-09 -5.64622e-09 
-6.6805e-09 -1.54627e-09 
1.76822e-09 -4.4761e-09 
3.26585e-09 -4.26985e-09 
2.31313e-09 -4.87613e-09 
8.92118e-10 -4.74744e-09 
1.40636e-09 -5.5618e-09 
5.6649e-09 -4.89516e-09 
2.8949e-09 -4.92694e-09 
6.02684e-09 -5.49194e-09 
1.96597e-09 -1.10232e-08 
-8.38663e-10 -5.00456e-09 
6.81027e-10 -4.58648e-09 
2.75934e-09 -6.12789e-09 
1.1726e-08 -4.97362e-09 
2.81195e-09 -1.73316e-09 
1.41359e-08 -6.62509e-10 
2.16539e-09 -6.366e-09 
2.99852e-09 -1.54585e-09 
6.31193e-09 -5.30833e-09 
4.35977e-09 -4.95825e-09 
5.4909e-08 -4.75907e-09 
1.22609e-09 -4.95173e-09 
2.40882e-09 -5.0311e-09 
2.74745e-09 -4.96761e-09 
1.92331e-09 -4.17013e-09 
2.16866e-09 -6.1994e-09 
2.56941e-09 -4.77989e-09 
2.922e-09 -1.36066e-08 
3.20981e-09 -5.04154e-09 
2.98873e-09 -4.1508e-08 
2.39948e-09 -5.84499e-09 
2.65914e-09 -3.99309e-09 
1.20199e-08 -5.69408e-09 
4.08198e-09 -5.00818e-09 
5.2503e-09 -4.88622e-09 
1.72212e-09 -4.92695e-09 
5.52315e-09 -5.3779e-09 
2.69423e-09 -5.38285e-09 
3.11907e-09 -8.67027e-09 
1.52935e-09 6.99039e-11 
3.50844e-09 -4.48558e-09 
2.73635e-09 -3.40165e-09 
2.38016e-10 -5.02543e-09 
6.96872e-09 -3.51537e-09 
2.62137e-09 -5.25269e-09 
9.19558e-10 -4.85669e-09 
2.2792e-08 -5.40906e-09 
