-0.217086 0.0787921 
-0.212907 0.250513 
-0.321877 5.32451 
-0.216279 0.193307 
-0.274693 0.235065 
-0.249248 0.24646 
-0.316745 0.412259 
-0.199147 0.697322 
0.0152066 0.237939 
-0.118908 0.170041 
-0.37963 0.171584 
-0.307973 0.932757 
-0.130116 0.371206 
-0.695604 0.0774795 
-0.21872 0.0945391 
-0.368308 0.364997 
-0.0694019 -1.92307 
-0.199394 0.434568 
-0.304996 0.217665 
-0.161699 0.234576 
-0.246483 0.089076 
-0.244371 0.778272 
-0.243789 0.239936 
-0.30231 0.176294 
-0.379814 -0.16803 
-0.274223 0.254722 
-0.20447 -0.4237 
-0.248449 0.249875 
-0.31154 0.291106 
-0.294308 0.223563 
-0.196748 0.273613 
-0.365625 0.182213 
-0.168847 0.272471 
-0.29929 0.22921 
-0.312442 0.170089 
-0.664146 0.317973 
-0.422423 0.229413 
-0.154071 0.160055 
-0.380674 0.242634 
-0.326134 0.248607 
-0.353844 0.234094 
-0.494649 0.148549 
-0.241385 0.221103 
-0.227604 0.229549 
-0.25467 0.171937 
-0.312195 0.075982 
-0.223656 2.13509 
-0.321999 0.220283 
-0.2196 0.328979 
-0.239378 0.220945 
