2.73782e-09 -4.89278e-09 
3.28836e-09 -4.71111e-09 
2.58249e-09 -4.34498e-09 
3.49037e-09 1.46501e-09 
2.49215e-09 -4.59044e-09 
3.90254e-09 -4.43833e-09 
1.79677e-09 -4.88617e-09 
6.42735e-09 -4.90602e-09 
-2.6603e-09 -1.20097e-09 
5.52199e-09 -4.88545e-09 
2.73127e-09 -5.304e-09 
3.55261e-09 -4.81288e-09 
2.5335e-09 -4.60657e-09 
-6.58495e-09 -4.86475e-09 
1.69939e-09 -4.61364e-09 
2.48215e-09 -8.5246e-09 
1.9102e-09 -4.98644e-09 
2.20233e-09 -6.46439e-09 
3.54697e-09 -7.2909e-09 
4.0261e-09 -3.83748e-09 
3.41998e-09 -4.75434e-09 
-3.54137e-09 -4.90284e-09 
-1.77188e-10 -4.97013e-09 
1.14028e-08 -4.90996e-09 
2.09465e-09 -4.90883e-09 
2.79214e-09 -5.05081e-09 
2.74372e-09 -4.71721e-09 
4.13467e-09 -2.51202e-09 
2.64763e-09 -7.76806e-09 
-1.15831e-09 -4.91171e-09 
3.09006e-09 5.65159e-09 
2.8406e-09 -5.00553e-09 
-1.46454e-09 2.64066e-08 
2.76562e-09 5.7113e-09 
2.66853e-09 -2.31396e-09 
-1.73608e-08 -5.06259e-09 
3.2005e-09 -4.68773e-09 
2.73902e-09 -5.36019e-09 
3.84039e-09 -4.46864e-09 
2.96808e-09 -5.32356e-09 
2.80348e-09 -5.54434e-09 
2.70259e-09 -3.84513e-09 
4.94248e-09 1.05867e-10 
1.72397e-09 -4.79337e-09 
2.73312e-09 -3.11995e-09 
5.52446e-09 -5.33965e-09 
5.30522e-09 -5.13803e-09 
3.28464e-09 -4.8088e-09 
6.56696e-09 -5.11643e-09 
-7.54062e-09 -4.53635e-09 
