2.73782e-09 -4.89278e-09 
2.62641e-09 -3.89136e-09 
2.7513e-09 -4.96484e-09 
6.88724e-10 -3.57707e-09 
1.96509e-09 -4.62344e-09 
2.68893e-09 -4.25731e-09 
1.43482e-09 -4.85813e-09 
-5.22924e-09 -4.75749e-09 
8.19255e-10 -3.26461e-09 
3.00792e-09 -4.89723e-09 
2.93337e-09 -5.21204e-09 
4.42281e-09 -5.47573e-09 
2.64162e-09 -1.44662e-08 
-1.3078e-08 -4.94999e-09 
1.92973e-09 -5.14225e-09 
2.61902e-09 -7.28933e-09 
6.16913e-09 -4.98016e-09 
1.76021e-09 -4.7318e-09 
7.50429e-09 -4.38902e-09 
2.87186e-09 -3.7458e-09 
2.32734e-09 -3.55714e-09 
9.96791e-10 -5.01161e-09 
-1.55082e-09 -4.91269e-09 
5.12348e-08 -4.86697e-09 
5.28687e-10 -4.93878e-09 
1.94763e-09 -4.99985e-09 
2.73752e-09 -4.67328e-09 
4.68487e-09 3.63903e-09 
3.64759e-09 -1.05733e-08 
1.14939e-09 -4.68372e-09 
3.14535e-09 -3.75308e-09 
2.97136e-09 -5.01023e-09 
-6.87266e-09 2.86748e-09 
2.42031e-09 1.13235e-08 
2.62875e-09 2.51036e-09 
-5.97047e-09 -5.4283e-09 
3.97667e-09 -4.74945e-09 
7.86924e-09 -5.89841e-09 
5.84879e-09 -4.85602e-09 
3.19186e-09 -5.06817e-09 
2.83849e-09 -7.67762e-09 
2.12745e-09 -6.67332e-09 
4.16984e-09 -5.33532e-09 
7.47341e-10 -4.14379e-09 
2.73925e-09 -3.77936e-09 
5.24196e-09 -5.34319e-09 
5.30988e-09 -3.8299e-09 
3.03141e-09 -6.29355e-09 
5.2962e-09 -4.78688e-09 
1.21967e-09 -3.40732e-09 
