2.73782e-09 -4.89278e-09 
2.77703e-09 -4.66224e-09 
2.757e-09 -4.73166e-09 
8.44598e-10 -1.43054e-09 
2.14937e-09 -4.65513e-09 
2.39002e-09 -5.14392e-09 
2.44129e-09 -4.89863e-09 
5.60289e-10 -4.81449e-09 
-5.34917e-10 -4.41984e-09 
1.50665e-09 -4.90028e-09 
2.87975e-09 -5.14705e-09 
1.20849e-09 -5.52097e-09 
2.38702e-09 -1.85438e-08 
-9.63039e-09 -4.9432e-09 
6.65958e-10 -4.62893e-09 
2.71867e-09 -5.55876e-09 
5.66119e-09 -4.9452e-09 
3.15324e-09 -1.42857e-11 
3.27181e-09 -4.55022e-09 
4.43468e-09 -3.9681e-09 
2.01099e-09 -2.7264e-09 
2.22571e-09 -5.27784e-09 
1.90464e-09 -4.99119e-09 
-1.37662e-08 -4.81758e-09 
7.2338e-10 -5.03455e-09 
3.06794e-09 -5.11556e-09 
2.74597e-09 -4.0146e-09 
4.28857e-09 1.75447e-09 
2.95565e-10 -4.75828e-09 
3.08231e-09 -4.67911e-09 
2.90882e-09 -1.31561e-09 
3.6501e-09 -5.11158e-09 
-1.39715e-09 -3.58505e-09 
2.53002e-09 6.02998e-09 
2.58045e-09 -1.53201e-10 
-1.71083e-09 -5.23667e-09 
3.47665e-09 -5.22165e-09 
8.21425e-09 -6.11175e-09 
2.23191e-10 -4.58696e-09 
1.80149e-09 -5.33743e-09 
2.93238e-09 -7.79378e-09 
2.28033e-09 -6.45581e-09 
5.59851e-09 -5.93934e-09 
2.46915e-09 -3.93774e-09 
2.73498e-09 -4.33598e-09 
8.09916e-10 -4.98286e-09 
4.08747e-09 -2.9662e-09 
2.82048e-09 -5.06623e-09 
-3.82234e-10 -4.94842e-09 
-3.13229e-09 -4.15453e-09 
