2.73782e-09 -4.89278e-09 
3.22316e-09 -4.6024e-09 
2.75129e-09 -5.31821e-09 
6.96913e-10 2.36225e-09 
2.23956e-09 -4.73606e-09 
2.54314e-09 -4.92851e-09 
1.66483e-09 -4.89921e-09 
-2.4686e-09 -4.95365e-09 
4.5621e-09 -3.96031e-09 
1.53233e-09 -4.8828e-09 
2.84337e-09 -5.07993e-09 
4.62006e-09 -5.64332e-09 
2.04914e-09 -9.66672e-10 
-7.79828e-09 -4.88813e-09 
2.32651e-09 -4.88941e-09 
2.72618e-09 -5.11148e-09 
4.61331e-09 -5.03345e-09 
1.2428e-09 -6.32997e-09 
6.71424e-09 -2.39864e-09 
2.01572e-09 -3.91111e-09 
3.19959e-09 -3.50974e-09 
-3.05945e-09 -5.51449e-09 
2.17483e-09 -5.03728e-09 
9.63256e-09 -4.89895e-09 
3.8715e-09 -4.82587e-09 
6.97642e-10 -5.11608e-09 
2.73679e-09 -4.3583e-09 
4.59963e-09 -5.64771e-09 
7.53526e-10 -7.16198e-09 
5.3807e-09 -4.9242e-09 
3.10954e-09 1.38497e-09 
2.95944e-09 -4.80833e-09 
-1.83852e-09 2.74596e-11 
2.30439e-09 6.45022e-09 
2.64993e-09 -7.11796e-09 
-1.53862e-08 -5.78237e-09 
3.99774e-09 -4.85216e-09 
4.07683e-09 -5.1968e-09 
8.78023e-09 -4.542e-09 
5.65452e-09 -5.04857e-09 
2.89186e-09 -8.48133e-09 
2.65076e-09 -6.80737e-09 
5.56137e-09 -4.99281e-09 
1.69092e-09 -2.81836e-09 
2.73748e-09 -3.89181e-09 
2.70568e-09 -5.28459e-09 
6.73702e-09 -2.69732e-09 
3.09217e-09 -5.83066e-09 
1.77541e-09 -4.95985e-09 
1.36079e-08 -5.43699e-09 
