1.71083e-07 -4.72589e-08 
1.5739e-07 6.46058e-08 
-1.4644e-07 4.2707e-08 
1.06196e-07 -9.50045e-07 
1.58815e-07 -1.37669e-07 
1.62286e-07 6.3675e-08 
2.32498e-07 -2.46006e-07 
1.68445e-07 -3.43087e-09 
5.88711e-08 6.12309e-09 
1.69558e-07 -4.6807e-08 
1.6137e-07 8.20578e-07 
1.11545e-07 -3.34462e-08 
2.59682e-07 -5.55973e-07 
1.37144e-07 -1.32438e-08 
1.40864e-07 -6.63348e-09 
1.88743e-07 -1.64313e-07 
7.718e-08 3.82592e-08 
1.86802e-07 5.12033e-08 
-1.69961e-07 8.1478e-08 
1.92279e-07 1.27175e-06 
