2.73782e-09 -4.89278e-09 
2.96639e-09 -4.33048e-09 
2.74755e-09 -4.64542e-09 
2.15857e-09 -7.57112e-12 
2.31176e-09 -4.65662e-09 
2.51716e-09 -4.64687e-09 
2.20123e-09 -4.90461e-09 
7.11378e-10 -4.87108e-09 
4.52955e-09 -2.99361e-09 
5.41737e-09 -4.88981e-09 
2.57706e-09 -4.95912e-09 
3.79561e-09 -5.46024e-09 
2.61204e-09 1.35659e-09 
4.27742e-09 -4.89481e-09 
2.91484e-09 -4.7216e-09 
2.75974e-09 -6.31888e-09 
1.47611e-09 -4.94526e-09 
2.41106e-09 -6.40528e-09 
1.8729e-09 -1.44994e-09 
2.19628e-09 -3.63218e-09 
2.96534e-09 -5.21542e-09 
1.28048e-09 -5.32001e-09 
3.01686e-09 -4.94322e-09 
6.18184e-09 -4.88692e-09 
1.63871e-09 -4.9833e-09 
-6.05244e-10 -5.0762e-09 
2.73326e-09 -4.13539e-09 
4.9696e-09 3.53457e-09 
9.57885e-10 -8.10724e-09 
2.86618e-10 -4.94207e-09 
3.07613e-09 9.13721e-11 
3.43878e-09 -4.81554e-09 
5.81097e-10 -2.78637e-10 
1.93064e-09 4.57267e-09 
2.61772e-09 -7.34691e-09 
-2.51069e-08 -5.64096e-09 
3.4049e-09 -4.61593e-09 
3.55741e-09 -4.50835e-09 
8.69424e-09 -4.50142e-09 
1.55106e-09 -4.695e-09 
2.89673e-09 -5.96722e-09 
3.03244e-09 -6.04449e-09 
5.61585e-09 -6.76858e-09 
1.90605e-09 -4.44073e-09 
2.73619e-09 -3.20293e-09 
1.92949e-09 -5.10365e-09 
9.76889e-09 -3.09323e-09 
2.71095e-09 -5.4152e-09 
5.38011e-09 -5.00215e-09 
2.68991e-08 -5.02324e-09 
