2.73782e-09 -4.89278e-09 
2.18011e-09 -4.53364e-09 
2.76869e-09 -4.4755e-09 
1.98395e-09 -8.78402e-09 
2.38316e-09 -4.95955e-09 
4.45288e-09 -4.85842e-09 
2.65048e-09 -4.87057e-09 
4.81624e-10 -4.86931e-09 
-5.19012e-09 -4.9641e-09 
7.79499e-10 -4.88582e-09 
2.92497e-09 -5.0627e-09 
3.52273e-09 -4.82667e-09 
1.78957e-09 -1.93034e-08 
-2.07351e-08 -5.00517e-09 
1.02503e-09 -4.30548e-09 
2.51919e-09 -5.67676e-09 
8.71893e-09 -4.93444e-09 
1.33857e-09 -1.99815e-09 
1.14755e-08 -5.35569e-09 
5.91687e-09 -5.04801e-09 
2.82823e-09 -3.52175e-09 
-4.91817e-09 -5.08898e-09 
-5.44825e-09 -4.94136e-09 
4.20054e-09 -4.79283e-09 
2.91877e-09 -4.91025e-09 
1.1642e-09 -5.1278e-09 
2.74501e-09 -5.63108e-09 
4.29578e-09 -6.24386e-09 
1.78858e-09 -8.30629e-09 
1.39097e-09 -4.7024e-09 
3.13605e-09 -2.28988e-09 
2.56079e-09 -5.00708e-09 
-3.18539e-09 -4.26008e-09 
2.68519e-09 -6.904e-09 
2.76794e-09 3.65077e-09 
1.45525e-09 -4.92671e-09 
3.95598e-09 -4.98079e-09 
9.45893e-09 -6.21035e-09 
8.76119e-10 -4.84888e-09 
7.31343e-09 -4.91689e-09 
2.77654e-09 -7.60293e-09 
3.80625e-09 -6.51265e-09 
4.63619e-09 -4.2911e-09 
1.95987e-09 -4.76756e-09 
2.73102e-09 -6.03896e-09 
2.09232e-09 -5.12099e-09 
7.96189e-09 -4.02284e-09 
3.40467e-09 -5.01168e-09 
3.1158e-09 -4.94354e-09 
-4.09708e-09 -5.76135e-09 
