2.73782e-09 -4.89278e-09 
1.35818e-09 -4.79802e-09 
2.75889e-09 -4.82652e-09 
5.3002e-10 -3.04806e-09 
2.91689e-09 -4.81444e-09 
2.2552e-09 -4.67776e-09 
2.42904e-09 -4.88517e-09 
2.60859e-09 -4.85353e-09 
6.92478e-10 -4.41568e-09 
7.35053e-09 -4.89055e-09 
2.78121e-09 -5.07508e-09 
2.49317e-09 -5.10656e-09 
2.5547e-09 -1.71832e-08 
-1.77842e-08 -4.99929e-09 
8.604e-10 -4.2441e-09 
2.48893e-09 -8.3562e-09 
6.18806e-09 -4.94499e-09 
1.3497e-09 1.38533e-09 
9.56165e-09 -2.56508e-09 
6.47724e-09 -4.38499e-09 
2.96139e-09 -4.2396e-09 
-2.10002e-09 -5.21834e-09 
-5.78861e-09 -4.92175e-09 
-3.68479e-09 -4.75654e-09 
1.71392e-09 -5.11265e-09 
1.43191e-09 -5.0943e-09 
2.74016e-09 -4.75827e-09 
3.05857e-09 4.43743e-09 
1.36851e-09 -6.97224e-09 
9.06191e-10 -4.69435e-09 
2.87645e-09 -9.15259e-09 
2.14124e-09 -5.02025e-09 
-4.2239e-09 -1.4741e-08 
2.71892e-09 -9.65208e-09 
2.81348e-09 -3.111e-09 
1.48699e-08 -5.25187e-09 
2.8047e-09 -4.92981e-09 
2.15512e-09 -5.23347e-09 
1.12605e-09 -5.05385e-09 
5.73079e-09 -4.59131e-09 
2.88235e-09 -7.33422e-09 
3.04767e-09 -6.07982e-09 
1.37727e-09 -5.2052e-09 
2.16146e-09 -5.24541e-09 
2.74002e-09 -6.55135e-09 
3.10665e-10 -5.63971e-09 
2.4299e-09 -4.40811e-09 
3.18194e-09 -4.70146e-09 
6.31283e-09 -4.8945e-09 
-1.83647e-08 -5.2238e-09 
