2.73782e-09 -4.89278e-09 
3.29697e-09 -3.87357e-09 
2.7805e-09 -4.18675e-09 
1.94233e-09 -6.39464e-09 
2.24574e-09 -5.05868e-09 
3.62382e-09 -4.20671e-09 
2.44742e-09 -4.86572e-09 
5.71041e-09 -4.86173e-09 
-1.69894e-09 -3.82408e-09 
4.26402e-09 -4.88342e-09 
2.7347e-09 -4.79118e-09 
5.56644e-09 -4.95123e-09 
2.64912e-09 -1.29269e-09 
9.49457e-11 -4.89788e-09 
1.9333e-09 -5.19632e-09 
2.72906e-09 -2.20657e-09 
7.45109e-09 -4.99149e-09 
2.68395e-09 -6.38618e-09 
9.2552e-09 -4.29789e-09 
-3.36634e-10 -3.30179e-09 
3.34199e-09 -2.52075e-09 
1.53678e-09 -5.20381e-09 
4.20187e-09 -4.95342e-09 
1.00589e-08 -4.89445e-09 
1.97463e-09 -4.8719e-09 
5.6838e-10 -4.9076e-09 
2.74444e-09 -4.92625e-09 
4.16425e-09 -1.44583e-09 
4.64791e-09 -9.51668e-09 
3.93926e-10 -4.79612e-09 
2.85488e-09 1.83151e-09 
3.82493e-09 -4.92976e-09 
4.8925e-10 -1.18708e-09 
1.99847e-09 5.29667e-09 
2.57482e-09 -1.52948e-09 
-5.2866e-08 -5.13554e-09 
3.69891e-09 -4.39965e-09 
4.19997e-09 -5.65044e-09 
5.33824e-09 -4.56104e-09 
5.87176e-09 -5.55103e-09 
2.87249e-09 -5.71946e-09 
2.70512e-09 -4.66796e-09 
5.67558e-09 -6.31505e-09 
1.61655e-09 -4.44261e-09 
2.72909e-09 -1.27011e-10 
2.94269e-10 -4.72789e-09 
3.87773e-09 -4.38374e-09 
2.39547e-09 -5.01928e-09 
4.04017e-09 -5.01753e-09 
2.90008e-08 -4.77083e-09 
