2.73782e-09 -4.89278e-09 
1.13726e-09 -4.37737e-09 
2.72273e-09 -3.71361e-09 
6.46107e-10 3.53484e-09 
2.8167e-09 -4.45113e-09 
3.6675e-09 -5.23199e-09 
2.51441e-09 -4.89698e-09 
-3.8178e-10 -4.81174e-09 
1.40049e-09 -2.56932e-09 
3.99205e-09 -4.88928e-09 
2.99371e-09 -5.49195e-09 
4.55701e-09 -4.98134e-09 
2.34638e-09 -1.1649e-08 
-2.12386e-09 -5.08223e-09 
2.39486e-09 -3.91455e-09 
2.68108e-09 -7.74153e-09 
8.07965e-09 -4.96012e-09 
2.02822e-09 -3.62925e-09 
-3.32006e-09 -4.49176e-09 
5.28777e-09 -5.46119e-09 
2.60951e-09 -6.27416e-09 
-2.20762e-09 -5.38681e-09 
7.46975e-11 -4.91466e-09 
-2.26589e-09 -4.83474e-09 
1.48057e-09 -5.03684e-09 
1.14009e-09 -5.05078e-09 
2.73975e-09 -5.07207e-09 
4.11661e-09 -4.97547e-09 
3.01176e-09 -6.72763e-09 
2.65321e-09 -4.84671e-09 
3.40515e-09 -4.39462e-09 
2.43008e-09 -5.03258e-09 
-5.08969e-09 -4.95004e-09 
3.23584e-09 -5.22559e-09 
2.78154e-09 7.38816e-10 
4.83888e-09 -5.2205e-09 
2.4295e-09 -5.07914e-09 
9.7506e-09 -5.51925e-09 
1.63136e-09 -4.77786e-09 
1.18472e-09 -5.91492e-09 
2.81188e-09 -6.49988e-09 
3.25948e-09 -6.8315e-09 
4.67844e-09 -2.66738e-09 
2.27534e-09 -4.55122e-09 
2.73884e-09 -6.12492e-09 
3.2266e-09 -5.76188e-09 
3.13891e-09 -4.00786e-09 
3.45533e-09 -5.40084e-09 
4.37917e-09 -4.95495e-09 
2.2604e-09 -5.66793e-09 
