2.73782e-09 -4.89278e-09 
2.04822e-09 -4.45558e-09 
2.77393e-09 -5.54415e-09 
4.04429e-09 2.53595e-09 
2.01702e-09 -4.97129e-09 
1.28157e-09 -3.84319e-09 
1.3058e-09 -4.87593e-09 
8.79704e-09 -4.82588e-09 
-2.25847e-11 -5.05723e-09 
5.74671e-09 -4.87906e-09 
2.70129e-09 -4.62427e-09 
3.85941e-09 -5.32584e-09 
2.81467e-09 -1.19859e-08 
-1.15422e-08 -4.70171e-09 
1.54345e-09 -5.19312e-09 
2.6576e-09 -2.77612e-09 
5.56545e-09 -4.97138e-09 
2.8477e-09 -9.39095e-10 
1.2135e-08 -3.67394e-09 
1.69026e-09 -3.19026e-09 
3.01653e-09 -1.99093e-09 
-1.38157e-09 -5.21449e-09 
-3.43719e-09 -4.96976e-09 
2.70197e-09 -4.86574e-09 
2.49908e-09 -4.8594e-09 
2.8453e-10 -4.96431e-09 
2.74602e-09 -4.72003e-09 
2.10173e-09 -9.09235e-10 
2.06586e-09 -2.52598e-09 
-1.53737e-09 -4.76107e-09 
2.50975e-09 -1.43035e-09 
3.26817e-09 -4.89553e-09 
7.6329e-10 -9.90526e-09 
2.6153e-09 -3.45573e-09 
2.56075e-09 -8.50982e-09 
-5.17474e-08 -4.97048e-09 
1.63785e-09 -4.13667e-09 
3.11542e-09 -5.05655e-09 
3.20513e-09 -4.76499e-09 
2.90027e-09 -5.08798e-09 
2.81438e-09 -6.55635e-09 
2.82226e-09 -3.69672e-09 
4.19954e-09 -9.45339e-09 
2.44049e-09 -5.10246e-09 
2.72923e-09 -3.59619e-09 
-1.18318e-09 -5.51382e-09 
6.1426e-09 -5.00296e-09 
2.81836e-09 -5.07327e-09 
6.7658e-09 -5.00386e-09 
1.95501e-08 -4.91348e-09 
