2.73782e-09 -4.89278e-09 
4.10603e-09 -4.43332e-09 
2.77099e-09 -3.07139e-09 
2.59191e-09 -9.66175e-09 
2.0418e-09 -4.82883e-09 
2.78356e-09 -4.15743e-09 
3.64905e-09 -4.88698e-09 
1.07567e-08 -4.81292e-09 
-2.16186e-10 -2.32363e-09 
3.30755e-09 -4.88483e-09 
2.67233e-09 -5.40888e-09 
4.03448e-09 -5.50099e-09 
2.53761e-09 -1.14548e-08 
-8.04114e-09 -5.13917e-09 
8.16941e-10 -4.83461e-09 
2.56584e-09 -5.26882e-09 
5.01469e-09 -4.95452e-09 
1.3634e-09 1.25118e-09 
1.16006e-08 -3.95317e-09 
4.10432e-09 -2.94573e-09 
3.03216e-09 -5.04785e-09 
-1.35273e-09 -5.27772e-09 
-3.798e-09 -4.86028e-09 
1.00839e-08 -4.89129e-09 
5.73775e-10 -4.99582e-09 
2.59168e-10 -5.27231e-09 
2.73582e-09 -4.93131e-09 
5.63829e-09 -5.0401e-09 
3.34409e-09 -1.31116e-08 
-3.1785e-09 -4.86123e-09 
2.69517e-09 6.51406e-10 
3.10585e-09 -4.89412e-09 
4.47426e-09 -2.51392e-09 
2.22746e-09 -7.2667e-09 
2.76793e-09 -2.9582e-09 
1.40892e-08 -5.21898e-09 
4.03427e-09 -5.35987e-09 
8.2663e-09 -5.44187e-09 
4.4686e-09 -4.80401e-09 
8.63158e-09 -5.03816e-09 
2.73885e-09 -7.54053e-09 
3.05232e-09 -3.96756e-09 
5.77073e-09 -4.16837e-09 
1.78614e-09 -4.66901e-09 
2.73466e-09 -4.95511e-09 
4.5955e-11 -5.53578e-09 
7.4794e-09 -4.03152e-09 
2.89883e-09 -4.78806e-09 
6.43837e-09 -4.91569e-09 
2.60854e-08 -5.07155e-09 
