2.73782e-09 -4.89278e-09 
1.42574e-09 -4.8018e-09 
2.78653e-09 -7.739e-09 
1.94689e-09 6.55493e-10 
2.41913e-09 -4.54825e-09 
3.5703e-09 -5.22472e-09 
-1.01421e-09 -4.87404e-09 
5.77141e-09 -4.89578e-09 
1.70074e-10 -5.19209e-09 
5.43999e-09 -4.884e-09 
2.78385e-09 -4.80852e-09 
9.90288e-09 -5.75601e-09 
2.43017e-09 -2.79222e-09 
-8.32055e-09 -4.81235e-09 
3.0815e-09 -4.25106e-09 
3.53292e-09 -1.98113e-09 
8.31553e-09 -4.89111e-09 
3.87248e-09 -6.04147e-09 
5.28231e-09 -1.26035e-09 
3.89072e-09 -5.38746e-09 
2.8563e-09 -2.53979e-09 
5.00308e-10 -5.1536e-09 
1.58298e-09 -4.94902e-09 
3.87907e-09 -4.86271e-09 
2.29736e-09 -4.99581e-09 
-2.11493e-09 -4.73596e-09 
2.7413e-09 -4.7025e-09 
9.04606e-09 -1.67265e-08 
2.76789e-09 -3.13079e-09 
-3.08112e-10 -4.79636e-09 
3.63147e-09 -5.52126e-09 
3.06046e-09 -4.92435e-09 
5.91721e-09 -3.91433e-09 
2.62487e-09 -6.80162e-09 
2.6241e-09 -2.3788e-09 
-3.72036e-08 -5.04582e-09 
2.51608e-09 -4.7947e-09 
4.10121e-09 -4.47218e-09 
2.48297e-09 -4.89505e-09 
4.58631e-09 -4.18955e-09 
2.95533e-09 -6.03414e-09 
3.36428e-09 -5.63092e-09 
4.2616e-09 -2.03314e-08 
1.09257e-09 -4.2708e-09 
2.74786e-09 -1.46081e-09 
2.22744e-09 -5.98826e-09 
-1.73268e-09 -4.52317e-09 
2.84816e-09 -5.08116e-09 
8.44281e-09 -4.89796e-09 
1.18884e-08 -5.10806e-09 
