2.73782e-09 -4.89278e-09 
-8.25106e-10 -4.79755e-09 
2.82455e-09 -5.4613e-09 
8.35955e-10 -5.3799e-09 
2.5246e-09 -5.14232e-09 
3.76688e-09 -4.76385e-09 
-1.15658e-09 -4.86082e-09 
9.42888e-09 -4.94974e-09 
-3.65763e-10 -3.80813e-09 
4.59347e-09 -4.88488e-09 
2.7368e-09 -5.20742e-09 
3.45441e-09 -5.61139e-09 
2.44474e-09 -4.77375e-09 
-6.33151e-09 -4.8167e-09 
1.63977e-09 -4.87848e-09 
3.49627e-09 -6.55843e-09 
1.57494e-08 -5.01756e-09 
1.44389e-09 -4.56281e-09 
6.82206e-09 -6.46342e-09 
1.71105e-09 -4.58272e-09 
2.95221e-09 -3.91028e-09 
-4.11146e-09 -5.31821e-09 
-8.51818e-10 -4.91489e-09 
1.69713e-09 -4.9433e-09 
5.31417e-09 -4.9268e-09 
-1.56159e-09 -5.00978e-09 
2.74495e-09 -4.56815e-09 
2.43495e-09 -5.20633e-09 
2.10662e-09 -5.34788e-09 
4.92762e-10 -5.01408e-09 
2.48476e-09 -6.44781e-09 
3.04305e-09 -4.99261e-09 
-1.64005e-09 -6.98411e-09 
2.13396e-09 -1.31119e-08 
2.69759e-09 -3.88201e-09 
-2.19845e-08 -4.90655e-09 
2.92512e-09 -4.70844e-09 
7.04844e-09 -3.73568e-09 
2.36843e-09 -4.5496e-09 
3.36712e-09 -3.3571e-09 
2.84649e-09 -6.51016e-09 
2.77309e-09 -7.28769e-09 
4.35395e-09 -1.7872e-08 
1.467e-09 -4.84359e-09 
2.72367e-09 -2.67912e-09 
1.43277e-09 -5.06544e-09 
1.37227e-08 -3.56384e-09 
2.93687e-09 -4.69e-09 
6.43691e-09 -5.06644e-09 
1.79689e-08 -5.29577e-09 
