2.73782e-09 -4.89278e-09 
2.70718e-09 -4.28945e-09 
2.71847e-09 9.43283e-10 
2.58473e-09 -4.42806e-09 
2.55396e-09 -5.17038e-09 
3.54767e-09 -3.83299e-09 
3.69807e-09 -4.90748e-09 
2.17635e-09 -4.7574e-09 
-3.63184e-09 -2.03048e-09 
3.82641e-09 -4.90447e-09 
3.10473e-09 -4.95481e-09 
5.47292e-09 -4.74074e-09 
1.99434e-09 -1.5748e-08 
-1.69146e-08 -4.97071e-09 
3.47873e-10 -4.8783e-09 
2.04355e-09 -8.38696e-09 
-8.07226e-09 -4.79789e-09 
3.20539e-09 -3.11894e-09 
1.64022e-08 5.37226e-10 
6.66502e-09 -4.59191e-09 
2.50449e-09 -3.26961e-09 
-1.58872e-09 -4.6469e-09 
1.77e-09 -4.89453e-09 
4.46766e-09 -4.87437e-09 
5.17999e-10 -4.81273e-09 
9.56807e-09 -5.09191e-09 
2.74246e-09 -4.83949e-09 
9.07607e-10 2.08128e-09 
3.51594e-09 -8.65794e-09 
8.88524e-10 -4.7431e-09 
2.47264e-09 -3.74941e-09 
3.17334e-09 -5.0709e-09 
-3.0284e-10 -1.27005e-08 
2.19253e-09 1.29781e-08 
2.83854e-09 -4.19746e-09 
-1.43606e-08 -5.43487e-09 
4.17425e-09 -4.78057e-09 
9.70088e-09 -5.70038e-09 
1.7411e-09 -4.46451e-09 
5.19814e-09 -7.16122e-09 
2.71214e-09 -6.92462e-09 
3.59579e-09 -2.4658e-09 
5.52599e-09 4.06045e-09 
2.12252e-09 -4.61018e-09 
2.73372e-09 -5.58373e-09 
-1.55172e-09 -4.36046e-09 
1.295e-08 -3.66562e-09 
2.65356e-09 -5.50101e-09 
1.09575e-09 -4.84448e-09 
2.36309e-09 -5.18515e-09 
