1.72098e-07 1.05698e-07 
1.56538e-07 1.28211e-08 
-9.66446e-08 -8.09979e-10 
9.17008e-08 -2.1835e-07 
2.19249e-07 1.1878e-07 
1.21759e-07 4.8011e-08 
1.23455e-07 4.92532e-08 
1.49458e-07 8.46473e-08 
2.11411e-07 6.07091e-08 
1.73997e-07 9.16511e-08 
1.16847e-07 -2.70774e-08 
1.22574e-07 -4.26602e-08 
2.46724e-07 4.80195e-07 
1.11094e-07 8.4117e-08 
1.81048e-07 -6.71672e-09 
1.31896e-07 -7.61351e-08 
6.9277e-08 -2.02951e-08 
1.79095e-07 5.94215e-08 
5.92139e-08 2.35873e-08 
9.56887e-08 -3.00473e-07 
