2.73782e-09 -4.89278e-09 
1.53996e-09 -5.21688e-09 
2.78449e-09 -1.18015e-08 
2.49961e-09 -1.38562e-09 
2.55505e-09 -4.95628e-09 
3.94562e-09 -4.19254e-09 
2.24993e-09 -4.86946e-09 
3.15062e-09 -4.96605e-09 
-6.05647e-09 -6.34637e-09 
6.80637e-09 -4.88573e-09 
2.97772e-09 -5.2604e-09 
1.22356e-09 -5.69143e-09 
2.10058e-09 -1.02143e-08 
2.81989e-09 -4.92743e-09 
2.73082e-09 -5.1661e-09 
2.82641e-09 -6.44137e-09 
1.24552e-08 -5.16027e-09 
3.05112e-09 -3.30369e-09 
5.754e-09 -3.82729e-09 
2.65135e-09 -4.39553e-09 
3.14154e-09 -5.3099e-09 
2.65603e-09 -5.54222e-09 
8.218e-10 -5.02455e-09 
3.43535e-09 -4.87885e-09 
3.27193e-09 -4.83168e-09 
6.40949e-10 -4.93681e-09 
2.73869e-09 -4.77058e-09 
4.00324e-09 4.90407e-09 
1.88246e-09 -8.606e-09 
-2.75185e-10 -4.76112e-09 
3.34244e-09 -5.07838e-09 
2.92998e-09 -4.93587e-09 
-7.14061e-09 -9.30703e-09 
2.82274e-09 -1.17456e-08 
2.66641e-09 -1.20554e-09 
-2.21133e-08 -5.38537e-09 
2.62843e-09 -4.8298e-09 
9.46873e-10 -4.0255e-09 
4.13154e-09 -4.87702e-09 
2.96111e-09 -4.93548e-09 
2.86655e-09 -3.13385e-09 
2.79513e-09 -5.1104e-09 
7.05363e-09 -2.39894e-08 
2.52028e-09 -4.73084e-09 
2.72653e-09 -3.96491e-09 
2.65041e-09 -4.17704e-09 
1.72931e-10 -3.52073e-09 
2.7465e-09 -4.84072e-09 
9.73024e-09 -4.85178e-09 
9.00656e-09 -5.12561e-09 
