2.73782e-09 -4.89278e-09 
2.81621e-09 -5.40587e-09 
2.7196e-09 -2.66976e-09 
1.89943e-09 -3.37876e-09 
2.88766e-09 -5.14574e-09 
2.42814e-09 -4.09242e-09 
2.76484e-09 -4.88855e-09 
2.2981e-09 -4.94765e-09 
-8.88271e-09 -6.47296e-09 
5.40295e-09 -4.89975e-09 
2.83521e-09 -5.08955e-09 
4.16406e-09 -4.68857e-09 
1.9949e-09 -1.98378e-08 
-1.76081e-09 -4.95477e-09 
8.9506e-10 -5.19756e-09 
2.7595e-09 -8.06409e-09 
-8.21663e-09 -5.03853e-09 
3.25892e-09 -6.64158e-09 
1.08893e-08 -4.48355e-10 
3.82455e-09 -4.13067e-09 
3.05986e-09 -4.88971e-09 
7.18433e-09 -5.34624e-09 
6.68076e-11 -5.01884e-09 
5.50233e-09 -4.86714e-09 
3.55389e-09 -5.00971e-09 
5.25161e-09 -5.10749e-09 
2.74797e-09 -4.72881e-09 
2.67467e-09 -1.19133e-09 
2.57439e-09 -4.10876e-09 
1.29145e-09 -4.79796e-09 
3.02665e-09 -4.4137e-09 
3.17506e-09 -5.08246e-09 
6.57084e-09 -1.31357e-08 
1.80086e-09 -3.76116e-09 
2.74558e-09 -5.98288e-09 
-2.11941e-08 -5.56928e-09 
3.49997e-09 -4.75399e-09 
7.58881e-09 -4.65446e-09 
3.87745e-09 -4.65273e-09 
4.61278e-09 -6.11932e-09 
2.68548e-09 -3.75402e-09 
2.73783e-09 -4.67073e-09 
6.47353e-09 -1.45829e-08 
2.90192e-09 -4.9059e-09 
2.7258e-09 -4.67202e-09 
-7.28327e-11 -4.34017e-09 
1.1898e-09 -3.66602e-09 
2.56586e-09 -5.72305e-09 
7.03836e-09 -5.04255e-09 
6.21402e-09 -5.39658e-09 
