2.73782e-09 -4.89278e-09 
3.24455e-09 -4.73387e-09 
2.72946e-09 3.14401e-09 
2.02907e-09 -4.23185e-09 
2.95156e-09 -4.49509e-09 
1.53301e-09 -4.58631e-09 
1.89116e-09 -4.88491e-09 
3.8309e-09 -4.80561e-09 
5.37087e-09 -2.74727e-09 
2.78153e-09 -4.8845e-09 
2.71653e-09 -4.73355e-09 
5.08458e-09 -4.45851e-09 
2.15233e-09 -1.49801e-08 
-1.20276e-08 -4.9212e-09 
1.47702e-09 -4.13783e-09 
2.6509e-09 -5.0772e-09 
-8.71965e-09 -4.84786e-09 
2.85473e-09 -1.84794e-09 
4.66303e-09 -2.86568e-09 
4.38566e-09 -4.94395e-09 
2.79967e-09 -3.08596e-09 
-1.7598e-09 -5.23163e-09 
1.54378e-09 -4.82966e-09 
5.11356e-09 -4.84523e-09 
2.14894e-09 -5.01042e-09 
1.74321e-09 -5.05536e-09 
2.74488e-09 -4.84258e-09 
2.20713e-09 -7.02311e-09 
2.91669e-09 -8.40298e-09 
1.20612e-09 -4.87194e-09 
2.776e-09 -3.3169e-09 
3.15744e-09 -4.93502e-09 
-2.26566e-09 -3.52671e-09 
2.95834e-09 9.71454e-09 
2.73217e-09 -3.39809e-09 
1.71467e-09 -4.66148e-09 
4.40452e-09 -4.762e-09 
7.07904e-09 -7.00301e-09 
3.64584e-09 -4.74348e-09 
8.00024e-09 -5.88336e-09 
2.7802e-09 -9.45234e-09 
2.83696e-09 -6.04e-09 
1.46692e-09 2.96359e-09 
1.83328e-09 -4.38563e-09 
2.74513e-09 -5.06146e-09 
8.36954e-10 -5.73996e-09 
1.09202e-08 -4.67094e-09 
2.62577e-09 -4.91843e-09 
-1.34308e-09 -5.10471e-09 
2.04184e-09 -5.47637e-09 
