2.73782e-09 -4.89278e-09 
2.69049e-09 -3.52329e-09 
2.82229e-09 -1.65915e-09 
7.86931e-10 7.92376e-10 
2.06887e-09 -4.16258e-09 
2.7565e-09 -4.49224e-09 
1.79189e-09 -4.8693e-09 
5.02155e-09 -4.74691e-09 
6.05918e-09 -1.43058e-09 
5.59387e-09 -4.87394e-09 
2.90306e-09 -5.0094e-09 
4.09022e-09 -4.61129e-09 
2.09938e-09 4.12016e-09 
-1.13294e-08 -4.92238e-09 
3.50277e-09 -4.39416e-09 
2.65694e-09 -4.50085e-09 
2.07287e-08 -4.98209e-09 
1.89663e-09 -4.83285e-10 
5.03667e-09 -7.03568e-09 
3.88331e-09 -4.91961e-09 
2.66581e-09 -2.87922e-09 
-6.39553e-09 -4.70724e-09 
-3.71516e-10 -4.95749e-09 
3.92045e-09 -4.86237e-09 
1.05121e-09 -4.97833e-09 
-1.78802e-09 -5.00424e-09 
2.73675e-09 -4.86142e-09 
4.24246e-09 -6.17109e-09 
2.63243e-09 -1.23405e-08 
-1.66167e-09 -4.81321e-09 
3.17231e-09 -4.12358e-09 
3.10477e-09 -4.95046e-09 
-1.06531e-08 -2.58892e-09 
2.84458e-09 6.5335e-09 
2.68591e-09 -2.21671e-09 
-9.84165e-09 -4.42224e-09 
2.79145e-09 -4.78908e-09 
5.36655e-09 -5.64012e-09 
5.72808e-09 -4.82014e-09 
2.12496e-09 -5.43729e-09 
2.9558e-09 -1.0413e-08 
3.09644e-09 -6.46084e-09 
4.58067e-09 -5.58163e-09 
1.84534e-09 -4.04504e-09 
2.75014e-09 -4.26166e-09 
4.17039e-09 -6.37943e-09 
5.63034e-09 -5.31095e-09 
3.47844e-09 -4.39378e-09 
-5.95435e-11 -5.05919e-09 
2.34085e-09 -5.35989e-09 
