4.06735e-08 1.82348e-07 
1.24024e-07 6.16769e-08 
2.87795e-07 -9.44219e-08 
1.4259e-07 1.41967e-06 
1.30425e-07 3.71452e-08 
3.28366e-08 9.80631e-08 
6.86918e-08 1.32771e-07 
1.08814e-07 1.35999e-07 
5.65725e-08 6.84e-08 
3.06948e-08 7.86153e-08 
7.72501e-08 9.33241e-08 
1.58986e-07 -9.53254e-08 
2.52879e-07 5.14566e-07 
5.51593e-08 1.63227e-07 
5.96077e-08 -9.31796e-08 
4.27091e-08 -2.06677e-07 
4.8471e-08 3.23037e-08 
1.48158e-07 1.12542e-07 
7.52797e-08 4.32946e-08 
8.31649e-08 -7.00865e-07 
