-0.238616 0.85261 
-0.219726 0.282751 
-0.352928 -3.38819 
-0.239192 0.223072 
-0.319968 0.184986 
-0.258486 0.269096 
-0.31453 0.207291 
-0.245463 0.367374 
0.0142326 0.183019 
-0.269966 0.220261 
-0.202009 0.353605 
-0.279956 0.272911 
-0.291406 0.339067 
-0.0862914 0.17286 
-0.267408 0.336564 
-0.309764 0.401121 
-0.0676399 -1.17035 
-0.183346 0.233568 
-0.140451 0.285136 
-0.262297 0.304194 
-0.473936 0.164551 
-0.227552 0.405781 
-0.0902078 0.220725 
-0.222589 0.17696 
-0.316195 0.19959 
-0.323039 0.24252 
-0.180648 -0.0180092 
-0.256679 0.242636 
-0.347978 0.300824 
-0.339349 0.132411 
-0.029611 0.218605 
-0.280247 0.296823 
-0.168885 0.266326 
-0.223698 0.0409675 
-0.287426 0.231944 
-0.31593 -0.520646 
-0.229923 0.262447 
-0.345705 0.245286 
-0.174781 0.146139 
-0.183378 0.0124709 
-0.171982 0.276417 
-0.946277 0.379374 
-0.270241 0.237895 
-0.219492 0.376314 
-0.277621 0.150486 
-0.497433 0.147873 
-0.394006 3.07147 
-0.481708 0.23902 
-0.332382 0.354001 
-0.397962 0.236443 
