2.73782e-09 -4.89278e-09 
2.1344e-09 -5.43534e-09 
2.7332e-09 -9.94093e-09 
2.46127e-09 -3.81945e-09 
2.11635e-09 -5.312e-09 
4.18457e-09 -4.99183e-09 
2.34473e-09 -4.88263e-09 
3.00544e-09 -4.98899e-09 
-6.10118e-09 -5.39214e-09 
3.48065e-09 -4.88927e-09 
2.92886e-09 -5.26046e-09 
2.50463e-09 -5.75501e-09 
3.05363e-09 -2.47008e-08 
9.85956e-10 -4.99767e-09 
-4.3454e-10 -5.16978e-09 
2.66365e-09 -7.3076e-09 
2.01671e-10 -4.97486e-09 
2.3046e-09 -5.77724e-09 
6.25921e-09 3.69389e-10 
2.4831e-09 -4.362e-09 
3.06844e-09 -4.79572e-09 
-4.47261e-10 -5.31977e-09 
7.20889e-10 -4.81185e-09 
3.83126e-09 -4.82968e-09 
3.2221e-09 -4.97751e-09 
-1.11685e-11 -4.92107e-09 
2.74648e-09 -4.66064e-09 
2.52305e-09 4.18011e-09 
1.55886e-09 -7.14425e-09 
2.01069e-09 -4.88121e-09 
2.81394e-09 -4.51714e-09 
3.27696e-09 -4.95801e-09 
5.31821e-09 -9.38354e-09 
2.65083e-09 -9.69186e-11 
2.7376e-09 -4.36202e-09 
4.73513e-09 -4.97529e-09 
4.04514e-09 -4.7131e-09 
8.49477e-09 -5.55602e-09 
3.69071e-09 -4.74379e-09 
7.65393e-09 -4.08125e-09 
2.67776e-09 -6.26226e-09 
3.67172e-09 -6.26613e-09 
4.30035e-09 -7.22025e-09 
3.38365e-09 -5.2056e-09 
2.72018e-09 -4.57395e-09 
-1.1687e-09 -4.49692e-09 
3.25793e-09 -4.12948e-09 
2.76735e-09 -5.68619e-09 
1.25884e-08 -4.87013e-09 
5.53737e-09 -5.40123e-09 
