2.73782e-09 -4.89278e-09 
1.94571e-09 -4.73745e-09 
2.75689e-09 -1.86381e-09 
2.05468e-09 -3.93454e-09 
2.08084e-09 -6.03741e-09 
2.59909e-09 -4.5553e-09 
1.69832e-09 -4.85254e-09 
3.40153e-09 -4.68598e-09 
-6.29297e-09 -2.32254e-09 
5.12782e-09 -4.88266e-09 
2.63454e-09 -4.99948e-09 
8.11835e-09 -4.88312e-09 
2.20413e-09 4.60059e-09 
-1.96069e-09 -4.92834e-09 
5.38663e-10 -4.88973e-09 
2.76634e-09 -6.37924e-09 
8.05635e-09 -4.92772e-09 
1.8456e-09 -3.23438e-09 
7.59919e-09 -3.7735e-09 
2.63179e-09 -4.81081e-09 
3.02346e-09 -2.79722e-09 
-1.68544e-09 -5.47442e-09 
1.92891e-09 -4.85308e-09 
3.77906e-09 -4.88681e-09 
2.31764e-09 -4.8835e-09 
3.27392e-09 -4.69194e-09 
2.7406e-09 -4.62148e-09 
4.82031e-09 1.6393e-09 
2.77428e-09 -4.18377e-09 
-1.96494e-09 -4.88241e-09 
2.74979e-09 -3.33863e-09 
3.21204e-09 -4.96242e-09 
-6.57855e-09 -2.31391e-09 
2.38065e-09 -2.14851e-09 
2.71679e-09 -2.73559e-09 
4.34922e-09 -4.81552e-09 
3.55111e-09 -4.73106e-09 
4.37546e-10 -5.26719e-09 
3.03967e-09 -4.62333e-09 
2.44992e-10 -8.83551e-09 
2.98271e-09 -9.58512e-09 
3.13358e-09 -5.35946e-09 
5.75062e-09 -1.29643e-08 
1.26124e-09 -5.03215e-09 
2.72977e-09 -6.45703e-09 
-7.4195e-10 -6.55355e-09 
6.0683e-09 -5.00257e-09 
2.93374e-09 -5.45302e-09 
9.38713e-09 -4.92306e-09 
9.57954e-09 -5.50926e-09 
