2.73782e-09 -4.89278e-09 
1.28954e-09 -4.98849e-09 
2.78931e-09 -7.57747e-09 
4.26705e-10 -6.89597e-09 
1.95936e-09 -5.96671e-09 
3.2313e-09 -5.28206e-09 
1.14026e-09 -4.85185e-09 
2.05705e-09 -4.75154e-09 
-1.84432e-09 -2.66741e-09 
4.52545e-09 -4.87931e-09 
3.01261e-09 -5.03307e-09 
-6.69794e-10 -5.54892e-09 
2.5378e-09 -1.20488e-08 
2.47584e-09 -4.88208e-09 
3.14413e-09 -4.99525e-09 
2.41303e-09 -7.24815e-09 
1.30877e-08 -5.03039e-09 
1.40295e-09 -5.77784e-09 
7.32576e-10 -1.62484e-09 
2.6904e-09 -6.03169e-09 
2.84685e-09 -3.45356e-09 
3.51753e-09 -5.83839e-09 
1.13061e-09 -5.02187e-09 
4.48216e-09 -4.82913e-09 
1.385e-09 -4.85843e-09 
-7.65528e-10 -4.90598e-09 
2.73896e-09 -4.77343e-09 
5.87661e-09 1.35618e-09 
2.71006e-09 -1.2879e-08 
-6.63324e-09 -4.87638e-09 
2.79685e-09 -2.97877e-09 
2.72879e-09 -5.0345e-09 
1.00447e-08 -1.25574e-08 
1.94517e-09 -9.18547e-09 
2.71077e-09 -2.1967e-09 
-4.09377e-08 -5.0566e-09 
3.02152e-09 -4.81791e-09 
1.28222e-09 -5.68999e-09 
3.72036e-09 -4.58801e-09 
2.4417e-10 -6.01999e-09 
2.61813e-09 -2.0253e-09 
3.38419e-09 -4.8576e-09 
5.14923e-09 1.39789e-09 
3.44486e-09 -4.8467e-09 
2.7379e-09 -9.49421e-10 
4.97864e-09 -6.49011e-09 
6.81844e-09 -5.31449e-09 
2.97358e-09 -5.37411e-09 
8.90954e-09 -5.0153e-09 
9.56462e-09 -5.48407e-09 
