2.73782e-09 -4.89278e-09 
2.64375e-09 -4.98308e-09 
2.78275e-09 -9.7552e-09 
1.10686e-09 -7.23436e-09 
2.88224e-09 -4.99443e-09 
3.99545e-09 -3.99064e-09 
1.29258e-09 -4.91729e-09 
1.25115e-09 -4.88859e-09 
2.63736e-09 -3.02576e-09 
3.32372e-09 -4.89114e-09 
3.1025e-09 -5.05459e-09 
-3.5288e-09 -4.95802e-09 
3.01358e-09 -1.99718e-08 
4.28639e-10 -4.89072e-09 
4.78378e-10 -4.4249e-09 
2.25967e-09 -6.74241e-09 
1.40342e-08 -5.0219e-09 
1.53085e-09 -6.79996e-09 
6.85709e-09 -2.43668e-09 
4.25364e-09 -5.16263e-09 
3.08509e-09 -3.82054e-09 
6.38864e-09 -5.35806e-09 
-1.20308e-09 -5.01141e-09 
5.72983e-09 -4.82661e-09 
1.32983e-09 -4.87582e-09 
-1.70383e-09 -5.4478e-09 
2.74237e-09 -5.01993e-09 
3.58423e-09 -3.95849e-09 
2.34516e-09 -1.6956e-08 
-7.12167e-09 -4.71007e-09 
3.16679e-09 -3.94145e-09 
2.45044e-09 -5.10909e-09 
4.13754e-09 -1.3201e-08 
1.92336e-09 7.90543e-09 
2.70396e-09 -4.40442e-09 
-2.31948e-08 -5.39795e-09 
3.26526e-09 -4.7987e-09 
8.44135e-09 -5.56627e-09 
5.95311e-09 -4.76943e-09 
6.29342e-09 -2.43866e-09 
2.5367e-09 -3.73649e-09 
2.8719e-09 -6.27409e-09 
2.23373e-09 9.49247e-09 
3.91547e-09 -4.52409e-09 
2.73488e-09 -1.56034e-09 
7.44951e-09 -5.53315e-09 
3.40261e-09 -4.07621e-09 
2.7304e-09 -5.03939e-09 
1.9612e-09 -5.06526e-09 
6.06354e-09 -5.24059e-09 
