-0.24425 1.23949 
-0.224587 0.256623 
-0.211968 -2.97937 
-0.224955 0.224541 
-0.375607 0.26269 
-0.259684 0.279491 
-0.325529 -0.00288285 
-0.243462 0.0897185 
-0.31944 0.209261 
-0.223777 0.21474 
-0.161872 0.557229 
-0.243519 0.52138 
-0.227674 0.293539 
-0.207547 0.0900819 
-0.180191 0.215761 
-0.260694 -0.150336 
-0.182056 0.536084 
-0.21315 0.146798 
-0.404337 0.0609271 
-0.219203 0.261331 
-0.11664 0.0688438 
-0.233389 0.0883608 
-0.141087 0.312058 
-0.21788 0.14159 
-0.370109 0.271971 
-0.313667 0.300444 
-0.199509 0.532672 
-0.25025 0.242479 
-0.43532 0.190133 
-0.249481 0.462279 
-0.224575 0.293417 
-0.268335 0.291792 
-0.404707 0.275075 
-0.283573 0.152809 
-0.232748 0.201789 
-0.102873 -0.611275 
-0.266152 0.275322 
-0.36303 0.0917262 
-0.259952 0.195256 
-0.431837 -0.009344 
-0.242737 0.351973 
-0.312051 0.233668 
-0.208197 0.242966 
-0.267054 0.371395 
-0.298527 0.195517 
-0.456342 0.168465 
-0.201204 3.33099 
-0.336922 0.243535 
-0.26501 0.285182 
-0.565711 0.245636 
