2.73782e-09 -4.89278e-09 
3.18365e-09 -3.41501e-09 
2.74474e-09 -9.53688e-09 
1.29251e-09 3.47568e-09 
3.45195e-09 -3.68799e-09 
3.13375e-09 -3.57521e-09 
2.67071e-09 -4.9371e-09 
3.52696e-09 -4.87254e-09 
2.37762e-09 -2.76696e-09 
5.03669e-09 -4.88595e-09 
2.50372e-09 -5.19579e-09 
9.87299e-09 -5.01473e-09 
2.46337e-09 -1.3632e-08 
-5.30668e-10 -5.03307e-09 
-8.05446e-10 -4.17723e-09 
2.38097e-09 -4.19689e-09 
3.92068e-09 -4.88642e-09 
2.21038e-09 -7.08075e-10 
1.28285e-08 -4.94042e-09 
4.22117e-09 -2.43071e-09 
2.93306e-09 -4.46024e-09 
1.3707e-09 -4.71868e-09 
-2.05278e-09 -4.87848e-09 
4.56797e-09 -4.86932e-09 
1.74907e-09 -4.91643e-09 
1.79604e-09 -4.83044e-09 
2.74243e-09 -4.91823e-09 
2.53339e-09 -7.54477e-09 
2.02472e-09 -5.88165e-10 
8.46957e-09 -4.81371e-09 
2.98032e-09 -2.6348e-09 
2.9565e-09 -4.88398e-09 
-5.71415e-09 4.53941e-10 
2.45907e-09 4.83105e-09 
2.67793e-09 -2.14339e-09 
2.81114e-08 -5.18823e-09 
3.42273e-09 -4.80657e-09 
5.38519e-09 -4.77545e-09 
4.00797e-09 -4.89378e-09 
1.04096e-08 -6.44971e-09 
2.96281e-09 -7.76006e-09 
2.43607e-09 -7.45953e-09 
2.97123e-09 -1.78399e-08 
2.49768e-09 -4.4635e-09 
2.72996e-09 -4.21363e-09 
2.62338e-09 -4.6908e-09 
2.70137e-09 -3.82296e-09 
2.85087e-09 -5.24862e-09 
4.10819e-09 -4.82723e-09 
5.5926e-09 -5.26048e-09 
