2.73782e-09 -4.89278e-09 
1.25613e-09 -4.0539e-09 
2.73459e-09 -9.50226e-09 
3.42185e-09 7.96439e-09 
3.33819e-09 -4.32011e-09 
2.67675e-09 -4.06059e-09 
2.78044e-09 -4.83211e-09 
5.0532e-09 -4.81627e-09 
-6.60112e-10 -6.69638e-09 
3.20452e-09 -4.8812e-09 
2.66432e-09 -5.07582e-09 
7.45134e-09 -5.24e-09 
2.27533e-09 2.23739e-09 
-4.65414e-09 -5.03787e-09 
-5.58914e-10 -5.17105e-09 
2.53932e-09 -4.25775e-09 
-6.81539e-10 -4.88765e-09 
2.45934e-09 -4.6125e-09 
1.13286e-08 -2.86368e-09 
3.00641e-09 -4.29426e-09 
2.88796e-09 -3.86471e-09 
8.88398e-09 -3.25771e-09 
-1.23143e-09 -4.76079e-09 
5.30475e-09 -4.79512e-09 
4.00331e-09 -4.9641e-09 
3.24234e-09 -5.26923e-09 
2.74171e-09 -4.69183e-09 
4.01374e-09 -7.63761e-09 
2.66302e-09 -8.46652e-09 
6.11558e-09 -4.74481e-09 
3.0932e-09 -2.11204e-09 
3.29535e-09 -4.88252e-09 
-1.07325e-08 -6.79661e-09 
2.76141e-09 -6.75112e-09 
2.68956e-09 -2.52813e-09 
2.68829e-08 -5.25657e-09 
2.61067e-09 -4.84853e-09 
3.60806e-09 -5.09067e-09 
4.92799e-09 -4.77267e-09 
2.15431e-09 -5.37254e-09 
3.1701e-09 -7.57914e-09 
2.32181e-09 -5.59552e-09 
3.61365e-09 -3.08612e-08 
2.78671e-09 -4.67774e-09 
2.73861e-09 -6.15551e-09 
-3.20066e-10 -5.60884e-09 
1.0025e-08 -4.67676e-09 
2.87603e-09 -5.20178e-09 
1.9314e-09 -4.97253e-09 
1.32802e-08 -5.62314e-09 
