2.73782e-09 -4.89278e-09 
3.59187e-09 -4.34657e-09 
2.76705e-09 4.94205e-09 
2.24555e-09 -8.81917e-09 
1.94221e-09 -5.33571e-09 
3.83723e-09 -5.05987e-09 
1.5085e-09 -4.92495e-09 
2.36873e-09 -4.8941e-09 
9.8567e-10 -5.2656e-10 
3.57344e-09 -4.89714e-09 
3.03021e-09 -5.21681e-09 
-2.1851e-09 -4.95868e-09 
2.02472e-09 -2.05641e-08 
-1.26605e-08 -4.74618e-09 
1.41184e-09 -4.32064e-09 
2.72225e-09 -9.14229e-09 
8.16023e-09 -4.96508e-09 
2.00574e-09 -2.95991e-09 
-3.83258e-10 -4.62628e-09 
3.43249e-09 -3.05499e-09 
3.00004e-09 -4.33678e-09 
-1.15112e-08 -6.02597e-09 
1.90284e-09 -5.12225e-09 
4.72911e-09 -4.87377e-09 
-1.37718e-09 -4.94032e-09 
-1.18315e-09 -4.49442e-09 
2.74274e-09 -4.81695e-09 
2.86094e-09 1.07032e-09 
2.40528e-09 -8.06972e-09 
-6.60173e-10 -4.80506e-09 
2.70698e-09 -4.71842e-09 
3.29223e-09 -5.06961e-09 
7.46382e-09 -8.28528e-09 
2.37042e-09 -1.48006e-09 
2.70577e-09 -1.14383e-09 
-2.29186e-08 -5.02955e-09 
3.47604e-09 -4.75259e-09 
4.422e-09 -6.17008e-09 
2.49115e-09 -4.83761e-09 
9.18736e-09 -4.90486e-09 
2.656e-09 -5.24303e-09 
3.34901e-09 -4.25916e-09 
2.9993e-09 1.27297e-08 
1.30743e-09 -4.38742e-09 
2.72709e-09 -2.8167e-09 
1.32822e-09 -5.20032e-09 
1.13724e-09 -3.78554e-09 
3.08231e-09 -4.79016e-09 
1.09707e-08 -4.8974e-09 
2.3132e-09 -4.38001e-09 
