8.66655e-08 -7.04616e-09 
9.56022e-08 3.55957e-08 
-8.50393e-08 8.32634e-08 
1.51129e-07 6.88247e-07 
1.24942e-07 4.8367e-09 
7.06665e-08 -5.24277e-09 
3.83517e-08 1.69171e-07 
9.8555e-08 1.01117e-07 
2.22278e-08 1.03556e-07 
9.98328e-08 1.04663e-07 
1.14262e-07 2.63153e-07 
8.66492e-08 1.21481e-08 
2.52757e-07 3.79478e-07 
7.16414e-08 2.72413e-08 
5.16511e-08 -4.20582e-08 
7.17937e-08 5.71823e-08 
4.07142e-08 8.10873e-08 
7.54483e-08 2.674e-08 
5.95206e-08 -3.80869e-09 
7.47638e-08 -4.87381e-07 
