2.73782e-09 -4.89278e-09 
1.98711e-09 -3.96089e-09 
2.80079e-09 -4.62455e-09 
3.53807e-10 5.13806e-11 
1.61906e-09 -4.89001e-09 
3.49949e-09 -4.62424e-09 
1.94869e-09 -4.90467e-09 
3.36036e-09 -4.71381e-09 
2.88663e-09 -1.68714e-09 
3.45802e-09 -4.87166e-09 
2.77099e-09 -4.91569e-09 
6.80391e-09 -4.91349e-09 
1.98846e-09 -1.04876e-08 
-1.57322e-08 -4.95439e-09 
2.22303e-09 -4.79612e-09 
2.66781e-09 -6.64913e-09 
4.52697e-09 -5.01797e-09 
1.69547e-09 -4.60721e-09 
9.1178e-09 -2.25205e-09 
2.98626e-09 -2.35569e-09 
3.00028e-09 -4.4828e-09 
-9.70698e-09 -4.73204e-09 
-7.12605e-10 -5.14162e-09 
5.69387e-09 -4.91265e-09 
-2.80195e-09 -4.91847e-09 
1.48316e-09 -5.27427e-09 
2.73935e-09 -4.68403e-09 
2.02401e-09 -7.61133e-09 
1.56808e-09 -4.89067e-09 
1.22884e-09 -4.89208e-09 
3.06659e-09 -5.94554e-09 
2.91521e-09 -4.98375e-09 
-5.48229e-09 -1.13208e-08 
2.72116e-09 -2.28085e-09 
2.65666e-09 -6.95052e-10 
-2.37489e-08 -5.38903e-09 
3.4647e-09 -4.83373e-09 
4.44679e-09 -5.56313e-09 
2.94141e-09 -4.65178e-09 
1.89994e-09 -4.37556e-09 
2.82464e-09 -4.71249e-09 
3.33604e-09 -8.34917e-09 
3.15437e-09 1.37901e-08 
2.83249e-09 -4.67086e-09 
2.73405e-09 -3.08524e-09 
3.37405e-09 -5.35198e-09 
2.34891e-10 -3.75688e-09 
3.17693e-09 -5.03428e-09 
9.38411e-09 -4.90452e-09 
7.7339e-09 -5.48499e-09 
