2.73782e-09 -4.89278e-09 
2.62623e-09 -4.61793e-09 
2.73662e-09 -4.27521e-09 
2.36918e-09 -5.02453e-10 
2.79674e-09 -4.8237e-09 
2.87067e-09 -4.1125e-09 
1.93952e-09 -4.86253e-09 
4.61618e-09 -4.80404e-09 
-2.53744e-09 -3.60493e-09 
3.54231e-09 -4.88623e-09 
2.75731e-09 -5.25221e-09 
9.75554e-09 -5.01134e-09 
2.31134e-09 4.37203e-09 
-5.31159e-09 -4.86813e-09 
3.21282e-10 -4.39337e-09 
2.52662e-09 -6.59204e-09 
2.43024e-09 -4.83319e-09 
2.21657e-09 -3.30729e-09 
1.06063e-08 -4.90057e-09 
3.54045e-09 -5.29908e-09 
2.66307e-09 -4.0181e-09 
8.39881e-09 -4.99972e-09 
3.27018e-09 -4.85667e-09 
5.06019e-09 -4.84356e-09 
1.03096e-08 -4.99809e-09 
1.41054e-09 -5.15665e-09 
2.748e-09 -4.7915e-09 
5.49403e-09 3.20818e-09 
3.15251e-09 -1.10713e-08 
1.83511e-09 -4.67518e-09 
2.93635e-09 -6.02452e-10 
2.96669e-09 -4.94943e-09 
-5.84699e-10 -3.25201e-09 
2.59608e-09 5.38217e-09 
2.73086e-09 -4.69352e-09 
-1.80714e-08 -4.48216e-09 
2.70441e-09 -4.77574e-09 
3.21722e-09 -5.34857e-09 
3.64045e-09 -4.81422e-09 
7.25074e-09 -5.98671e-09 
2.91111e-09 -6.35291e-09 
2.63808e-09 -5.53108e-09 
3.61071e-09 -1.824e-08 
2.03643e-09 -4.82441e-09 
2.73034e-09 -4.05124e-09 
1.13991e-09 -5.12638e-09 
9.46592e-09 -4.86428e-09 
2.59244e-09 -5.32521e-09 
-1.59841e-09 -4.95032e-09 
5.51246e-09 -4.38782e-09 
