2.73782e-09 -4.89278e-09 
2.11301e-09 -4.21206e-09 
2.75404e-09 8.61827e-10 
3.09897e-09 -4.49928e-09 
2.72142e-09 -5.09547e-09 
3.43339e-09 -4.87845e-09 
1.3643e-09 -4.89909e-09 
2.24674e-09 -4.92663e-09 
-1.0351e-09 -2.89887e-09 
6.23758e-09 -4.90928e-09 
2.78409e-09 -5.36867e-09 
-2.39888e-09 -5.18007e-09 
2.35923e-09 -1.8132e-08 
-1.79514e-08 -4.8243e-09 
-4.51862e-10 -4.52197e-09 
2.84408e-09 -7.17863e-09 
1.29906e-08 -5.06649e-09 
2.9122e-09 -6.47445e-10 
1.55347e-09 -4.06624e-09 
2.85899e-09 -4.57487e-09 
3.45219e-09 -5.70684e-09 
-9.93612e-09 -5.56316e-09 
3.23099e-09 -5.10226e-09 
2.58317e-09 -4.81176e-09 
5.41481e-09 -4.86555e-09 
1.20954e-09 -4.82621e-09 
2.73675e-09 -4.90091e-09 
5.31091e-09 3.71501e-10 
4.012e-09 -1.0741e-08 
-2.19833e-09 -4.86411e-09 
2.8267e-09 -3.43532e-09 
2.98726e-09 -4.93598e-09 
2.20578e-09 -1.71328e-09 
2.57212e-09 7.25149e-09 
2.68588e-09 -7.46928e-11 
-2.15118e-08 -5.0434e-09 
3.31379e-09 -4.94035e-09 
4.23467e-09 -6.27074e-09 
3.19484e-09 -4.70528e-09 
9.58384e-09 -4.78057e-09 
2.85488e-09 -5.93236e-09 
2.9664e-09 -4.74499e-09 
2.85866e-09 3.26093e-09 
2.82485e-09 -4.62355e-09 
2.73236e-09 -2.58035e-09 
-8.93552e-10 -5.5925e-09 
7.82513e-09 -4.51229e-09 
2.46473e-09 -5.17185e-09 
-2.20061e-10 -4.96392e-09 
7.79955e-09 -4.15217e-09 
