2.73782e-09 -4.89278e-09 
2.09172e-09 -4.28416e-09 
2.77028e-09 -3.79426e-09 
9.84879e-10 -6.82986e-09 
2.3382e-09 -5.00602e-09 
4.03832e-09 -5.38226e-09 
2.89028e-09 -4.91371e-09 
3.76122e-09 -4.85069e-09 
1.57753e-09 -4.78373e-09 
7.7469e-09 -4.90963e-09 
2.85905e-09 -4.7634e-09 
-2.10706e-09 -5.10408e-09 
2.42391e-09 -2.28583e-08 
-1.3024e-08 -5.00508e-09 
6.11948e-10 -4.3963e-09 
2.84027e-09 -6.91116e-09 
9.43092e-09 -5.14742e-09 
2.39298e-09 -1.21385e-09 
-2.17624e-09 -3.02562e-09 
2.54331e-09 -3.17632e-09 
3.53873e-09 -5.86624e-09 
-1.00259e-08 -5.70294e-09 
1.38294e-09 -5.25541e-09 
2.63716e-09 -4.82363e-09 
-1.59645e-09 -4.95534e-09 
-6.10429e-10 -4.89835e-09 
2.73164e-09 -4.75869e-09 
1.81964e-09 -1.77758e-09 
2.53294e-09 -1.6425e-09 
9.20182e-10 -4.83737e-09 
2.77786e-09 -4.51507e-09 
2.93525e-09 -5.02651e-09 
4.25255e-09 -4.56331e-09 
2.18625e-09 -3.64905e-09 
2.67375e-09 1.13009e-09 
-2.05731e-08 -5.7333e-09 
3.51948e-09 -4.63383e-09 
6.07639e-09 -5.28227e-09 
2.62532e-09 -4.60258e-09 
-5.33255e-10 -4.6722e-09 
2.76075e-09 -6.46618e-09 
3.61502e-09 -4.62265e-09 
3.91653e-09 1.18547e-08 
2.92256e-09 -4.56335e-09 
2.73331e-09 -4.84382e-09 
2.01558e-09 -5.37026e-09 
3.95317e-10 -4.51167e-09 
2.6727e-09 -5.00118e-09 
1.1475e-08 -4.9339e-09 
1.0345e-08 -6.75559e-09 
