2.73782e-09 -4.89278e-09 
2.2013e-09 -4.16146e-09 
2.76055e-09 -3.36851e-09 
1.56747e-09 6.03412e-09 
2.20981e-09 -4.54356e-09 
2.15618e-09 -4.11482e-09 
1.8463e-09 -4.86883e-09 
4.5422e-09 -4.70311e-09 
-3.57783e-09 -4.22925e-09 
6.83639e-10 -4.86865e-09 
3.01337e-09 -5.20796e-09 
8.63239e-09 -5.24431e-09 
2.71949e-09 -1.3158e-09 
1.67649e-09 -4.74336e-09 
4.03137e-09 -5.16183e-09 
2.16768e-09 -5.46621e-09 
1.78501e-09 -4.74322e-09 
1.77372e-09 -9.02071e-09 
1.34596e-08 -3.53897e-09 
2.98889e-09 -5.3242e-09 
1.98035e-09 -2.11072e-10 
8.14275e-09 -5.19299e-09 
-1.14026e-09 -4.77558e-09 
5.53064e-09 -4.88035e-09 
5.60258e-09 -4.87517e-09 
1.34712e-09 -5.12398e-09 
2.74594e-09 -4.84542e-09 
6.15074e-09 2.91409e-10 
1.70704e-09 -1.37541e-08 
-1.15833e-09 -4.72154e-09 
2.85747e-09 -3.30899e-09 
2.75716e-09 -4.9986e-09 
3.66248e-10 -1.02477e-08 
2.85916e-09 -3.96336e-09 
2.67164e-09 -2.41031e-09 
-4.77384e-09 -4.96344e-09 
3.31396e-09 -4.74043e-09 
3.90862e-09 -5.98386e-09 
6.30339e-09 -4.93844e-09 
1.32952e-08 -7.13155e-09 
2.75686e-09 -5.38068e-09 
3.14008e-09 -5.80946e-09 
5.67466e-09 -2.33843e-08 
1.73826e-09 -4.09657e-09 
2.73429e-09 -1.37437e-09 
1.24665e-09 -5.42102e-09 
9.56746e-09 -3.76425e-09 
3.46216e-09 -5.40024e-09 
1.20755e-08 -4.94794e-09 
2.82283e-10 -5.88164e-09 
