2.73782e-09 -4.89278e-09 
2.31066e-09 -4.16184e-09 
2.77845e-09 -1.64464e-09 
3.63461e-09 -6.25834e-09 
2.46787e-09 -4.73387e-09 
4.0565e-09 -4.80839e-09 
2.59851e-09 -4.88844e-09 
3.33299e-09 -4.88573e-09 
2.77658e-09 -2.55121e-09 
9.35649e-09 -4.8916e-09 
2.59082e-09 -5.28055e-09 
1.22217e-09 -4.84187e-09 
1.36104e-09 5.67843e-09 
-2.99702e-09 -5.09342e-09 
-1.56369e-10 -3.81991e-09 
2.88691e-09 -6.37096e-09 
1.25565e-08 -5.08419e-09 
2.83215e-09 3.41062e-09 
-1.5064e-09 -7.8644e-10 
4.0235e-09 -4.48923e-09 
3.1641e-09 -6.47797e-09 
-1.44343e-08 -5.50487e-09 
5.16485e-09 -5.12866e-09 
3.27601e-09 -4.82258e-09 
-3.23946e-10 -5.08275e-09 
1.20649e-09 -4.88529e-09 
2.74138e-09 -4.72168e-09 
2.27832e-09 -5.62224e-09 
3.15261e-09 -1.04061e-08 
3.15605e-09 -4.7553e-09 
3.24816e-09 -3.89962e-09 
2.9614e-09 -5.01007e-09 
-2.83722e-09 -5.04531e-09 
2.18749e-09 2.38106e-09 
2.67198e-09 -1.24131e-09 
-1.79756e-08 -5.23347e-09 
3.26216e-09 -4.84601e-09 
3.82644e-09 -4.81654e-09 
1.67054e-09 -4.68693e-09 
-2.09558e-09 -5.04577e-09 
2.78978e-09 -4.8047e-09 
1.93008e-09 -5.99579e-09 
3.07209e-09 7.56632e-09 
1.82231e-09 -5.03724e-09 
2.73626e-09 -5.04808e-09 
2.33054e-09 -5.26318e-09 
2.31872e-09 -4.69734e-09 
2.52901e-09 -5.23704e-09 
-3.87647e-09 -4.94004e-09 
1.61346e-08 -3.75095e-09 
