-0.283655 0.272245 
-0.254663 0.308129 
-0.357747 0.0117402 
-0.23366 0.313752 
-0.18991 0.297688 
-0.277855 0.28989 
-0.278327 0.03347 
-0.274668 0.307398 
-0.201227 0.330349 
-0.241192 0.235945 
-0.439202 0.23808 
-0.277373 -0.0144303 
-0.286866 0.192415 
-0.481096 0.384721 
-0.269805 0.255423 
-0.318671 -0.347613 
-0.153183 0.10162 
-0.255005 0.385261 
-0.317318 0.173176 
-0.189043 0.415959 
-0.607437 0.00464174 
-0.263935 0.565288 
-0.293249 0.306287 
-0.28197 0.307144 
-0.298315 -0.048921 
-0.262521 0.273081 
-0.226709 -0.0847637 
-0.283825 0.268957 
-0.0979831 0.300451 
-0.216812 0.259752 
-0.323502 0.336644 
-0.301548 0.256849 
-0.406005 0.295611 
-0.341639 0.093339 
-0.321645 0.301039 
-0.742906 0.146817 
-0.260701 0.290612 
-0.159604 0.124225 
-0.156287 0.242687 
-0.0741361 0.196529 
-0.196989 0.0399493 
-0.759261 0.489644 
-0.270485 0.271258 
-0.284741 0.298061 
-0.233775 0.259753 
-0.35847 0.429541 
-0.381343 -2.09342 
-0.288122 0.240986 
-0.319422 0.460489 
-0.0582123 0.223249 
