2.73782e-09 -4.89278e-09 
2.07576e-09 -4.23205e-09 
2.73973e-09 -3.19474e-09 
3.5924e-09 -8.83677e-09 
2.76171e-09 -4.64516e-09 
2.52112e-09 -3.87787e-09 
2.57253e-09 -4.90303e-09 
4.55548e-09 -4.92985e-09 
4.75739e-09 1.14657e-10 
1.31597e-08 -4.88098e-09 
2.69944e-09 -5.15267e-09 
2.48059e-09 -4.9863e-09 
1.77242e-09 -1.3141e-09 
-4.09504e-09 -5.13332e-09 
-1.39553e-09 -3.91367e-09 
2.75768e-09 -6.04349e-09 
9.99739e-09 -4.9675e-09 
2.22151e-09 9.83371e-09 
2.27023e-09 1.47366e-10 
4.43759e-09 -4.00043e-09 
3.39739e-09 -3.90629e-09 
-8.41296e-09 -5.45846e-09 
5.9134e-10 -5.01483e-09 
1.92493e-09 -4.80454e-09 
-1.04413e-09 -4.85464e-09 
2.38701e-09 -4.89305e-09 
2.73557e-09 -4.84134e-09 
2.12023e-09 1.32363e-09 
2.66077e-09 -8.72465e-09 
2.23429e-09 -4.88205e-09 
3.36316e-09 -4.18129e-09 
2.72545e-09 -4.96386e-09 
-1.66567e-09 -5.54625e-09 
2.37878e-09 -4.3987e-09 
2.62525e-09 -2.95779e-09 
2.87427e-09 -5.43471e-09 
3.20915e-09 -4.68089e-09 
3.28986e-09 -5.742e-09 
2.59144e-09 -4.59209e-09 
4.64427e-09 -4.6527e-09 
2.74993e-09 -3.76082e-09 
1.85889e-09 -5.77328e-09 
4.67082e-09 7.28769e-09 
7.6946e-10 -4.81428e-09 
2.74017e-09 -4.80878e-09 
-5.99688e-11 -5.20217e-09 
8.01927e-09 -3.21925e-09 
2.51595e-09 -4.73745e-09 
3.02615e-09 -4.94189e-09 
1.02656e-08 -2.66355e-09 
