2.73782e-09 -4.89278e-09 
2.16855e-09 -4.73163e-09 
2.80157e-09 -4.16657e-09 
-1.14595e-10 3.4966e-09 
2.21269e-09 -4.60191e-09 
4.21868e-09 -5.43808e-09 
2.07121e-09 -4.86614e-09 
4.39055e-10 -4.75959e-09 
-1.76392e-09 3.1356e-10 
8.10554e-10 -4.87566e-09 
2.7565e-09 -4.94281e-09 
5.1211e-09 -5.36516e-09 
2.71295e-09 -1.63343e-08 
2.1611e-09 -4.80481e-09 
-9.89814e-10 -5.04955e-09 
2.41275e-09 -7.27068e-09 
4.13719e-09 -4.93128e-09 
1.49674e-09 -1.31847e-08 
9.89449e-09 -3.87339e-09 
1.85749e-09 -4.89484e-09 
2.51484e-09 -3.83143e-09 
5.63837e-09 -4.88067e-09 
4.33966e-10 -4.8656e-09 
9.86296e-09 -4.9005e-09 
3.55488e-09 -4.97272e-09 
3.32735e-10 -5.23839e-09 
2.74524e-09 -4.79597e-09 
4.43921e-09 -2.99034e-09 
2.51551e-09 -5.38353e-09 
-3.78389e-09 -4.69885e-09 
2.84658e-09 -4.66902e-09 
3.09873e-09 -5.13823e-09 
-4.65184e-09 -9.97055e-09 
2.53235e-09 -2.08283e-09 
2.52287e-09 -1.41064e-09 
-3.37726e-08 -5.09948e-09 
3.86078e-09 -4.84566e-09 
5.58277e-09 -4.90472e-09 
2.7164e-09 -4.54247e-09 
4.43619e-09 -6.6846e-09 
2.90311e-09 -1.03494e-08 
3.70696e-09 -5.48125e-09 
3.36696e-09 -1.50546e-08 
1.79545e-09 -4.25697e-09 
2.72643e-09 -3.50764e-09 
5.73904e-09 -5.09669e-09 
5.90007e-09 -3.86147e-09 
2.88909e-09 -5.54214e-09 
4.79956e-09 -4.97491e-09 
1.20917e-08 -6.59641e-09 
