2.73782e-09 -4.89278e-09 
2.36556e-09 -4.05093e-09 
2.75763e-09 -5.65238e-09 
-2.39587e-10 2.96303e-09 
2.59291e-09 -4.63027e-09 
2.34309e-09 -3.72243e-09 
2.29337e-09 -4.86503e-09 
5.39859e-09 -4.9745e-09 
4.13054e-10 -1.08254e-08 
4.38529e-09 -4.86504e-09 
2.91142e-09 -4.9188e-09 
4.7377e-09 -5.17026e-09 
2.29728e-09 -1.41377e-08 
3.15661e-09 -5.02507e-09 
1.79932e-09 -5.45698e-09 
2.6316e-09 -6.30617e-09 
3.19204e-09 -5.11528e-09 
2.04772e-09 -1.24552e-08 
9.91014e-09 -6.48628e-10 
3.84329e-09 -3.75676e-09 
2.77188e-09 -2.43035e-09 
-1.57284e-09 -4.79144e-09 
1.73859e-10 -4.83507e-09 
6.30499e-09 -4.83898e-09 
4.06987e-09 -4.83027e-09 
1.5363e-09 -5.22115e-09 
2.75232e-09 -4.81147e-09 
4.14159e-09 -2.69109e-09 
2.34592e-09 -4.94683e-09 
5.06356e-09 -4.68348e-09 
2.79534e-09 -3.56183e-09 
3.62702e-09 -4.92006e-09 
-5.21995e-09 -1.18104e-08 
2.6748e-09 -7.30115e-09 
2.71479e-09 -2.80745e-09 
1.17593e-08 -4.86095e-09 
3.30497e-09 -4.79938e-09 
5.09993e-09 -5.52158e-09 
4.64433e-09 -4.73102e-09 
7.51397e-09 -7.74276e-09 
2.96311e-09 -4.98947e-09 
4.86441e-09 -5.63295e-09 
4.55963e-09 -1.29013e-08 
3.51402e-09 -4.246e-09 
2.74047e-09 -3.01801e-09 
-3.089e-09 -4.93879e-09 
9.07366e-09 -3.42393e-09 
3.04003e-09 -4.61974e-09 
9.42814e-09 -5.06705e-09 
5.9883e-09 -5.54333e-09 
