8.33349e-08 -1.10037e-10 
1.26333e-07 -1.64412e-08 
-2.68524e-08 -1.29354e-09 
4.94217e-08 -1.0966e-07 
5.3947e-08 2.93072e-08 
7.18451e-08 2.5714e-08 
-7.41177e-08 2.56308e-08 
1.39523e-07 5.69825e-08 
4.9812e-08 1.94534e-08 
1.04324e-07 -4.98023e-09 
9.34342e-08 7.42225e-08 
7.02272e-08 5.38945e-09 
2.34935e-07 9.84441e-08 
7.33271e-08 -2.36466e-09 
7.62845e-08 1.06743e-08 
8.27871e-08 2.33659e-08 
1.02176e-07 -1.38216e-09 
7.21742e-08 2.30869e-08 
6.44278e-08 3.39522e-09 
6.47728e-08 6.03824e-08 
