2.73782e-09 -4.89278e-09 
1.88213e-09 -5.11494e-09 
2.72794e-09 -4.7038e-09 
2.86462e-09 -3.83369e-09 
2.54781e-09 -5.05395e-09 
7.29719e-10 -3.94241e-09 
1.86784e-09 -4.89556e-09 
1.91572e-09 -4.75674e-09 
-1.67271e-09 -1.64524e-08 
4.25017e-09 -4.89705e-09 
2.85845e-09 -4.99897e-09 
3.80691e-09 -5.00817e-09 
2.25208e-09 -1.00115e-08 
-1.79362e-08 -4.88133e-09 
-1.83601e-09 -3.71754e-09 
2.55447e-09 -6.62173e-09 
1.14639e-08 -4.84065e-09 
1.66483e-09 6.76727e-09 
2.19245e-09 -5.4686e-09 
4.44568e-09 -4.30281e-09 
3.68901e-09 -6.35676e-09 
-3.51535e-09 -6.19056e-09 
1.79045e-09 -5.1425e-09 
5.19988e-09 -4.89193e-09 
3.42066e-09 -5.07446e-09 
1.92738e-09 -4.89649e-09 
2.75258e-09 -4.75135e-09 
2.19363e-09 1.21752e-09 
2.20121e-09 -7.26369e-09 
5.54706e-09 -4.88631e-09 
3.42392e-09 -2.06896e-09 
3.07921e-09 -4.97999e-09 
7.96373e-09 -3.63511e-09 
2.29254e-09 8.37936e-10 
2.77112e-09 -3.19272e-09 
-3.19529e-08 -5.49693e-09 
4.13218e-09 -4.73829e-09 
1.54382e-09 -5.41232e-09 
2.0672e-09 -4.93227e-09 
5.10521e-09 -3.94383e-09 
2.66143e-09 -6.27259e-09 
1.43521e-09 -6.68369e-09 
2.93733e-09 -4.2946e-11 
1.55276e-09 -4.96959e-09 
2.72557e-09 -4.97929e-09 
2.60398e-09 -5.92758e-09 
5.395e-09 -5.24185e-09 
2.96467e-09 -5.29549e-09 
4.20342e-09 -4.94795e-09 
-1.00709e-09 -4.28718e-09 
