7.92719e-08 8.94621e-09 
8.99877e-08 4.22121e-08 
1.42126e-07 3.73611e-09 
9.2388e-08 2.39208e-07 
9.05185e-08 2.07634e-08 
8.00717e-08 -4.11852e-09 
2.50653e-07 1.22916e-07 
1.03917e-07 1.27292e-08 
6.16172e-08 -2.13954e-08 
1.0965e-07 -6.72117e-08 
5.92551e-08 3.94056e-07 
8.68892e-08 -5.46499e-08 
-7.83202e-08 -9.24789e-09 
9.73766e-08 -4.78693e-09 
1.18745e-07 5.6278e-09 
1.02504e-07 6.57684e-08 
3.59049e-08 3.2733e-09 
7.55321e-08 -6.64081e-08 
8.62762e-08 1.02037e-08 
9.0299e-08 -2.73532e-07 
