2.73782e-09 -4.89278e-09 
1.6993e-09 -3.79957e-09 
2.72038e-09 -4.30332e-09 
5.3125e-10 -2.75946e-09 
2.57024e-09 -4.95816e-09 
2.82344e-09 -4.4722e-09 
2.24657e-09 -4.86564e-09 
4.14289e-09 -4.75924e-09 
1.47579e-09 -6.51257e-09 
4.85002e-09 -4.8806e-09 
2.64787e-09 -4.54671e-09 
4.06028e-09 -5.10994e-09 
1.81321e-09 -6.71665e-09 
-6.52071e-09 -4.91787e-09 
-2.28017e-10 -4.80248e-09 
3.00724e-09 -6.7895e-09 
-7.4749e-09 -4.93865e-09 
2.50837e-09 2.66483e-09 
8.96569e-09 9.23379e-10 
2.07033e-09 -4.83367e-09 
2.60893e-09 -2.22785e-09 
-1.10146e-09 -5.93339e-09 
1.35646e-09 -5.02175e-09 
3.29111e-09 -4.82348e-09 
-2.87018e-11 -4.92301e-09 
-1.32789e-09 -5.04658e-09 
2.73644e-09 -4.67271e-09 
2.89559e-09 -2.04331e-09 
1.76706e-09 -8.35598e-09 
1.14957e-09 -4.83491e-09 
2.19182e-09 -3.4745e-09 
2.77517e-09 -5.2764e-09 
-1.61521e-09 -1.26916e-08 
1.72238e-09 1.14312e-09 
2.66459e-09 -1.81097e-09 
3.44883e-09 -4.87036e-09 
3.33361e-09 -4.72945e-09 
2.79875e-09 -5.64558e-09 
4.83248e-09 -4.67177e-09 
8.71351e-09 -4.57838e-09 
3.48712e-09 -4.15275e-09 
4.53006e-09 -6.96983e-09 
5.05913e-09 -6.92247e-09 
1.34618e-09 -4.53449e-09 
2.72499e-09 -5.274e-09 
5.73173e-10 -3.60121e-09 
7.95109e-09 -5.88617e-09 
2.5727e-09 -5.39409e-09 
3.31272e-09 -4.78761e-09 
8.28372e-09 -4.82332e-09 
