2.73782e-09 -4.89278e-09 
2.18932e-09 -4.62222e-09 
2.78946e-09 -3.51465e-09 
3.79778e-09 -1.49172e-09 
2.18128e-09 -4.37263e-09 
3.78641e-09 -4.39856e-09 
2.76195e-09 -4.90604e-09 
3.95415e-09 -4.78864e-09 
-2.78813e-09 -6.50327e-09 
1.77563e-09 -4.88193e-09 
2.89532e-09 -5.61603e-09 
3.90939e-09 -4.95223e-09 
2.96225e-09 -1.83057e-08 
-8.96911e-10 -4.87995e-09 
1.82386e-09 -4.54884e-09 
2.41617e-09 -4.05291e-09 
1.61025e-08 -5.01776e-09 
2.78219e-09 -7.99624e-09 
7.17241e-09 -5.2023e-09 
5.07065e-09 -4.21663e-09 
3.43278e-09 -2.34424e-09 
1.59265e-09 -4.87153e-09 
1.86581e-09 -4.80396e-09 
3.325e-09 -4.90341e-09 
1.32024e-09 -4.95638e-09 
4.15368e-09 -5.03799e-09 
2.74723e-09 -4.87378e-09 
2.25745e-09 3.60517e-09 
2.82292e-09 -8.68162e-09 
-2.52689e-09 -4.75945e-09 
2.83143e-09 -4.43452e-09 
3.07049e-09 -4.70197e-09 
-1.35098e-08 -1.79319e-09 
2.99787e-09 2.54635e-10 
2.72233e-09 -3.02586e-09 
-7.16042e-09 -4.93809e-09 
3.12866e-09 -4.85727e-09 
6.12372e-09 -5.56504e-09 
4.87539e-09 -4.71234e-09 
3.00162e-09 -6.14224e-09 
2.38824e-09 -7.05976e-09 
2.15057e-09 -4.91631e-09 
2.14199e-09 -7.35474e-09 
3.61971e-09 -4.61283e-09 
2.73415e-09 -3.14486e-09 
1.52092e-09 -5.96935e-09 
-1.25825e-11 -3.47045e-09 
3.24311e-09 -4.63584e-09 
7.93075e-09 -5.06527e-09 
8.48516e-09 -5.8969e-09 
