2.73782e-09 -4.89278e-09 
2.14437e-09 -3.95594e-09 
2.75042e-09 -5.39783e-09 
2.6779e-09 4.84497e-10 
3.19041e-09 -4.99375e-09 
2.9927e-09 -4.64141e-09 
3.51184e-09 -4.85269e-09 
3.53769e-09 -4.87908e-09 
4.61232e-09 -3.89419e-09 
9.34067e-09 -4.87984e-09 
2.65724e-09 -4.57769e-09 
2.79517e-09 -5.09815e-09 
3.10705e-09 -5.05133e-09 
1.35764e-08 -4.80962e-09 
2.3883e-09 -4.42463e-09 
3.30562e-09 -5.18575e-09 
-1.64594e-10 -4.88991e-09 
1.3112e-09 3.22138e-09 
2.63585e-09 1.31075e-09 
2.16398e-09 -4.34979e-09 
2.4161e-09 -5.90721e-09 
-5.47806e-09 -5.69419e-09 
1.39041e-09 -4.92463e-09 
4.6893e-09 -4.75676e-09 
2.48364e-09 -4.88098e-09 
-3.87465e-09 -5.06875e-09 
2.74441e-09 -4.78784e-09 
5.5521e-09 -7.35554e-09 
2.56135e-09 -5.92371e-09 
3.68235e-09 -4.95384e-09 
3.31341e-09 -1.5972e-09 
3.13462e-09 -5.21424e-09 
-1.03344e-09 -1.53959e-08 
1.9258e-09 4.63941e-09 
2.7254e-09 -2.02457e-09 
-2.3348e-08 -5.0706e-09 
3.68103e-09 -4.68264e-09 
4.69249e-09 -4.64309e-09 
3.55148e-09 -4.54879e-09 
4.62261e-09 -4.40732e-09 
3.03608e-09 -5.04995e-09 
3.35973e-09 -7.34486e-09 
3.89773e-09 -7.24259e-09 
1.10253e-09 -4.31557e-09 
2.73661e-09 -5.38105e-09 
1.8258e-09 -5.52293e-09 
9.77755e-09 -4.60686e-09 
2.89813e-09 -5.71676e-09 
4.33938e-09 -4.89781e-09 
9.90979e-09 -4.4068e-09 
