2.73782e-09 -4.89278e-09 
1.62244e-09 -5.08536e-09 
2.75846e-09 -5.30137e-09 
3.24371e-10 -1.75073e-09 
2.9112e-09 -4.80184e-09 
4.19418e-09 -4.79643e-09 
3.5998e-09 -4.85445e-09 
3.95488e-09 -4.92989e-09 
2.32685e-09 -1.78655e-09 
-4.75592e-10 -4.86421e-09 
2.47664e-09 -5.20231e-09 
2.00445e-09 -4.95291e-09 
2.80197e-09 -6.35167e-09 
2.37097e-09 -4.8673e-09 
5.7455e-10 -4.7602e-09 
2.90901e-09 -3.27155e-09 
-1.7598e-09 -4.83754e-09 
2.02824e-09 3.8234e-09 
9.61302e-09 -1.43816e-09 
1.4651e-09 -3.82809e-09 
3.62201e-09 -3.24007e-09 
-1.15909e-09 -6.02246e-09 
5.35026e-10 -4.99193e-09 
5.65299e-09 -4.7967e-09 
1.69412e-09 -4.77485e-09 
9.39478e-10 -5.21973e-09 
2.74387e-09 -4.80485e-09 
4.80118e-09 -1.50783e-08 
2.49747e-09 -1.13135e-08 
2.71511e-09 -4.93413e-09 
3.09134e-09 -3.79769e-09 
2.77702e-09 -5.1664e-09 
-2.69253e-08 -6.8017e-09 
2.7229e-09 3.7962e-10 
2.66149e-09 -9.28828e-10 
-1.47125e-08 -4.93872e-09 
4.1286e-09 -4.60656e-09 
1.18455e-08 -4.5505e-09 
4.82244e-09 -4.4785e-09 
4.92498e-09 -4.44476e-09 
3.09585e-09 -4.67969e-09 
3.99917e-09 -6.69908e-09 
4.3377e-09 -8.87376e-09 
1.78053e-09 -4.10544e-09 
2.73871e-09 -4.36347e-09 
2.07491e-09 -5.74054e-09 
7.51533e-09 -4.6225e-09 
2.62207e-09 -5.62995e-09 
4.00255e-09 -4.91434e-09 
9.79152e-09 -4.37144e-09 
