4.85521e-08 -4.62131e-09 
5.783e-08 2.09284e-09 
4.18214e-08 -2.72641e-09 
6.70917e-08 4.59541e-08 
5.41665e-08 1.26978e-08 
5.91035e-08 -4.91081e-10 
4.52248e-07 -1.49968e-08 
1.1121e-07 2.38666e-08 
4.8614e-08 -2.91213e-08 
1.12328e-07 4.55387e-08 
6.61701e-08 1.35355e-07 
5.8159e-08 -4.10318e-08 
1.10073e-07 1.01857e-08 
1.03739e-07 2.90444e-09 
5.56647e-09 7.39591e-10 
7.41844e-08 8.91539e-09 
5.65582e-08 -6.95827e-09 
5.57983e-08 -5.96397e-08 
5.76384e-08 8.46883e-09 
3.42535e-08 4.28034e-07 
