2.73782e-09 -4.89278e-09 
1.58922e-09 -3.98044e-09 
2.72123e-09 -5.20049e-09 
2.81617e-09 6.61049e-10 
2.54394e-09 -4.88262e-09 
3.36819e-09 -4.51944e-09 
2.78827e-09 -4.8777e-09 
4.03504e-09 -4.66764e-09 
-2.51195e-10 -4.56556e-09 
5.4993e-10 -4.88863e-09 
2.18941e-09 -5.1352e-09 
6.58704e-09 -5.29682e-09 
2.13571e-09 -7.51652e-09 
-5.73044e-09 -4.98086e-09 
7.11357e-10 -4.64782e-09 
2.79117e-09 -8.53634e-09 
8.57484e-09 -4.8284e-09 
1.51209e-09 -1.04612e-08 
1.00223e-08 -6.83406e-10 
1.59593e-09 -4.06511e-09 
2.68848e-09 -3.47047e-09 
3.79671e-09 -5.49145e-09 
-2.85466e-09 -4.96601e-09 
2.67728e-09 -4.83916e-09 
-1.63402e-09 -4.8733e-09 
3.96099e-10 -4.89791e-09 
2.73987e-09 -4.8727e-09 
3.02798e-09 9.87041e-09 
2.31261e-09 -9.50719e-09 
1.52103e-09 -4.80843e-09 
2.97512e-09 -2.60063e-09 
3.13443e-09 -5.40026e-09 
-1.15983e-08 -1.0042e-08 
2.35485e-09 -1.2213e-08 
2.71759e-09 -6.30528e-10 
-3.45804e-09 -4.97605e-09 
3.61812e-09 -4.74841e-09 
2.95025e-10 -5.29508e-09 
6.01156e-09 -4.75026e-09 
6.03675e-09 -5.41404e-09 
2.76551e-09 -5.74411e-09 
3.90112e-09 -7.302e-09 
5.13168e-09 -6.37588e-09 
2.1035e-09 -4.7319e-09 
2.71789e-09 -2.34493e-09 
1.91316e-09 -6.36536e-09 
5.51382e-09 -3.56604e-09 
2.96934e-09 -5.12153e-09 
1.38608e-09 -5.09097e-09 
1.30112e-08 -4.99102e-09 
