-0.277026 0.209695 
-0.295699 0.284234 
-0.410933 3.27792 
-0.25379 0.268315 
-0.295193 0.289018 
-0.266731 0.280179 
-0.293586 0.26359 
-0.221091 0.244152 
-0.188866 0.249766 
-0.291274 0.340524 
-0.201307 0.211153 
-0.252501 0.891279 
-0.249828 0.330619 
-0.191027 0.0437148 
-0.267715 0.293301 
-0.273899 0.37564 
-0.292585 0.442631 
-0.255361 0.221454 
-0.438206 0.356261 
-0.240011 0.404873 
-0.17142 0.393631 
-0.244151 -0.208992 
-0.254456 0.327461 
-0.273688 0.380644 
-0.36532 0.0206141 
-0.264872 0.29312 
-0.333071 0.0915254 
-0.26348 0.27023 
-0.478986 0.241407 
-0.215861 0.213355 
-0.257598 0.372371 
-0.313214 0.276195 
-0.148246 0.276353 
-0.291006 0.0663086 
-0.235489 0.296941 
0.105191 0.372204 
-0.294665 0.276063 
-0.29154 -0.100062 
-0.289525 0.166051 
-0.465683 0.172255 
-0.175632 0.0517488 
0.100457 0.119064 
-0.230664 0.25849 
-0.257904 0.333977 
-0.2371 0.143405 
-0.226168 0.112339 
-0.324577 -0.629513 
-0.385937 0.243488 
-0.230512 0.26355 
-0.300152 0.250131 
