2.73782e-09 -4.89278e-09 
2.17965e-09 -3.26195e-09 
2.78008e-09 -4.49597e-09 
3.7235e-09 2.54413e-09 
2.14892e-09 -4.67359e-09 
3.22884e-09 -4.08931e-09 
2.06656e-09 -4.91448e-09 
3.4479e-09 -4.91083e-09 
7.60998e-11 -3.11158e-09 
-5.49023e-10 -4.88391e-09 
2.79437e-09 -5.49738e-09 
4.97549e-09 -5.40098e-09 
1.70749e-09 -1.26766e-08 
-1.39786e-08 -4.91925e-09 
6.25739e-10 -4.9642e-09 
2.85826e-09 -7.92837e-09 
2.91753e-09 -4.97606e-09 
1.40948e-09 -4.09965e-09 
-6.82834e-10 -7.34311e-09 
2.29304e-09 -5.5156e-09 
2.88108e-09 -4.29058e-09 
4.19145e-09 -5.01831e-09 
-1.15158e-10 -4.87247e-09 
6.42672e-09 -4.87867e-09 
6.04475e-09 -4.96612e-09 
1.961e-09 -5.39001e-09 
2.74182e-09 -4.59711e-09 
2.44927e-09 9.09701e-09 
2.6401e-09 -9.36864e-09 
1.18878e-09 -4.83996e-09 
2.70289e-09 -2.99752e-09 
2.80667e-09 -4.24886e-09 
2.44192e-08 -6.71723e-09 
2.3084e-09 -5.99497e-09 
2.71092e-09 6.51927e-11 
-1.44137e-08 -5.42826e-09 
3.35559e-09 -4.75015e-09 
1.96326e-09 -5.82914e-09 
2.54481e-09 -4.35402e-09 
3.88684e-09 -5.19948e-09 
2.55064e-09 -7.61162e-09 
4.10926e-09 -6.33601e-09 
1.57566e-09 -4.29059e-09 
2.78495e-09 -4.22916e-09 
2.75264e-09 -5.32162e-09 
3.22351e-09 -6.22842e-09 
6.06143e-09 -3.24444e-09 
2.80006e-09 -4.86961e-09 
4.82842e-09 -5.03471e-09 
1.49303e-08 -6.06984e-09 
