2.73782e-09 -4.89278e-09 
2.87319e-09 -5.08085e-09 
2.77474e-09 -3.24996e-09 
3.34718e-09 -6.77245e-09 
2.80405e-09 -4.8103e-09 
3.35011e-09 -4.83346e-09 
2.35554e-09 -4.85692e-09 
3.41107e-09 -4.7663e-09 
-3.55175e-09 -4.94365e-09 
6.09176e-09 -4.89321e-09 
2.75488e-09 -4.96637e-09 
3.64017e-09 -5.13051e-09 
2.67375e-09 -6.88448e-09 
-3.19945e-10 -4.97962e-09 
2.06495e-09 -4.24824e-09 
2.59909e-09 -6.41479e-09 
6.02291e-09 -4.96806e-09 
3.11993e-09 -3.59216e-09 
1.28268e-08 -6.57862e-10 
5.42484e-09 -2.96579e-09 
3.46588e-09 -2.78012e-09 
-2.06789e-09 -4.99412e-09 
2.59921e-09 -5.00013e-09 
5.47823e-09 -4.82165e-09 
8.76917e-10 -5.00956e-09 
1.42847e-09 -5.08973e-09 
2.74489e-09 -5.03306e-09 
5.26508e-09 -1.292e-08 
2.1688e-09 -3.36015e-09 
1.63289e-09 -4.73854e-09 
2.97521e-09 -3.62832e-09 
2.96256e-09 -5.4233e-09 
-1.55688e-08 -8.3578e-09 
2.499e-09 8.44307e-09 
2.62424e-09 -3.70515e-09 
-1.37131e-09 -4.58747e-09 
3.5733e-09 -4.75961e-09 
8.41543e-09 -4.59962e-09 
4.3705e-09 -5.10264e-09 
6.73314e-09 -5.17427e-09 
3.01634e-09 -4.96054e-09 
2.73694e-09 -5.35784e-09 
8.34442e-09 -7.37825e-09 
9.91074e-10 -4.79517e-09 
2.7217e-09 -1.68125e-09 
2.24549e-09 -4.52374e-09 
1.46688e-09 -3.97316e-09 
3.06416e-09 -5.56302e-09 
5.52896e-09 -4.91494e-09 
7.1711e-09 -4.14689e-09 
