2.73782e-09 -4.89278e-09 
1.35721e-09 -4.61571e-09 
2.70684e-09 -3.9539e-09 
5.06895e-09 -3.8952e-09 
2.5855e-09 -4.77876e-09 
3.23218e-09 -4.55085e-09 
3.01191e-09 -4.8431e-09 
5.12401e-09 -4.73069e-09 
-4.51593e-09 -3.40989e-09 
7.83044e-09 -4.89405e-09 
2.57118e-09 -5.27169e-09 
4.52136e-09 -4.94311e-09 
1.68355e-09 -1.19259e-08 
-1.19847e-10 -4.9801e-09 
1.53757e-09 -4.45736e-09 
2.66164e-09 -4.6277e-09 
1.03902e-08 -4.87402e-09 
4.15068e-09 -6.98897e-09 
7.58207e-09 -1.38129e-09 
1.69524e-09 -4.11603e-09 
2.37937e-09 -3.99651e-09 
-4.48138e-09 -5.01115e-09 
7.18332e-10 -5.03e-09 
2.52725e-09 -4.79043e-09 
-3.4099e-09 -4.9408e-09 
1.83789e-09 -4.88714e-09 
2.74037e-09 -5.07561e-09 
5.8408e-09 -1.20469e-08 
2.87153e-09 -2.1823e-09 
5.82594e-10 -4.92204e-09 
3.1936e-09 -1.86075e-09 
3.24601e-09 -5.2522e-09 
-1.48889e-08 -1.19876e-08 
2.53349e-09 -1.7297e-08 
2.76403e-09 -4.88497e-09 
1.87052e-08 -4.47614e-09 
3.40408e-09 -4.93403e-09 
-2.4728e-10 -5.48798e-09 
5.77539e-09 -4.89709e-09 
5.87252e-09 -6.08163e-09 
3.07122e-09 -3.81398e-09 
4.22374e-09 -6.48142e-09 
1.15144e-08 -7.149e-09 
2.68202e-09 -4.55126e-09 
2.74668e-09 -2.77852e-09 
2.43333e-09 -4.40571e-09 
6.72474e-09 -3.88341e-09 
3.04431e-09 -5.3662e-09 
3.24987e-09 -4.99903e-09 
5.84953e-09 -5.50542e-09 
