2.73782e-09 -4.89278e-09 
2.91001e-09 -3.50536e-09 
2.8128e-09 -4.86172e-09 
-2.13306e-09 8.74728e-10 
2.68906e-09 -4.48789e-09 
3.20779e-09 -4.5194e-09 
1.16621e-09 -4.8909e-09 
2.74908e-09 -4.84741e-09 
6.32622e-09 -5.73658e-09 
2.32422e-09 -4.88581e-09 
3.09806e-09 -5.08727e-09 
3.46258e-09 -5.20449e-09 
2.92552e-09 -9.39044e-09 
-8.79503e-09 -4.84906e-09 
1.74661e-09 -4.79924e-09 
2.62711e-09 -7.8624e-09 
3.00246e-09 -5.01279e-09 
8.98911e-10 -1.68985e-09 
3.40925e-09 -4.47265e-09 
5.2984e-09 -6.39782e-09 
3.46258e-09 -4.52694e-09 
5.22433e-09 -5.38159e-09 
-2.97855e-09 -4.75175e-09 
6.89652e-09 -4.89033e-09 
6.09954e-09 -4.95303e-09 
7.94236e-10 -5.08639e-09 
2.74691e-09 -4.61171e-09 
2.23293e-09 1.29588e-08 
2.32889e-09 -1.11082e-08 
8.59084e-10 -4.77548e-09 
3.03882e-09 -1.39546e-09 
2.91601e-09 -4.04362e-09 
8.43392e-09 -3.42804e-09 
2.40393e-09 1.25625e-08 
2.76811e-09 -1.59732e-09 
-4.50242e-08 -5.70236e-09 
2.64017e-09 -4.68718e-09 
5.09589e-09 -6.15486e-09 
4.56571e-09 -4.7801e-09 
4.32481e-09 -5.52072e-09 
2.61519e-09 -8.93075e-09 
2.28475e-09 -4.68234e-09 
-3.38662e-09 -4.36187e-09 
1.53588e-09 -3.92436e-09 
2.7278e-09 -4.70826e-09 
1.65178e-09 -6.68802e-09 
1.00812e-08 -5.27102e-09 
2.72106e-09 -5.11155e-09 
7.16257e-09 -4.98022e-09 
1.08664e-08 -5.21233e-09 
