2.73782e-09 -4.89278e-09 
2.3506e-09 -5.46724e-09 
2.72229e-09 -3.88374e-09 
5.31942e-09 -9.19386e-09 
2.64442e-09 -4.81323e-09 
3.0404e-09 -4.95937e-09 
2.50402e-09 -4.85517e-09 
4.92259e-09 -4.78649e-09 
-1.47553e-09 -4.39465e-09 
4.67783e-09 -4.88886e-09 
2.71263e-09 -5.05747e-09 
2.60362e-09 -5.01689e-09 
1.95067e-09 -4.22341e-09 
-7.29707e-09 -4.95421e-09 
1.34511e-09 -4.45547e-09 
2.5909e-09 -4.88687e-09 
8.86192e-09 -4.94623e-09 
3.64053e-09 -6.35819e-09 
8.59147e-09 -4.18491e-09 
2.36641e-09 -2.26526e-09 
3.57766e-09 -3.9025e-09 
-2.97262e-09 -5.05159e-09 
4.26818e-09 -5.15677e-09 
4.07335e-09 -4.84237e-09 
-1.56e-09 -4.95004e-09 
1.5645e-09 -5.04754e-09 
2.7435e-09 -5.07475e-09 
5.7499e-09 -1.00272e-08 
2.37677e-09 -7.94437e-09 
4.63685e-09 -4.88444e-09 
3.04125e-09 -4.03703e-09 
3.18015e-09 -5.09407e-09 
-4.45927e-09 -6.28334e-09 
2.52847e-09 -2.19031e-08 
2.59142e-09 -4.78615e-09 
6.57683e-09 -4.6952e-09 
3.42424e-09 -4.80622e-09 
7.34923e-09 -4.19507e-09 
4.18537e-09 -4.81442e-09 
3.4411e-09 -4.05588e-09 
3.09969e-09 -2.92026e-09 
3.83558e-09 -7.29047e-09 
1.10833e-08 -7.74033e-09 
3.13364e-09 -4.88794e-09 
2.72769e-09 -3.443e-09 
1.24376e-09 -4.41312e-09 
-4.29685e-09 -3.36051e-09 
3.08463e-09 -4.77066e-09 
3.71996e-09 -4.95705e-09 
3.32117e-09 -5.31922e-09 
