2.73782e-09 -4.89278e-09 
2.07178e-09 -4.40941e-09 
2.71546e-09 -4.6196e-09 
6.57157e-09 -2.48647e-09 
2.05992e-09 -4.93728e-09 
3.38192e-09 -5.06988e-09 
2.33759e-09 -4.85019e-09 
5.02095e-09 -4.69745e-09 
2.87551e-09 -3.68693e-09 
5.61701e-09 -4.8816e-09 
2.5665e-09 -4.98643e-09 
4.82287e-09 -4.84104e-09 
2.19748e-09 -1.19588e-08 
9.87955e-10 -4.98486e-09 
1.00359e-09 -4.7996e-09 
2.52711e-09 -3.28783e-09 
6.18685e-09 -4.88291e-09 
1.0655e-09 -7.98634e-10 
-6.00604e-10 -4.33847e-09 
1.61407e-09 -3.0262e-09 
2.10606e-09 -2.9805e-09 
-5.93017e-09 -5.15502e-09 
1.77313e-09 -4.77983e-09 
4.47712e-09 -4.80041e-09 
7.84201e-09 -5.00861e-09 
2.41422e-09 -5.06759e-09 
2.74073e-09 -4.73473e-09 
4.26783e-09 -2.55333e-08 
2.45081e-09 -8.3335e-09 
-3.70883e-09 -4.76132e-09 
3.16624e-09 1.02476e-09 
2.753e-09 -4.43861e-09 
-1.15349e-08 -6.9162e-09 
2.46645e-09 1.04705e-08 
2.64416e-09 -3.39136e-09 
-3.68034e-09 -4.99762e-09 
3.54111e-09 -4.76348e-09 
4.48906e-09 -6.28208e-09 
3.97697e-09 -4.48061e-09 
4.1664e-09 -5.2337e-09 
2.68111e-09 -3.47259e-09 
1.9659e-09 -7.57655e-09 
7.94678e-09 -7.48019e-09 
3.23762e-09 -4.71306e-09 
2.73941e-09 -3.9391e-09 
1.15852e-09 -6.55635e-09 
2.03518e-09 -2.29653e-09 
3.33465e-09 -4.75678e-09 
2.27769e-09 -5.00756e-09 
1.74551e-09 -5.90687e-09 
