2.73782e-09 -4.89278e-09 
1.79327e-09 -4.15478e-09 
2.82462e-09 -4.68249e-09 
-1.68617e-09 -2.33482e-09 
2.41624e-09 -4.66533e-09 
3.49448e-09 -4.20606e-09 
1.82989e-09 -4.89324e-09 
2.51137e-09 -4.86177e-09 
1.87405e-09 -4.04018e-09 
1.40632e-09 -4.88717e-09 
3.09992e-09 -5.04793e-09 
2.94653e-09 -5.18202e-09 
2.02756e-09 -3.64746e-09 
-8.33423e-09 -4.96409e-09 
4.71347e-10 -4.23398e-09 
2.72702e-09 -9.59859e-09 
6.60322e-09 -4.98654e-09 
3.31283e-09 -1.30327e-09 
1.36178e-08 -4.1515e-09 
5.53222e-09 -5.84614e-09 
3.88462e-09 -5.52861e-09 
-5.46967e-11 -5.38191e-09 
2.41586e-11 -5.13007e-09 
2.59373e-09 -4.91672e-09 
-5.80596e-10 -4.85436e-09 
2.23635e-09 -4.8833e-09 
2.74336e-09 -4.98473e-09 
2.90151e-09 2.30767e-08 
2.62942e-09 -7.85325e-09 
3.38989e-09 -4.69657e-09 
3.02397e-09 -8.51254e-09 
3.31462e-09 -5.0485e-09 
1.20183e-08 -8.18098e-09 
2.23875e-09 -6.42367e-09 
2.70348e-09 -4.42243e-09 
-3.20643e-08 -5.2352e-09 
2.71282e-09 -4.89926e-09 
1.54865e-10 -4.64842e-09 
4.02614e-09 -4.96555e-09 
4.67332e-09 -4.63619e-09 
2.73313e-09 -8.09133e-09 
3.31534e-09 -5.47116e-09 
3.58261e-09 -1.98631e-09 
2.35408e-09 -4.13589e-09 
2.73576e-09 -3.41472e-09 
2.69292e-09 -3.69279e-09 
8.88377e-09 -4.82598e-09 
2.86732e-09 -5.19572e-09 
5.12728e-09 -4.89125e-09 
1.13718e-08 -4.10703e-09 
