2.73782e-09 -4.89278e-09 
2.40866e-09 -4.23873e-09 
2.69592e-09 -4.74899e-09 
5.14789e-09 -4.52794e-09 
2.20345e-09 -4.82381e-09 
2.78575e-09 -4.80289e-09 
2.74976e-09 -4.86241e-09 
4.41086e-09 -4.74789e-09 
-3.47165e-09 -3.69336e-09 
6.16892e-09 -4.89342e-09 
2.89823e-09 -5.03318e-09 
6.67425e-09 -5.1553e-09 
2.59966e-09 -2.15513e-08 
4.97197e-09 -4.90503e-09 
1.23409e-09 -5.19776e-09 
2.4917e-09 -4.53346e-09 
3.94492e-09 -4.88687e-09 
3.01541e-09 -5.17612e-09 
9.92184e-09 -5.32247e-09 
9.62439e-10 -3.64116e-09 
2.54196e-09 -1.43146e-09 
-2.17828e-10 -4.91826e-09 
-5.97314e-10 -4.97062e-09 
4.90342e-09 -4.87758e-09 
4.814e-09 -5.07177e-09 
2.36137e-10 -5.02681e-09 
2.74322e-09 -4.4157e-09 
4.76324e-09 -2.72369e-08 
2.70428e-09 -8.67376e-09 
-2.53731e-09 -4.93854e-09 
2.77766e-09 1.01782e-09 
3.12527e-09 -4.66531e-09 
-1.44522e-08 -4.07149e-09 
2.76797e-09 -1.06609e-08 
2.62197e-09 -1.47763e-09 
1.79322e-08 -5.36863e-09 
4.06212e-09 -4.62235e-09 
6.76389e-09 -6.60261e-09 
4.10652e-09 -4.49982e-09 
4.90757e-09 -4.4783e-09 
2.84491e-09 -5.3375e-09 
2.72831e-09 -7.02069e-09 
4.00583e-09 -1.02333e-08 
2.05258e-09 -4.71511e-09 
2.72269e-09 -4.58888e-09 
5.12223e-10 -9.47272e-09 
4.03434e-09 -4.63233e-09 
2.69297e-09 -5.06887e-09 
6.71778e-09 -5.08592e-09 
6.79041e-09 -6.22443e-09 
