2.73782e-09 -4.89278e-09 
2.5948e-09 -5.12942e-09 
2.72456e-09 -4.52527e-09 
1.15991e-09 -4.08655e-09 
2.25431e-09 -4.73885e-09 
3.81991e-09 -4.03288e-09 
1.17282e-09 -4.85218e-09 
4.20739e-09 -4.69084e-09 
-9.00869e-10 -3.08487e-09 
5.28039e-09 -4.88113e-09 
2.73671e-09 -5.10357e-09 
1.32265e-09 -5.49715e-09 
3.13736e-09 -4.95108e-09 
-4.45167e-09 -4.8691e-09 
-3.42296e-09 -4.05724e-09 
2.46122e-09 -6.37626e-09 
6.60672e-09 -5.06337e-09 
1.6153e-09 -6.57263e-09 
9.01053e-09 -1.98593e-09 
2.4958e-09 -5.57427e-09 
2.63901e-09 -1.5166e-09 
-1.67497e-09 -5.23783e-09 
-1.2853e-09 -5.00309e-09 
5.53464e-09 -4.84063e-09 
3.16612e-09 -4.83385e-09 
1.10636e-09 -5.17207e-09 
2.7424e-09 -5.08503e-09 
4.62531e-09 2.16216e-09 
2.76511e-09 -3.24613e-09 
4.93779e-10 -4.63921e-09 
2.93222e-09 5.44654e-10 
3.0807e-09 -5.26742e-09 
9.97174e-09 -9.42797e-09 
2.37118e-09 -7.69834e-09 
2.63168e-09 -6.00702e-09 
-1.9793e-08 -4.87064e-09 
3.08877e-09 -4.95935e-09 
9.29525e-09 -4.48238e-09 
4.07294e-09 -4.66263e-09 
6.54507e-09 -4.82893e-09 
2.91646e-09 -8.24842e-09 
3.80216e-09 -6.15665e-09 
3.5532e-09 -2.94615e-09 
3.02344e-09 -4.23733e-09 
2.73915e-09 -3.51446e-09 
1.88319e-09 -1.59076e-09 
6.90571e-09 -4.16758e-09 
2.72957e-09 -5.25842e-09 
6.04267e-09 -4.81238e-09 
1.43423e-08 -4.42129e-09 
