2.73782e-09 -4.89278e-09 
2.8578e-09 -4.64334e-09 
2.80682e-09 -4.27029e-09 
1.44606e-09 -2.91386e-09 
2.87276e-09 -4.85276e-09 
3.34488e-09 -4.82309e-09 
2.61323e-09 -4.91149e-09 
3.48858e-09 -4.80877e-09 
2.77749e-09 -6.07812e-09 
4.51831e-09 -4.89163e-09 
2.68934e-09 -5.10092e-09 
4.83582e-09 -4.89893e-09 
2.06036e-09 -1.62272e-08 
-9.93427e-09 -4.90013e-09 
7.47341e-09 -4.75934e-09 
2.80805e-09 -6.81824e-09 
1.23751e-08 -4.93216e-09 
2.89783e-09 -2.88631e-09 
9.20856e-09 -4.13378e-09 
9.80151e-10 -4.35568e-09 
3.45024e-09 -8.64764e-09 
-1.29961e-09 -5.29993e-09 
2.5405e-09 -4.93814e-09 
3.15197e-09 -4.81818e-09 
1.33426e-10 -5.05384e-09 
1.74952e-09 -5.07865e-09 
2.73901e-09 -4.51799e-09 
2.56943e-09 -9.04049e-09 
1.98736e-09 -7.49231e-09 
-6.34012e-10 -5.0339e-09 
2.57922e-09 -6.65903e-09 
2.82723e-09 -4.80562e-09 
-1.27598e-08 -2.93227e-09 
2.8414e-09 -1.57093e-09 
2.7859e-09 5.76561e-11 
-2.11007e-08 -5.09461e-09 
3.34801e-09 -4.55564e-09 
1.72704e-09 -5.59132e-09 
3.20916e-09 -4.85273e-09 
2.63453e-09 -6.26278e-09 
2.68308e-09 -1.89229e-09 
2.54363e-09 -6.03181e-09 
6.65248e-09 -8.2939e-09 
5.65001e-10 -4.70356e-09 
2.73486e-09 -6.18921e-09 
-1.4795e-09 -9.35351e-09 
1.85628e-09 -4.27695e-09 
3.07992e-09 -5.21331e-09 
4.4793e-09 -5.09736e-09 
1.4326e-09 -6.02584e-09 
