-0.236185 -0.0139045 
-0.277288 0.242913 
-0.529565 -3.22121 
-0.24597 0.184608 
-0.244183 0.222557 
-0.271983 0.223624 
-0.272305 -0.0556389 
-0.247137 0.126105 
-0.251088 0.220517 
-0.225215 0.228679 
-0.269354 0.380223 
-0.247588 -0.708271 
-0.280333 -0.00692453 
-0.275237 0.303423 
-0.224581 0.206111 
-0.345258 -0.173402 
-0.176579 -0.0142983 
-0.249921 0.291971 
-0.228195 0.103587 
-0.195389 0.190821 
-0.180644 0.197704 
-0.245745 0.884763 
-0.18575 0.171907 
-0.208474 -0.0847064 
-0.285431 -0.127168 
-0.256662 0.234567 
-0.374937 0.251525 
-0.252953 0.231089 
0.0444442 0.227719 
-0.1908 0.057181 
-0.274649 0.263304 
-0.234037 0.181563 
-0.422875 0.154723 
-0.295984 0.214271 
-0.27417 0.163547 
-0.611944 0.149419 
-0.24126 0.224265 
-0.203414 0.287135 
-0.120827 0.235759 
-0.107635 0.129789 
-0.223783 0.169785 
-0.940443 0.449665 
-0.248723 0.209816 
-0.251403 0.229778 
-0.269869 0.153396 
-0.276705 0.234862 
-0.275042 -0.462309 
-0.333921 0.229384 
-0.340004 0.338154 
-0.128959 0.165031 
