2.73782e-09 -4.89278e-09 
3.26676e-09 -4.47419e-09 
2.77086e-09 -4.87595e-09 
2.94714e-10 -5.00215e-10 
1.93335e-09 -4.25066e-09 
4.24464e-09 -4.14774e-09 
2.08772e-09 -4.86446e-09 
2.45102e-09 -4.81332e-09 
4.50151e-09 -3.14918e-09 
3.95751e-09 -4.88876e-09 
2.96282e-09 -5.26174e-09 
4.55904e-09 -5.17333e-09 
2.41729e-09 9.489e-10 
-2.44911e-09 -4.93879e-09 
1.12377e-09 -4.67034e-09 
2.53909e-09 -7.56824e-09 
2.38735e-09 -5.03107e-09 
2.65021e-09 -1.97554e-09 
7.3357e-09 -4.78051e-09 
2.24524e-09 -3.80905e-09 
3.39233e-09 -2.40732e-09 
-1.86311e-09 -5.4934e-09 
3.78788e-09 -4.91705e-09 
4.16078e-09 -4.90652e-09 
-1.20226e-09 -4.89576e-09 
-4.12011e-10 -4.80165e-09 
2.74523e-09 -4.89616e-09 
5.28581e-09 -3.2728e-09 
2.05409e-09 -6.6647e-09 
1.36805e-09 -4.97651e-09 
2.76431e-09 -3.04286e-09 
2.45971e-09 -4.95439e-09 
-6.42278e-09 1.70124e-09 
2.77439e-09 -1.11303e-08 
2.61964e-09 -6.71131e-09 
-3.17631e-09 -5.79769e-09 
2.72194e-09 -4.8023e-09 
-1.3312e-09 -4.89787e-09 
5.69452e-09 -4.83346e-09 
2.957e-09 -5.09221e-09 
2.60025e-09 -1.11999e-08 
3.13402e-09 -6.46394e-09 
5.43504e-09 -4.55089e-09 
2.73566e-09 -3.89482e-09 
2.7365e-09 -5.46821e-09 
1.19554e-09 -1.08447e-08 
7.1558e-09 -4.30011e-09 
2.72923e-09 -5.28543e-09 
4.8484e-09 -4.87265e-09 
8.75412e-09 -5.6148e-09 
