6.90627e-08 -1.38214e-08 
4.66929e-08 3.44433e-09 
5.1548e-08 -7.24834e-09 
5.00587e-08 -4.93295e-07 
5.19548e-08 -2.08827e-08 
6.35649e-08 -2.94487e-08 
3.18076e-07 -5.4079e-09 
3.81132e-08 -6.01091e-08 
4.90134e-08 -1.56231e-08 
2.21865e-07 -2.60287e-08 
4.16099e-08 -1.81639e-07 
5.85399e-08 -2.41439e-08 
-1.74025e-09 -5.93759e-09 
1.67535e-08 -9.44107e-09 
6.79923e-08 -1.30896e-08 
4.52191e-08 1.149e-07 
5.55348e-08 -2.55381e-08 
2.89347e-08 -7.24085e-08 
6.47678e-08 -6.04673e-09 
2.43774e-08 -1.77309e-08 
