2.73782e-09 -4.89278e-09 
1.75155e-09 -4.20397e-09 
2.73407e-09 -3.7751e-09 
2.2098e-09 -3.38825e-09 
3.15629e-09 -5.1814e-09 
2.24641e-09 -4.86256e-09 
1.79745e-09 -4.89291e-09 
3.54072e-09 -4.78381e-09 
-7.00592e-09 -6.46494e-09 
3.07491e-09 -4.88597e-09 
2.76608e-09 -4.61845e-09 
3.23765e-09 -5.04701e-09 
2.14348e-09 -1.32294e-08 
-9.91935e-09 -4.98753e-09 
3.01235e-09 -4.52352e-09 
2.5756e-09 -5.37493e-09 
2.87917e-09 -4.97655e-09 
1.48914e-09 -3.88552e-09 
6.73999e-09 -1.92195e-09 
2.27093e-09 -4.5276e-09 
3.85376e-09 -4.60967e-09 
-4.1642e-09 -4.67931e-09 
-2.61527e-09 -5.06069e-09 
6.46302e-09 -4.82428e-09 
4.52686e-09 -4.91785e-09 
2.40816e-09 -4.73711e-09 
2.74155e-09 -4.77866e-09 
4.43711e-09 -4.40904e-09 
2.18316e-09 -8.80401e-09 
-2.00174e-09 -4.67928e-09 
2.97411e-09 -6.76731e-09 
3.0202e-09 -5.0535e-09 
-8.07942e-10 -2.34775e-08 
2.30227e-09 7.70019e-09 
2.77939e-09 3.03848e-09 
1.14377e-08 -4.72173e-09 
4.17029e-09 -4.66781e-09 
6.88138e-09 -5.31486e-09 
2.2629e-09 -4.56355e-09 
4.36619e-09 -6.15035e-09 
2.98556e-09 -7.86462e-09 
3.00344e-09 -5.10092e-09 
3.11867e-09 -6.87488e-09 
1.29783e-09 -4.90531e-09 
2.73223e-09 -3.7122e-09 
8.3314e-10 2.72229e-09 
5.80289e-09 -3.90607e-09 
2.89208e-09 -5.28562e-09 
4.61887e-10 -5.04231e-09 
-1.03327e-08 -4.48435e-09 
