2.73782e-09 -4.89278e-09 
2.06518e-09 -4.06443e-09 
2.72252e-09 -5.41833e-09 
3.88534e-09 1.53572e-09 
3.09707e-09 -4.87163e-09 
2.75508e-09 -4.23812e-09 
1.99175e-09 -4.87732e-09 
4.4142e-09 -4.76261e-09 
3.10459e-09 -4.30514e-09 
4.74268e-09 -4.89096e-09 
2.70114e-09 -4.68897e-09 
4.59106e-09 -5.37298e-09 
1.9431e-09 -1.0942e-08 
-7.83176e-10 -5.0284e-09 
9.98234e-10 -4.78268e-09 
2.54672e-09 -5.19236e-09 
1.2734e-08 -4.94393e-09 
1.42895e-09 -3.93174e-09 
7.61272e-09 -1.36094e-09 
4.28787e-09 -4.62369e-09 
2.87122e-09 -5.48091e-09 
-1.39513e-09 -4.93418e-09 
-2.77145e-09 -4.99967e-09 
6.17283e-09 -4.82024e-09 
4.0835e-09 -5.06502e-09 
4.08527e-09 -5.64448e-09 
2.74175e-09 -4.84834e-09 
3.65795e-09 9.68564e-09 
2.89492e-09 -6.15951e-09 
-3.19654e-09 -4.73914e-09 
2.94944e-09 -1.88084e-09 
3.65315e-09 -4.97771e-09 
8.32684e-10 -2.21247e-08 
2.80673e-09 2.12792e-09 
2.73506e-09 -4.04646e-09 
4.23799e-09 -5.41259e-09 
2.24325e-09 -4.94387e-09 
6.77818e-09 -5.35657e-09 
5.21711e-09 -4.34083e-09 
4.90334e-09 -4.85963e-09 
2.9944e-09 -3.12773e-09 
2.6689e-09 -4.70998e-09 
2.70712e-09 -6.21731e-09 
2.77519e-09 -4.86858e-09 
2.73509e-09 -5.43575e-09 
2.40437e-09 -5.3407e-10 
5.96115e-09 -3.49212e-09 
2.83777e-09 -5.40777e-09 
6.2628e-09 -5.00153e-09 
-6.50023e-10 -3.73523e-09 
