5.97404 -6.50274 
4.41709 6.81736 
8.50891 17.1488 
-2.89899 2.49994 
-8.11615 -29.5802 
-5.90985 4.97478 
-21.1178 7.35024 
-7.53844 -4.43837 
6.69545 -0.240769 
-4.99474 7.85233 
4.09362 -3.59418 
-3.46761 -6.25091 
-2.36813 -0.0587595 
6.21262 -0.237528 
2.16217 12.9388 
0.349651 11.3636 
4.3604 -6.29539 
8.10721 2.77128 
-1.14273 13.8401 
-1.80909 -4.27648 
10.2686 7.53605 
-0.411135 -0.400567 
3.81058 1.88755 
-1.22838 6.06606 
15.2807 31.5424 
22.21 -9.55425 
-0.886994 0.392757 
-7.92321 10.7255 
-6.453 -2.61774 
-7.00586 -18.6492 
14.7863 -6.87433 
8.22091 -3.84688 
-14.6253 -1.65429 
-2.22477 5.77356 
2.88825 10.0778 
-17.8467 -13.3278 
7.55862 19.1154 
-1.65712 -7.46826 
1.54745 3.11595 
18.3805 2.21286 
-2.28468 -9.67019 
11.4791 7.39088 
-3.23659 4.77473 
14.2882 -0.828631 
3.32607 16.5069 
17.543 -4.11964 
-18.352 9.64689 
-5.18791 2.4546 
8.68511 -3.5998 
-5.17821 2.95192 
