-0.248781 0.828735 
-0.2622 0.166121 
-0.383834 -2.86739 
-0.254877 0.165526 
-0.260687 0.197612 
-0.254625 0.182453 
-0.23325 -0.100286 
-0.239858 0.0884981 
-0.29754 0.152528 
-0.215788 0.140816 
-0.22464 0.146691 
-0.263515 -0.909987 
-0.235902 0.156625 
-0.185981 0.254125 
-0.207497 0.200277 
-0.322965 0.336079 
-0.119742 -0.987266 
-0.244934 0.383948 
-0.197422 -0.024153 
-0.27172 0.215333 
-0.275909 0.245232 
-0.243627 0.3602 
-0.170558 0.178329 
-0.223851 -0.16586 
-0.418195 0.00936663 
-0.24831 0.248305 
-0.249022 0.159489 
-0.25558 0.213908 
-0.146825 0.186539 
-0.210988 0.183609 
-0.231696 0.172089 
-0.214511 0.170858 
-0.418141 0.155406 
-0.226821 0.237033 
-0.233388 0.165131 
-0.566677 0.139019 
-0.241713 0.177239 
-0.216466 0.205189 
-0.242829 0.169202 
-0.165942 0.159071 
-0.255902 0.349647 
-0.544828 0.210792 
-0.240993 0.202775 
-0.232893 0.200704 
-0.311365 0.202047 
-0.281936 0.261229 
-0.240972 1.13394 
-0.289844 0.207917 
-0.270326 0.229355 
-0.229708 0.175327 
