2.73782e-09 -4.89278e-09 
1.95491e-09 -5.2405e-09 
2.82457e-09 -3.36171e-09 
4.97162e-10 -4.19569e-10 
1.69789e-09 -4.58818e-09 
3.56907e-09 -5.28881e-09 
2.39112e-09 -4.87997e-09 
1.83077e-09 -4.86623e-09 
-2.18404e-09 -4.87692e-09 
6.64421e-09 -4.88053e-09 
2.97047e-09 -5.17341e-09 
5.07916e-09 -5.42726e-09 
2.46345e-09 -1.22781e-08 
-6.0466e-09 -4.83977e-09 
5.29307e-10 -4.81561e-09 
2.6062e-09 -8.04778e-09 
7.65685e-10 -4.92006e-09 
2.46367e-09 -5.15896e-09 
3.5404e-09 -6.21819e-09 
2.79432e-09 -4.00177e-09 
2.63866e-09 -4.17345e-09 
-1.89491e-09 -4.85536e-09 
6.14092e-09 -4.90794e-09 
3.09442e-09 -4.90186e-09 
9.66356e-10 -4.81064e-09 
-2.57182e-10 -4.59824e-09 
2.74243e-09 -4.69841e-09 
3.19962e-09 -4.68295e-09 
2.23417e-09 -7.90717e-09 
9.47282e-09 -5.00588e-09 
3.11773e-09 -4.61287e-09 
2.37506e-09 -4.97063e-09 
-8.373e-09 5.00651e-10 
2.56369e-09 6.04831e-10 
2.63904e-09 -2.67002e-09 
-5.34199e-08 -4.80788e-09 
4.57384e-09 -4.7979e-09 
3.64743e-09 -5.6385e-09 
3.82241e-09 -5.21816e-09 
3.10228e-09 -5.43441e-09 
2.75207e-09 -8.52063e-09 
3.09606e-09 -7.53286e-09 
3.83341e-09 -5.59328e-09 
2.4375e-09 -4.34055e-09 
2.73702e-09 -3.67285e-09 
3.01807e-10 -6.87254e-09 
7.46468e-09 -5.02143e-09 
3.22644e-09 -5.00485e-09 
8.21176e-09 -4.94485e-09 
2.34301e-08 -6.89906e-09 
