2.73782e-09 -4.89278e-09 
1.19661e-09 -3.54058e-09 
2.82824e-09 -5.45086e-09 
-6.20946e-10 -5.72378e-09 
3.67235e-09 -4.17669e-09 
2.24218e-09 -4.40973e-09 
3.05785e-09 -4.90293e-09 
4.26283e-09 -4.68932e-09 
-7.66364e-09 -8.53941e-09 
1.25004e-08 -4.87368e-09 
2.71089e-09 -4.91018e-09 
3.87606e-09 -5.21139e-09 
2.43116e-09 -2.02508e-08 
-9.73822e-09 -4.84126e-09 
-1.17222e-09 -4.36914e-09 
2.68335e-09 -8.14447e-09 
3.70658e-09 -4.88411e-09 
1.73068e-09 -4.78768e-09 
8.82369e-09 -1.5509e-09 
3.88362e-09 -4.06331e-09 
3.55819e-09 -2.99567e-09 
1.32696e-09 -5.21541e-09 
5.90611e-09 -4.91201e-09 
2.85276e-09 -4.85863e-09 
2.89222e-09 -5.01898e-09 
2.50938e-09 -4.98574e-09 
2.74235e-09 -4.71686e-09 
4.74368e-09 -2.57558e-09 
2.44923e-09 -6.48143e-09 
2.60238e-09 -5.15147e-09 
2.56925e-09 -2.32938e-09 
3.05372e-09 -4.9463e-09 
4.03709e-09 -4.25038e-09 
1.79834e-09 8.62391e-09 
2.67648e-09 -5.87673e-09 
-9.6094e-09 -4.79542e-09 
2.40499e-09 -4.84656e-09 
6.15913e-09 -5.95429e-09 
4.99576e-09 -4.92194e-09 
4.70993e-09 -6.02862e-09 
2.67181e-09 -5.77571e-09 
3.22914e-09 -6.2293e-09 
4.08011e-09 -4.85837e-09 
2.59369e-09 -4.63835e-09 
2.73314e-09 -3.42472e-09 
7.61773e-10 -5.8312e-09 
6.07893e-09 -6.34113e-10 
2.72445e-09 -5.08716e-09 
7.52152e-09 -4.91003e-09 
3.77427e-09 -6.02541e-09 
