6.39251e-08 3.10393e-08 
6.73465e-08 -7.34473e-09 
4.5805e-08 1.51473e-08 
9.13475e-08 -2.14633e-07 
4.24795e-08 -9.57007e-09 
2.9725e-08 -7.31102e-09 
1.93506e-07 4.68985e-08 
4.21512e-08 4.60833e-08 
4.86279e-08 5.19339e-09 
-9.30228e-08 -6.24896e-09 
1.01495e-07 6.30328e-08 
5.05128e-08 -7.56882e-09 
3.86478e-08 5.9688e-09 
1.26626e-07 3.81554e-09 
3.86717e-08 -7.3295e-09 
8.33384e-08 1.75621e-07 
4.62472e-08 6.46017e-09 
6.29182e-08 1.51106e-07 
6.8617e-08 3.68858e-08 
7.40281e-08 1.45477e-07 
