2.73782e-09 -4.89278e-09 
1.47548e-09 -4.41358e-09 
2.75376e-09 -4.86477e-09 
1.33566e-09 -4.88982e-09 
2.63647e-09 -4.18917e-09 
3.18643e-09 -4.4106e-09 
1.89406e-09 -4.90656e-09 
4.59595e-09 -4.76052e-09 
-6.49984e-09 -6.75627e-09 
5.09389e-09 -4.876e-09 
2.57689e-09 -4.97068e-09 
3.13954e-09 -4.99235e-09 
1.75614e-09 -1.33941e-08 
-6.97676e-09 -4.8819e-09 
-3.27883e-09 -4.94383e-09 
2.82889e-09 -6.47941e-09 
4.38367e-09 -4.72909e-09 
2.48762e-09 -4.10607e-09 
9.0791e-09 -1.65608e-09 
4.01632e-09 -3.41925e-09 
3.46361e-09 -6.91978e-09 
2.17491e-09 -5.3396e-09 
2.52078e-09 -4.9573e-09 
6.30297e-09 -4.87743e-09 
2.99802e-09 -5.12174e-09 
2.08841e-09 -5.02165e-09 
2.73512e-09 -4.79805e-09 
3.91704e-09 -3.33564e-09 
2.10247e-09 -7.88878e-09 
5.30111e-09 -4.92374e-09 
2.2064e-09 -6.39017e-09 
2.5184e-09 -5.13638e-09 
1.56668e-08 -5.95906e-09 
2.15104e-09 -4.92746e-09 
2.7191e-09 -2.92434e-09 
-3.68795e-08 -4.6643e-09 
1.89856e-09 -4.85338e-09 
1.99379e-09 -5.96284e-09 
3.23973e-09 -5.12047e-09 
5.13332e-09 -5.82445e-09 
2.40619e-09 -9.91789e-09 
3.23135e-09 -7.30624e-09 
1.52792e-09 -5.60009e-09 
2.31553e-09 -4.61108e-09 
2.72945e-09 -3.45268e-09 
-3.71033e-10 -5.275e-09 
6.47919e-09 -5.65651e-09 
3.23566e-09 -4.96127e-09 
9.23435e-09 -4.87256e-09 
4.91872e-09 -6.04869e-09 
