2.73782e-09 -4.89278e-09 
2.47653e-09 -4.02599e-09 
2.81194e-09 -4.62701e-09 
-3.51943e-10 -4.87223e-09 
3.35109e-09 -4.97509e-09 
3.0119e-09 -4.60864e-09 
2.75427e-09 -4.86408e-09 
4.12619e-09 -4.77488e-09 
3.03461e-09 -1.13268e-08 
5.98209e-09 -4.88744e-09 
2.84495e-09 -4.92234e-09 
3.84054e-09 -5.48728e-09 
2.32775e-09 -5.88846e-09 
4.84377e-09 -4.90763e-09 
-6.95814e-10 -4.9718e-09 
2.89096e-09 -5.42059e-09 
6.48379e-09 -4.99049e-09 
2.66842e-09 -2.46735e-09 
5.0471e-09 -4.80468e-09 
4.37739e-09 -4.92655e-09 
3.41287e-09 -5.80518e-09 
-2.43921e-09 -5.3491e-09 
-1.30885e-09 -5.04282e-09 
3.27004e-09 -4.84179e-09 
3.28039e-09 -4.91919e-09 
3.12919e-09 -5.03166e-09 
2.74685e-09 -4.82432e-09 
3.53886e-09 -2.30715e-09 
2.29944e-09 -7.15068e-09 
-3.8361e-09 -5.00394e-09 
2.94496e-09 -2.31089e-09 
2.43367e-09 -4.85241e-09 
1.87989e-09 -9.30776e-09 
2.87527e-09 6.38565e-09 
2.62588e-09 -6.92232e-09 
-2.72267e-08 -5.45582e-09 
1.48674e-09 -4.88577e-09 
8.14393e-09 -5.58621e-09 
5.69159e-09 -4.77833e-09 
5.17122e-09 -5.51266e-09 
2.69507e-09 -7.29009e-09 
2.71384e-09 -5.20629e-09 
6.32503e-09 -3.98662e-09 
7.38118e-10 -4.97844e-09 
2.73069e-09 -4.08482e-09 
2.57382e-09 -5.59565e-09 
2.7747e-09 3.57585e-09 
2.44635e-09 -4.93402e-09 
2.82749e-09 -4.83588e-09 
7.31745e-09 -4.90826e-09 
