2.73782e-09 -4.89278e-09 
3.21428e-09 -3.75922e-09 
2.73003e-09 -4.70453e-09 
7.53716e-10 2.50664e-09 
3.08075e-09 -4.9353e-09 
2.86906e-09 -4.82212e-09 
3.23038e-09 -4.83863e-09 
3.89127e-09 -4.8018e-09 
8.80536e-09 4.6204e-09 
4.7284e-09 -4.90112e-09 
2.94736e-09 -5.08062e-09 
4.67816e-09 -4.79795e-09 
3.05967e-09 -1.04631e-08 
-1.05877e-08 -4.94682e-09 
5.34208e-09 -4.83469e-09 
2.60649e-09 -4.7237e-09 
7.23757e-09 -5.19081e-09 
2.38914e-09 -1.77861e-09 
3.09154e-09 -6.83916e-09 
3.93153e-09 -4.4478e-09 
2.68076e-09 -2.60243e-09 
-5.21615e-09 -5.26106e-09 
-9.36028e-10 -4.96306e-09 
1.71837e-09 -4.86175e-09 
4.17521e-10 -4.84526e-09 
-3.28439e-10 -5.03036e-09 
2.74419e-09 -4.84395e-09 
4.16425e-09 1.44956e-09 
3.01798e-09 -5.8109e-09 
-1.82334e-09 -4.64835e-09 
3.33299e-09 -1.53742e-09 
3.91693e-09 -4.82691e-09 
-1.71726e-08 -1.12246e-08 
2.8612e-09 -5.73071e-09 
2.64485e-09 -1.57428e-09 
-9.81915e-09 -5.39695e-09 
5.46824e-09 -4.89175e-09 
1.00304e-08 -5.30591e-09 
4.31332e-09 -4.50613e-09 
5.18851e-09 -5.4981e-09 
3.20331e-09 -2.11699e-09 
2.42132e-09 -5.25124e-09 
6.39003e-09 -5.70527e-09 
1.79609e-09 -4.20531e-09 
2.73436e-09 -4.91861e-09 
3.90224e-09 -5.6011e-09 
4.93169e-09 -2.7403e-09 
2.2779e-09 -5.56171e-09 
-1.61626e-09 -4.97369e-09 
4.41406e-09 -4.57957e-09 
