9.7362e-08 -1.24416e-08 
5.06821e-08 -4.28667e-09 
4.22239e-08 6.97691e-09 
-5.06312e-09 -2.12392e-08 
5.06729e-08 1.15112e-08 
7.60871e-08 9.82022e-09 
7.43737e-07 -1.48655e-09 
4.52624e-08 -1.39124e-08 
4.55952e-08 1.83135e-08 
2.36307e-07 8.77902e-09 
5.53439e-08 -1.02689e-07 
4.79063e-08 1.58863e-08 
1.82936e-08 1.16964e-08 
7.72903e-08 -4.46461e-10 
3.95484e-08 4.07903e-09 
1.80611e-08 2.33797e-07 
4.46513e-08 1.19584e-08 
3.61834e-08 2.13991e-08 
5.19572e-08 1.88461e-08 
7.60812e-08 -1.82505e-08 
