2.73782e-09 -4.89278e-09 
1.91473e-09 -5.27902e-09 
2.72851e-09 -3.99355e-09 
2.5581e-09 -1.15344e-09 
1.78664e-09 -4.50515e-09 
3.26353e-09 -4.23004e-09 
2.54273e-09 -4.85589e-09 
3.16252e-09 -4.81325e-09 
-5.87429e-09 -2.43761e-09 
4.74277e-09 -4.89458e-09 
2.86561e-09 -5.15084e-09 
3.30724e-09 -4.48917e-09 
2.61791e-09 -1.29711e-08 
-5.47662e-09 -4.98037e-09 
7.35183e-09 -4.59091e-09 
2.39536e-09 -7.97532e-09 
6.72539e-09 -4.97613e-09 
1.58235e-09 -6.54638e-09 
1.63955e-09 -7.42383e-09 
2.35257e-09 -4.34871e-09 
3.13639e-09 -6.04606e-10 
2.65218e-09 -5.25809e-09 
-6.57228e-10 -4.9095e-09 
5.97433e-09 -4.88462e-09 
-1.07449e-09 -5.02422e-09 
1.19486e-10 -4.90666e-09 
2.73717e-09 -4.83363e-09 
4.72207e-09 -4.51762e-09 
2.54475e-09 -4.62679e-09 
7.33503e-09 -4.45982e-09 
2.73082e-09 -6.01455e-09 
4.00745e-09 -4.90705e-09 
1.87364e-09 1.02055e-10 
2.09666e-09 -3.81535e-09 
2.7109e-09 1.63649e-09 
1.1165e-08 -4.60194e-09 
6.33363e-09 -4.83253e-09 
2.09081e-09 -5.31557e-09 
2.7478e-09 -4.85579e-09 
3.39848e-09 -4.78916e-09 
3.13584e-09 -7.98322e-09 
3.66116e-09 -6.5931e-09 
3.06424e-09 -7.082e-09 
3.24117e-09 -4.64325e-09 
2.7326e-09 -4.58776e-09 
1.07034e-09 -5.63123e-09 
8.32117e-09 -1.10898e-08 
2.91216e-09 -5.00956e-09 
9.2967e-09 -4.98456e-09 
8.87064e-09 -5.53741e-09 
