2.73782e-09 -4.89278e-09 
2.98112e-09 -4.33077e-09 
2.78542e-09 -4.83381e-09 
2.01212e-10 -7.32482e-09 
2.85153e-09 -4.7444e-09 
3.50899e-09 -4.85816e-09 
2.29166e-09 -4.91239e-09 
5.01647e-09 -4.89865e-09 
1.81203e-09 -3.0005e-09 
2.9973e-09 -4.87143e-09 
2.6719e-09 -5.02531e-09 
2.96815e-09 -5.70992e-09 
2.4535e-09 -4.1071e-09 
1.00765e-09 -4.92174e-09 
-1.27965e-09 -4.23915e-09 
3.056e-09 -6.93127e-09 
8.20435e-09 -5.03389e-09 
2.7396e-09 -3.20809e-09 
9.12229e-09 -1.22643e-09 
3.81656e-09 -4.05445e-09 
3.67078e-09 -5.54141e-09 
2.54196e-09 -4.69904e-09 
3.07773e-09 -4.91077e-09 
2.21774e-09 -4.84904e-09 
3.70826e-09 -4.99062e-09 
4.35466e-10 -5.39557e-09 
2.75009e-09 -4.7983e-09 
2.30593e-09 3.65866e-09 
1.84235e-09 -9.00165e-09 
-1.19046e-09 -5.01569e-09 
2.84971e-09 -1.54845e-09 
2.67828e-09 -5.13072e-09 
3.90888e-09 -1.10249e-08 
3.63158e-09 1.69673e-09 
2.57276e-09 -1.00355e-08 
-3.45545e-08 -5.46563e-09 
1.41284e-09 -4.53867e-09 
7.59053e-09 -6.39543e-09 
6.95166e-09 -4.35177e-09 
5.04045e-09 -6.22828e-09 
1.99246e-09 -8.79169e-09 
3.15669e-09 -5.3695e-09 
4.72058e-09 -4.36683e-09 
3.2018e-09 -4.73529e-09 
2.73578e-09 -3.34342e-09 
1.46012e-09 -4.94878e-09 
8.16314e-10 -5.47636e-10 
3.25376e-09 -4.8124e-09 
5.68476e-09 -4.95766e-09 
5.43325e-09 -4.97373e-09 
