7.96169e-08 -5.15043e-09 
3.70337e-08 1.00412e-08 
5.3085e-08 -4.77243e-09 
1.98253e-08 1.72327e-07 
4.81088e-08 2.12903e-09 
5.82689e-08 2.2176e-09 
8.33144e-07 -3.9901e-08 
5.74061e-08 -4.83145e-08 
4.40841e-08 1.26341e-08 
1.06776e-07 -2.70589e-08 
5.94411e-08 -8.30165e-08 
4.61171e-08 -8.8004e-10 
1.4828e-08 1.21635e-08 
1.23801e-08 -7.59285e-09 
4.28922e-08 1.39453e-08 
1.06836e-07 -1.01835e-07 
4.56358e-08 2.41028e-09 
2.82816e-08 -7.94974e-08 
4.30645e-08 -2.19305e-08 
4.42274e-08 -1.1972e-07 
