2.73782e-09 -4.89278e-09 
3.47854e-09 -5.06953e-09 
2.7605e-09 -4.61876e-09 
1.83105e-09 3.14309e-09 
2.55373e-09 -4.49586e-09 
3.08303e-09 -4.69891e-09 
2.69592e-09 -4.86335e-09 
4.48924e-09 -4.95382e-09 
1.15863e-08 3.17337e-10 
3.39616e-09 -4.90253e-09 
2.93872e-09 -5.15721e-09 
3.79866e-09 -4.48904e-09 
2.69867e-09 -1.1994e-08 
-3.55182e-09 -4.92403e-09 
2.20122e-09 -5.01737e-09 
2.19714e-09 -3.1685e-09 
9.8766e-09 -5.11136e-09 
2.92365e-09 -2.38155e-09 
2.68901e-09 -7.84141e-09 
3.0706e-09 -3.26805e-09 
2.30419e-09 -5.85235e-09 
-2.04775e-09 -5.19776e-09 
1.73735e-10 -4.95361e-09 
1.563e-09 -4.84733e-09 
8.54436e-10 -4.94953e-09 
1.4315e-09 -5.01619e-09 
2.74467e-09 -4.84309e-09 
1.61427e-09 1.4945e-10 
2.94901e-09 -1.07088e-08 
1.25126e-09 -4.51507e-09 
3.46514e-09 -4.21241e-09 
2.78568e-09 -5.02316e-09 
-6.70784e-09 -7.15379e-09 
4.6709e-09 -1.06291e-09 
2.5858e-09 -9.38592e-09 
-2.49586e-08 -5.11309e-09 
2.97852e-09 -4.64442e-09 
6.98214e-09 -5.51738e-09 
8.61097e-10 -4.44049e-09 
4.12181e-09 -5.25017e-09 
2.90779e-09 -1.68151e-09 
2.54398e-09 -5.38845e-09 
5.45556e-09 -6.83457e-09 
1.99811e-09 -4.69647e-09 
2.73362e-09 -5.63574e-09 
3.92827e-10 -5.17349e-09 
-1.18185e-09 -2.52773e-09 
2.45312e-09 -5.37832e-09 
6.72315e-10 -4.87809e-09 
4.78216e-09 -4.76286e-09 
