2.73782e-09 -4.89278e-09 
1.19265e-09 -4.68521e-09 
2.79129e-09 -3.93854e-09 
2.9056e-09 -1.52228e-08 
2.59523e-09 -4.71108e-09 
2.85033e-09 -4.03521e-09 
2.11622e-09 -4.88711e-09 
3.3075e-09 -4.76501e-09 
-1.42224e-08 -7.76564e-09 
5.83108e-09 -4.87552e-09 
2.70482e-09 -5.15678e-09 
4.78612e-09 -5.61358e-09 
1.61588e-09 -3.96611e-09 
-4.3626e-09 -4.95267e-09 
-7.19074e-10 -4.75853e-09 
2.80075e-09 -6.27734e-09 
2.87868e-09 -4.9337e-09 
1.34942e-09 -5.01786e-09 
1.42511e-08 2.29812e-10 
3.17971e-09 -4.61447e-09 
2.84914e-09 -1.47614e-09 
3.83212e-09 -5.25025e-09 
8.88604e-10 -4.90838e-09 
6.24843e-09 -4.86362e-09 
1.00044e-09 -4.91617e-09 
1.02041e-09 -4.76762e-09 
2.7352e-09 -4.82271e-09 
4.80624e-09 -7.21721e-09 
2.94873e-09 -8.2282e-09 
-1.45309e-09 -4.97109e-09 
2.5499e-09 -3.9088e-09 
3.25538e-09 -4.85621e-09 
3.89151e-09 -7.53489e-09 
6.99791e-10 -4.66897e-09 
2.70134e-09 -5.51674e-09 
6.43408e-09 -5.07588e-09 
4.44703e-09 -4.86799e-09 
1.98737e-10 -6.10372e-09 
5.11264e-09 -5.22522e-09 
3.00541e-09 -5.26262e-09 
2.59832e-09 -6.01317e-09 
3.47353e-09 -5.60889e-09 
3.86951e-09 -5.40504e-09 
2.77352e-09 -4.5949e-09 
2.72877e-09 -3.98152e-09 
3.60708e-09 -5.31449e-09 
1.60537e-08 -6.84266e-09 
3.52264e-09 -4.65006e-09 
7.81159e-09 -5.04703e-09 
1.13389e-08 -5.72918e-09 
