2.73782e-09 -4.89278e-09 
2.45613e-09 -4.35359e-09 
2.82924e-09 -4.54319e-09 
1.94139e-09 -1.2353e-08 
2.37207e-09 -4.80464e-09 
3.50732e-09 -4.88499e-09 
2.22582e-09 -4.89868e-09 
3.42544e-09 -4.74991e-09 
-8.76909e-09 -4.45974e-09 
4.56568e-09 -4.88206e-09 
2.61917e-09 -5.00349e-09 
3.65651e-09 -5.49333e-09 
1.25323e-09 -1.39631e-08 
2.89407e-09 -4.90822e-09 
-2.0426e-09 -4.30538e-09 
3.10937e-09 -1.05076e-08 
1.99113e-09 -4.81906e-09 
9.57255e-10 -4.30019e-09 
1.00288e-08 -6.73932e-09 
2.89142e-09 -4.55186e-09 
3.91779e-09 -2.93535e-09 
-9.09799e-10 -4.98838e-09 
4.31147e-09 -4.93009e-09 
3.03313e-09 -4.91387e-09 
1.70192e-09 -5.022e-09 
-2.45194e-10 -5.48503e-09 
2.74735e-09 -4.82078e-09 
4.49683e-09 -4.09344e-09 
1.70934e-09 -9.32669e-09 
-2.37788e-09 -4.85834e-09 
2.30711e-09 -5.58726e-10 
2.959e-09 -4.85805e-09 
9.07248e-09 -9.46979e-09 
2.47267e-09 -6.36644e-10 
2.59781e-09 -1.5118e-08 
-1.14942e-08 -5.01121e-09 
4.32393e-09 -4.60369e-09 
7.82119e-09 -6.27954e-09 
5.21384e-09 -4.36942e-09 
2.22491e-09 -5.93301e-09 
2.23906e-09 -9.02563e-09 
2.28708e-09 -4.83713e-09 
3.90915e-09 -4.09334e-09 
1.99842e-09 -4.42295e-09 
2.73791e-09 -2.46108e-09 
1.58044e-09 -5.48377e-09 
-3.59581e-09 -3.15866e-09 
3.3347e-09 -4.9874e-09 
7.76028e-09 -4.94478e-09 
1.29332e-08 -4.71387e-09 
