2.73782e-09 -4.89278e-09 
1.7972e-09 -4.56316e-09 
2.72631e-09 -4.72824e-09 
-6.41211e-10 8.91252e-09 
2.67522e-09 -4.69699e-09 
2.75768e-09 -3.93978e-09 
2.41286e-09 -4.85014e-09 
3.05157e-09 -4.86996e-09 
7.12892e-09 -2.55565e-10 
2.88237e-09 -4.89097e-09 
2.93401e-09 -5.17874e-09 
4.93009e-09 -4.27474e-09 
2.5583e-09 -8.34513e-09 
-9.24045e-09 -4.95721e-09 
2.74969e-09 -4.65258e-09 
2.23349e-09 -7.06571e-09 
8.92684e-09 -4.95555e-09 
2.5964e-09 -2.13987e-09 
5.74002e-09 3.38388e-10 
2.91081e-09 -4.2096e-09 
2.66834e-09 -6.30856e-09 
1.46144e-09 -5.1696e-09 
-3.90063e-09 -4.97882e-09 
5.10371e-09 -4.8435e-09 
1.29079e-09 -4.90221e-09 
2.55097e-09 -4.66886e-09 
2.73621e-09 -4.76583e-09 
2.46671e-09 2.6991e-09 
3.20944e-09 -3.13657e-09 
3.43364e-09 -4.78965e-09 
3.7877e-09 -6.62349e-09 
3.06409e-09 -4.99419e-09 
-7.27747e-09 -5.63812e-09 
2.43237e-09 3.59897e-09 
2.72019e-09 2.98355e-09 
-3.39659e-09 -4.87078e-09 
1.95429e-09 -4.95641e-09 
1.98054e-09 -5.57226e-09 
5.36429e-09 -4.54545e-09 
8.37817e-09 -4.73257e-09 
3.19607e-09 -4.36207e-09 
3.58125e-09 -7.10757e-09 
5.91307e-09 -6.02271e-09 
2.54987e-09 -4.55665e-09 
2.73161e-09 -6.10904e-09 
1.20974e-09 -4.85578e-09 
9.51758e-09 -5.08917e-09 
2.79853e-09 -5.2774e-09 
3.80507e-09 -4.85419e-09 
-6.0564e-10 -5.0521e-09 
