2.73782e-09 -4.89278e-09 
2.01272e-09 -4.51934e-09 
2.76336e-09 -4.18092e-09 
5.10169e-09 -4.85405e-09 
2.46718e-09 -4.64771e-09 
3.12145e-09 -4.42703e-09 
2.4111e-09 -4.88618e-09 
4.70295e-09 -4.88055e-09 
-3.61155e-09 -7.62723e-09 
1.54952e-09 -4.8795e-09 
2.77966e-09 -5.23077e-09 
4.89453e-09 -4.86301e-09 
1.87657e-09 -3.65959e-09 
-8.71285e-09 -4.97842e-09 
-3.83637e-10 -4.46566e-09 
2.3739e-09 -2.43998e-09 
7.24925e-09 -4.82801e-09 
3.0015e-09 -5.99707e-09 
1.10015e-08 -1.57772e-09 
3.48347e-09 -3.73294e-09 
2.87521e-09 -1.61882e-09 
3.05091e-09 -4.90411e-09 
4.38581e-09 -4.93492e-09 
4.45084e-09 -4.91595e-09 
8.05011e-10 -4.97875e-09 
3.33599e-10 -5.37961e-09 
2.73321e-09 -4.76588e-09 
2.84409e-09 -1.10594e-09 
2.23085e-09 -1.18089e-09 
-2.45473e-09 -4.84263e-09 
2.99673e-09 -6.93447e-09 
2.86309e-09 -5.00487e-09 
2.10831e-09 -5.83245e-09 
1.73699e-09 4.77274e-09 
2.66948e-09 3.09779e-09 
-1.28829e-08 -5.25338e-09 
4.0646e-09 -4.86572e-09 
-1.67651e-09 -6.71609e-09 
5.20573e-09 -5.12272e-09 
9.26695e-09 -4.40219e-09 
2.83518e-09 -4.83192e-09 
4.4655e-09 -7.23126e-09 
2.87566e-09 -7.62361e-09 
2.14736e-09 -4.40225e-09 
2.73328e-09 -6.85247e-09 
3.08282e-09 -4.6551e-09 
8.78698e-09 -7.7273e-09 
2.5374e-09 -4.78759e-09 
6.8146e-09 -4.91279e-09 
7.34837e-09 -5.58384e-09 
