2.73782e-09 -4.89278e-09 
1.92336e-09 -4.51639e-09 
2.7632e-09 -4.3052e-09 
4.78803e-09 1.52622e-08 
1.97467e-09 -4.97425e-09 
2.96056e-09 -4.14792e-09 
2.36548e-09 -4.87432e-09 
3.87812e-09 -4.90134e-09 
-6.7797e-09 -4.63712e-09 
4.54096e-09 -4.87444e-09 
2.90536e-09 -5.55989e-09 
5.15511e-09 -4.74191e-09 
2.4281e-09 -4.50471e-09 
-3.04698e-08 -4.95403e-09 
3.68293e-10 -4.72194e-09 
2.68218e-09 -5.25846e-09 
1.12066e-08 -4.89855e-09 
3.16713e-09 -4.42625e-09 
3.04905e-09 -2.28506e-09 
2.85574e-09 -2.5945e-09 
2.8579e-09 -1.93556e-09 
5.4595e-09 -5.06198e-09 
-1.08761e-09 -4.93871e-09 
2.68271e-09 -4.9405e-09 
3.01575e-10 -4.98609e-09 
1.24123e-09 -5.41971e-09 
2.73749e-09 -4.72646e-09 
2.89857e-09 -2.23831e-09 
2.5343e-09 -2.79588e-09 
-7.53223e-11 -4.82763e-09 
3.35672e-09 -4.33828e-09 
3.00946e-09 -5.04524e-09 
-1.04742e-08 -7.28618e-09 
2.55793e-09 3.94028e-09 
2.73018e-09 -1.45666e-09 
-7.6075e-09 -4.53138e-09 
1.55656e-09 -4.87737e-09 
2.43525e-09 -5.15074e-09 
5.62636e-09 -4.96426e-09 
1.48673e-08 -3.04367e-09 
2.92281e-09 -2.79123e-09 
5.26859e-09 -6.80529e-09 
4.76444e-09 -7.69543e-09 
1.58557e-09 -4.6934e-09 
2.72964e-09 -6.70424e-09 
1.76233e-09 -5.42693e-09 
4.92716e-09 -6.40987e-09 
2.92977e-09 -4.87613e-09 
4.38664e-09 -4.91867e-09 
1.11453e-08 -5.42492e-09 
