6.704e-08 7.28132e-10 
4.35415e-08 -8.04251e-09 
3.94599e-08 2.16216e-09 
-7.96247e-09 -1.99417e-07 
4.2391e-08 4.0373e-10 
4.83502e-08 3.5189e-10 
8.81047e-07 2.39561e-08 
4.66879e-08 -4.52649e-09 
4.10049e-08 3.95609e-09 
1.01449e-07 -4.79483e-08 
6.27513e-08 -3.73998e-08 
4.50499e-08 -1.05789e-09 
3.59322e-08 -4.54056e-10 
4.69228e-08 3.39288e-09 
3.92447e-08 -4.60259e-09 
9.29376e-08 3.25883e-07 
4.26931e-08 5.47475e-09 
1.23506e-08 1.24161e-07 
8.52073e-08 1.84299e-08 
2.72827e-08 -4.85749e-08 
