2.73782e-09 -4.89278e-09 
2.68033e-09 -3.57884e-09 
2.77199e-09 -5.03588e-09 
2.74963e-09 -1.14519e-08 
2.81083e-09 -4.62897e-09 
4.1369e-09 -4.51733e-09 
2.26209e-09 -4.86639e-09 
4.2431e-09 -4.82818e-09 
2.03289e-09 -4.70927e-09 
3.57732e-09 -4.91135e-09 
2.77074e-09 -4.26655e-09 
1.43789e-09 -5.00785e-09 
2.87564e-09 -1.83445e-08 
5.30726e-11 -4.99023e-09 
2.77454e-09 -4.89385e-09 
2.64008e-09 -6.13609e-09 
3.43378e-09 -5.0621e-09 
2.94034e-09 -3.87748e-09 
9.53426e-09 -4.04019e-09 
3.98531e-09 -3.82113e-09 
2.84532e-09 -5.04599e-09 
2.53031e-09 -5.51722e-09 
-1.76786e-09 -5.09739e-09 
4.85216e-09 -4.83423e-09 
4.01441e-09 -4.99668e-09 
4.55477e-09 -4.80338e-09 
2.74583e-09 -4.73497e-09 
4.12164e-09 -3.69524e-09 
2.70403e-09 -1.02105e-08 
4.40481e-09 -4.87765e-09 
3.07247e-09 -5.33229e-09 
2.98953e-09 -4.80264e-09 
-5.97904e-09 -7.27852e-09 
2.87305e-09 1.35118e-09 
2.69215e-09 -4.63629e-10 
-3.10989e-08 -4.64984e-09 
1.30545e-09 -4.88135e-09 
2.17065e-08 -6.2582e-09 
4.53452e-09 -4.64459e-09 
1.38784e-08 -4.40104e-09 
2.88724e-09 -4.12629e-09 
3.3974e-09 -6.96971e-09 
3.46311e-09 -6.01472e-09 
1.14509e-09 -5.193e-09 
2.73044e-09 -7.56134e-09 
-8.87211e-10 -5.82186e-09 
8.78378e-09 1.22952e-09 
3.06579e-09 -5.49389e-09 
2.38125e-09 -4.96722e-09 
9.70687e-10 -4.74751e-09 
