-0.238557 -0.78891 
-0.308878 0.195829 
-0.485527 -1.74808 
-0.237615 0.195567 
-0.249321 0.21427 
-0.262576 0.212851 
-0.311058 0.0536574 
-0.243485 0.11772 
-0.242923 0.167394 
-0.222448 0.153515 
-0.273722 0.508025 
-0.24468 0.274451 
-0.268455 0.271035 
-0.306679 -0.0376934 
-0.187281 0.190754 
-0.319821 -0.0905367 
-0.108115 1.21225 
-0.252655 0.312607 
-0.130399 0.198092 
-0.227634 0.185745 
-0.297308 0.17881 
-0.241455 0.879631 
-0.295073 0.214228 
-0.192799 0.0880896 
-0.349741 0.0653337 
-0.249955 0.257466 
-0.315544 0.179989 
-0.244657 0.162497 
-0.200953 0.234179 
-0.244616 0.184889 
-0.321663 0.330765 
-0.219351 0.187936 
-0.0451987 0.212222 
-0.285266 0.166714 
-0.300588 0.186412 
-0.229856 0.143347 
-0.244577 0.195492 
-0.240418 0.122173 
-0.231193 0.168289 
-0.340655 0.195005 
-0.221024 0.0662655 
-0.475819 0.327372 
-0.234719 0.214175 
-0.245628 0.205313 
-0.261753 0.158857 
-0.264352 0.245267 
-0.323916 -0.503099 
-0.299956 0.183088 
-0.32816 0.178004 
-0.201853 0.177204 
