2.73782e-09 -4.89278e-09 
1.55927e-09 -5.26958e-09 
2.80294e-09 -5.03264e-09 
4.33571e-09 6.89838e-09 
2.04428e-09 -4.61488e-09 
3.03786e-09 -4.5455e-09 
1.19962e-09 -4.87827e-09 
2.96479e-09 -4.89624e-09 
-2.96384e-09 -5.77882e-09 
6.37266e-09 -4.86281e-09 
2.8213e-09 -5.20676e-09 
1.23732e-09 -5.09845e-09 
2.62372e-09 -5.4986e-09 
-3.03361e-08 -4.87622e-09 
9.50194e-11 -4.96669e-09 
2.71426e-09 -4.75495e-09 
1.08356e-08 -4.91719e-09 
3.39005e-09 -2.47953e-09 
-7.33655e-10 -3.62926e-09 
3.09353e-09 -4.22576e-09 
2.96616e-09 -3.9094e-09 
4.65568e-09 -5.20805e-09 
-1.3286e-09 -4.79964e-09 
4.98154e-09 -4.9185e-09 
-3.96173e-10 -4.94484e-09 
1.1224e-09 -5.36011e-09 
2.73621e-09 -4.69854e-09 
1.72046e-09 -2.1448e-09 
2.35614e-09 -7.11885e-09 
2.60801e-10 -4.97546e-09 
3.46572e-09 -2.42931e-09 
3.02833e-09 -5.1828e-09 
-3.35692e-09 -7.07163e-09 
2.40498e-09 -1.45626e-09 
2.68028e-09 -2.81405e-10 
-8.97968e-09 -4.00416e-09 
4.94193e-09 -4.74523e-09 
4.68765e-09 -4.93232e-09 
4.66475e-09 -4.69144e-09 
6.369e-09 -4.70425e-09 
2.97341e-09 -3.54243e-09 
4.24505e-09 -6.81494e-09 
4.08209e-09 -7.76724e-09 
2.61443e-10 -4.72774e-09 
2.73173e-09 -4.28334e-09 
3.83565e-09 -5.55172e-09 
1.61052e-09 -1.15231e-08 
2.93837e-09 -5.2797e-09 
7.07242e-09 -4.93978e-09 
2.57919e-09 -5.60299e-09 
