2.73782e-09 -4.89278e-09 
1.86725e-09 -6.01041e-09 
2.72886e-09 -4.40145e-09 
2.95933e-09 7.59125e-09 
2.25174e-09 -4.79809e-09 
2.62335e-09 -4.53003e-09 
2.00308e-09 -4.9054e-09 
3.35606e-09 -4.8581e-09 
1.22448e-09 -1.56167e-09 
3.22726e-09 -4.88283e-09 
2.86524e-09 -5.84427e-09 
3.32741e-09 -5.28515e-09 
2.20328e-09 -6.42881e-09 
5.84248e-09 -4.8221e-09 
1.37752e-09 -4.56902e-09 
2.58714e-09 -7.9369e-09 
9.74345e-09 -4.80974e-09 
8.53274e-10 -3.48107e-09 
9.45704e-09 -3.3502e-09 
2.25754e-09 -5.31042e-09 
3.15521e-09 -3.58224e-09 
-1.29778e-09 -5.13009e-09 
2.29517e-09 -4.83534e-09 
2.26151e-09 -4.90865e-09 
-3.81085e-10 -4.92276e-09 
-1.63456e-09 -5.48926e-09 
2.74193e-09 -4.76604e-09 
2.97272e-09 3.88255e-10 
2.60868e-09 -8.66963e-09 
-1.88565e-09 -4.83972e-09 
2.56939e-09 -6.82815e-10 
3.27364e-09 -5.18263e-09 
3.39055e-09 -4.24466e-09 
2.01011e-09 3.73891e-12 
2.63161e-09 -3.49778e-09 
1.59952e-08 -5.39967e-09 
5.94432e-09 -4.76899e-09 
-5.81249e-09 -5.49829e-09 
4.24414e-09 -4.68036e-09 
3.95771e-10 -5.27533e-09 
2.85766e-09 -6.27996e-09 
4.06339e-09 -4.13494e-09 
4.99815e-09 -4.99732e-09 
1.83411e-09 -3.9429e-09 
2.73695e-09 -2.07488e-09 
3.35579e-09 -5.26729e-09 
3.1157e-09 -1.54041e-08 
2.8436e-09 -5.22862e-09 
5.94949e-09 -4.98834e-09 
1.20301e-08 -5.43413e-09 
