2.73782e-09 -4.89278e-09 
2.07277e-09 -4.32449e-09 
2.67599e-09 -3.79788e-09 
-8.66348e-11 5.46276e-09 
1.91362e-09 -4.54315e-09 
2.42797e-09 -5.6282e-09 
1.52043e-09 -4.88456e-09 
2.6312e-09 -4.7373e-09 
2.45399e-09 -4.72215e-09 
-2.12246e-09 -4.88668e-09 
2.85786e-09 -5.5724e-09 
6.27606e-09 -5.61387e-09 
2.6163e-09 -9.04007e-09 
8.97577e-09 -4.97232e-09 
7.32155e-10 -4.53342e-09 
2.34522e-09 -5.54492e-09 
9.80521e-09 -4.93195e-09 
2.07849e-09 -3.17164e-09 
1.50419e-08 -2.34286e-09 
2.88944e-09 -5.69234e-09 
3.0931e-09 -3.69628e-09 
-6.21935e-09 -4.75603e-09 
3.70545e-09 -4.86063e-09 
1.95721e-09 -4.86632e-09 
2.26757e-09 -4.8835e-09 
3.89037e-09 -5.01999e-09 
2.74619e-09 -4.63415e-09 
3.573e-09 -4.88626e-09 
2.97491e-09 -8.11969e-09 
6.43313e-11 -4.80085e-09 
2.1895e-09 -2.0976e-09 
3.5975e-09 -5.05537e-09 
-3.98461e-09 -2.30354e-09 
2.32109e-09 -8.72548e-09 
2.70243e-09 -6.23934e-09 
2.90792e-08 -5.53221e-09 
2.92638e-09 -4.95918e-09 
1.04787e-08 -5.97902e-09 
2.55365e-09 -4.76578e-09 
3.2105e-09 -5.45763e-09 
3.05336e-09 -4.60852e-09 
2.76919e-09 -1.22759e-09 
6.43185e-09 -2.37989e-09 
8.88829e-10 -5.16652e-09 
2.7423e-09 -3.64047e-09 
-1.74453e-10 -4.99376e-09 
6.81917e-09 -8.98259e-09 
2.78069e-09 -4.81735e-09 
9.05497e-09 -4.94823e-09 
1.58414e-08 -4.76831e-09 
