2.73782e-09 -4.89278e-09 
2.13288e-09 -3.45832e-09 
2.67233e-09 -4.47793e-09 
-1.98646e-10 -5.73086e-09 
2.6518e-09 -4.46331e-09 
2.88351e-09 -5.81997e-09 
2.6658e-09 -4.88282e-09 
5.82058e-09 -4.71606e-09 
-6.81323e-09 -6.35186e-09 
-8.25176e-10 -4.88645e-09 
2.94598e-09 -4.8983e-09 
4.81406e-09 -4.91989e-09 
2.95256e-09 -7.04695e-09 
9.71643e-09 -4.96433e-09 
1.32247e-09 -4.40567e-09 
2.46911e-09 -5.45652e-09 
8.61914e-09 -4.97861e-09 
2.63772e-09 -4.3929e-09 
1.56719e-08 -2.19263e-09 
3.89702e-09 -2.39172e-09 
3.30402e-09 -4.20904e-09 
7.72349e-09 -4.79243e-09 
2.84371e-09 -5.06246e-09 
-2.45963e-10 -4.7504e-09 
2.19907e-09 -5.02319e-09 
4.04514e-09 -4.97683e-09 
2.74281e-09 -4.90876e-09 
4.65477e-09 -2.95225e-09 
1.90773e-09 -9.66135e-09 
2.74825e-09 -4.76438e-09 
2.81035e-09 -3.67064e-09 
3.94109e-09 -4.54046e-09 
-7.60114e-09 -6.61403e-09 
2.59141e-09 7.72815e-09 
2.72869e-09 -1.51587e-09 
-2.61409e-08 -5.47033e-09 
2.98797e-09 -5.03785e-09 
2.35854e-09 -5.75466e-09 
3.78736e-09 -4.85873e-09 
3.33009e-09 -5.3101e-09 
2.90847e-09 -5.88726e-09 
2.29803e-09 -6.44814e-09 
5.78631e-09 -4.14747e-09 
2.9302e-09 -4.78607e-09 
2.73433e-09 -6.37653e-09 
2.33338e-09 -5.84926e-09 
5.71825e-09 -6.56983e-09 
2.64539e-09 -4.87442e-09 
7.71698e-09 -4.9877e-09 
4.48368e-09 -4.3571e-09 
