-0.34695 0.107426 
-0.299429 0.0988205 
-0.520927 -3.02873 
-0.332442 0.176844 
-0.353373 0.235277 
-0.30038 0.199566 
-0.30609 -0.0383372 
-0.316269 0.0512072 
-0.393913 0.128562 
-0.233443 0.121902 
-0.281541 0.381691 
-0.322688 -0.119176 
-0.277606 0.0455399 
-0.283378 0.252625 
-0.34362 0.184888 
-0.384001 0.129095 
0.0128588 -1.24298 
-0.330332 0.276372 
-0.183072 -0.0588337 
-0.250648 0.177706 
-0.259014 0.309216 
-0.334645 0.544869 
-0.272752 0.167681 
-0.209933 -0.0707346 
-0.367704 -0.189871 
-0.300724 0.258618 
-0.366802 0.140989 
-0.289496 0.152158 
-0.104852 0.167144 
-0.323427 0.193137 
-0.33418 0.138524 
-0.236057 0.175963 
-0.380894 0.168085 
-0.337544 0.277776 
-0.319201 0.12463 
-0.151959 0.15805 
-0.245373 0.179678 
-0.222042 0.0759597 
-0.335103 0.176776 
-0.385812 0.191553 
-0.326439 0.13281 
-0.229507 0.168367 
-0.269578 0.193208 
-0.281634 0.182218 
-0.372941 0.190591 
-0.309262 0.238062 
-0.291956 0.289104 
-0.229054 0.183921 
-0.318755 0.156905 
-0.172214 0.177907 
