2.73782e-09 -4.89278e-09 
2.78093e-09 -4.74095e-09 
2.82138e-09 -4.49965e-09 
1.27097e-09 -2.11948e-09 
2.00638e-09 -4.34501e-09 
3.03902e-09 -4.97847e-09 
1.31438e-09 -4.88626e-09 
2.70763e-09 -4.87916e-09 
-1.13084e-09 -7.64462e-09 
8.6487e-09 -4.88592e-09 
2.75856e-09 -5.2235e-09 
5.7098e-09 -4.97315e-09 
2.69724e-09 -1.51118e-08 
1.72581e-08 -4.92875e-09 
1.40971e-09 -4.76692e-09 
2.7159e-09 -6.32994e-09 
2.51977e-09 -4.98135e-09 
1.8006e-09 -4.2965e-09 
5.85887e-09 -3.43822e-09 
2.71371e-09 -5.37559e-09 
3.06024e-09 -4.85563e-09 
-1.25148e-09 -4.34637e-09 
1.06184e-09 -4.8781e-09 
1.34998e-09 -4.93572e-09 
2.70207e-09 -4.93319e-09 
4.37627e-09 -5.13903e-09 
2.74696e-09 -4.66275e-09 
2.60469e-09 -3.9837e-09 
2.63776e-09 -9.82438e-09 
-1.27415e-09 -4.75911e-09 
2.55644e-09 -3.71263e-09 
3.33048e-09 -4.7124e-09 
-7.24937e-09 -1.66275e-09 
3.01586e-09 -2.34852e-09 
2.73182e-09 -5.24087e-09 
1.16137e-08 -5.20756e-09 
4.63227e-09 -4.67727e-09 
1.03458e-08 -5.64878e-09 
2.73994e-09 -4.87717e-09 
4.58917e-09 -4.74428e-09 
2.91501e-09 -5.32529e-09 
3.18315e-09 -2.60264e-09 
2.81344e-09 -7.62183e-09 
9.37e-10 -4.8163e-09 
2.74594e-09 -3.54583e-09 
3.73406e-10 -5.37188e-09 
5.92136e-09 -4.18588e-09 
3.16728e-09 -4.95425e-09 
8.18433e-09 -4.94759e-09 
7.30174e-09 -5.5201e-09 
