2.73782e-09 -4.89278e-09 
1.81034e-09 -4.27307e-09 
2.78237e-09 -5.13412e-09 
-5.20042e-11 -2.35134e-09 
3.13786e-09 -4.60771e-09 
3.68283e-09 -4.39266e-09 
2.06233e-09 -4.87154e-09 
1.62981e-09 -4.75014e-09 
2.06194e-09 -5.76479e-09 
-3.6937e-10 -4.89357e-09 
2.79786e-09 -4.86572e-09 
1.29086e-09 -4.72529e-09 
2.65162e-09 -4.9123e-09 
1.50509e-09 -4.92451e-09 
2.42633e-09 -4.97557e-09 
2.67547e-09 -7.46304e-09 
4.63338e-09 -5.04609e-09 
2.91593e-09 2.15729e-10 
7.10001e-09 -4.58738e-09 
3.59267e-09 -3.51121e-09 
3.10766e-09 -5.5933e-09 
3.14486e-10 -5.93718e-09 
-1.10739e-09 -5.38544e-09 
-1.22399e-09 -4.88329e-09 
1.25628e-09 -4.92076e-09 
-6.08721e-10 -4.80237e-09 
2.7403e-09 -4.72569e-09 
2.14255e-09 -2.72635e-08 
2.14754e-09 -8.84481e-09 
-1.36354e-11 -4.6821e-09 
3.28684e-09 -3.9365e-09 
3.07652e-09 -4.83725e-09 
-4.00031e-09 -8.18318e-09 
2.90779e-09 -3.77347e-09 
2.71243e-09 -2.3748e-09 
1.60792e-08 -5.05262e-09 
3.12589e-09 -4.93877e-09 
-1.20999e-09 -2.97472e-09 
4.26297e-09 -4.71178e-09 
2.60941e-09 -5.23208e-09 
2.48361e-09 -1.2476e-09 
2.62291e-09 -6.95362e-09 
8.65456e-09 -6.1041e-09 
2.391e-09 -4.20807e-09 
2.72714e-09 -4.91001e-09 
2.28279e-09 -5.49539e-09 
6.5688e-09 -5.35095e-09 
4.04221e-09 -5.21872e-09 
6.61584e-09 -4.95512e-09 
1.84172e-08 -4.69984e-09 
