2.73782e-09 -4.89278e-09 
2.01547e-09 -4.19221e-09 
2.7737e-09 -4.47734e-09 
-2.44535e-10 -2.13868e-09 
3.28904e-09 -4.78361e-09 
2.84979e-09 -4.77702e-09 
2.02524e-09 -4.86835e-09 
1.58666e-09 -4.77193e-09 
-1.58492e-09 -3.98543e-09 
-1.81326e-09 -4.89901e-09 
2.78548e-09 -4.63466e-09 
4.91836e-09 -4.96224e-09 
2.31893e-09 -8.43185e-09 
-2.13701e-09 -4.94423e-09 
1.00702e-09 -4.89093e-09 
2.88984e-09 -5.45124e-09 
5.05063e-09 -5.07504e-09 
7.79873e-10 -4.98385e-09 
7.59964e-09 -2.15961e-09 
3.52292e-09 -4.73076e-09 
3.05085e-09 -4.08871e-09 
-1.54297e-09 -6.00265e-09 
3.81897e-09 -5.67499e-09 
7.84334e-09 -4.8405e-09 
2.67149e-09 -4.94319e-09 
2.0404e-09 -5.0881e-09 
2.74215e-09 -4.66101e-09 
3.63212e-09 1.5925e-08 
2.37478e-09 -1.0497e-08 
-7.97054e-10 -4.88405e-09 
3.22584e-09 -3.63531e-09 
3.34627e-09 -5.19678e-09 
7.78353e-10 -6.68904e-09 
2.34146e-09 1.83423e-09 
2.74801e-09 -5.53686e-09 
-2.42908e-08 -5.0829e-09 
2.63323e-09 -4.84093e-09 
1.01527e-08 -5.77052e-09 
5.32947e-09 -4.49368e-09 
5.24225e-09 -5.25987e-09 
3.37571e-09 -4.23144e-09 
2.25324e-09 -8.17391e-09 
4.29998e-09 -6.17748e-09 
2.51027e-09 -5.41588e-09 
2.72706e-09 -5.16034e-09 
4.90212e-09 -5.74175e-09 
4.79818e-09 -5.80147e-09 
3.45231e-09 -4.90226e-09 
4.97993e-10 -4.98561e-09 
6.12755e-09 -4.20379e-09 
