2.73782e-09 -4.89278e-09 
1.88537e-09 -4.25344e-09 
2.74329e-09 -4.91201e-09 
1.37295e-09 -2.3296e-09 
3.15061e-09 -4.87539e-09 
3.05218e-09 -4.50524e-09 
1.78476e-09 -4.86633e-09 
1.67717e-09 -4.88382e-09 
1.54931e-09 -4.35129e-09 
7.85766e-09 -4.88814e-09 
2.72557e-09 -4.99615e-09 
-1.42152e-09 -4.80945e-09 
2.1288e-09 -1.26289e-08 
1.35825e-09 -4.86514e-09 
2.80883e-09 -4.69666e-09 
2.64486e-09 -8.16225e-09 
1.0381e-08 -5.06357e-09 
3.94123e-09 -3.61208e-09 
3.73174e-09 -3.39921e-09 
3.59792e-09 -3.6705e-09 
3.48471e-09 -5.28053e-09 
4.61438e-09 -6.01771e-09 
-2.22345e-09 -4.79413e-09 
5.31788e-10 -4.86269e-09 
2.43163e-09 -4.99864e-09 
1.73946e-09 -4.85974e-09 
2.73845e-09 -4.83073e-09 
3.48789e-09 -1.63343e-08 
1.93001e-09 -4.97471e-09 
4.63716e-09 -4.71365e-09 
2.44443e-09 -6.24948e-09 
2.42379e-09 -4.87562e-09 
-4.66454e-09 -1.14086e-08 
2.31513e-09 -1.92836e-09 
2.73632e-09 -1.52353e-09 
3.40471e-08 -4.98178e-09 
3.51215e-09 -4.80248e-09 
-5.53489e-09 -2.08321e-09 
-1.14545e-09 -4.42021e-09 
9.47405e-10 -4.58348e-09 
2.71313e-09 -3.16045e-09 
2.52458e-09 -3.45008e-09 
5.83661e-09 -8.05201e-09 
1.95731e-09 -3.57786e-09 
2.72632e-09 -5.36214e-09 
-1.44118e-09 -5.60396e-09 
1.0428e-08 -5.21421e-09 
3.79356e-09 -5.58886e-09 
1.03191e-08 -4.92355e-09 
1.57148e-08 -4.21256e-09 
