2.73782e-09 -4.89278e-09 
1.57004e-09 -3.89635e-09 
2.76815e-09 -4.83865e-09 
-1.98536e-09 -4.36324e-09 
2.57328e-09 -4.84138e-09 
3.74043e-09 -4.78945e-09 
2.07976e-09 -4.85274e-09 
1.9426e-09 -4.84811e-09 
-1.04553e-09 -5.28539e-09 
8.01555e-09 -4.90146e-09 
2.71994e-09 -4.94988e-09 
8.17848e-10 -4.68138e-09 
2.3403e-09 -1.28584e-08 
-5.38465e-09 -4.84057e-09 
2.57867e-09 -5.0077e-09 
2.81904e-09 -8.56349e-09 
2.9192e-09 -4.91363e-09 
3.02234e-09 -2.6475e-09 
7.29912e-09 -4.14808e-09 
4.07123e-09 -5.03853e-09 
3.05399e-09 -4.73325e-09 
-5.15337e-09 -5.49428e-09 
4.32348e-10 -4.97186e-09 
2.66252e-09 -4.87092e-09 
2.64499e-09 -4.98383e-09 
1.05525e-09 -4.85623e-09 
2.74678e-09 -4.7641e-09 
2.9243e-09 -1.25163e-08 
2.16916e-09 -8.80841e-09 
-3.85626e-09 -4.90831e-09 
2.96863e-09 -3.37536e-09 
3.94908e-09 -5.1054e-09 
-7.75467e-10 -4.67705e-09 
1.97635e-09 -2.48948e-09 
2.74894e-09 -1.52762e-09 
-3.00275e-09 -5.29441e-09 
2.16978e-09 -4.91259e-09 
-3.04265e-12 -4.52808e-09 
3.38319e-09 -4.20634e-09 
2.407e-09 -5.12192e-09 
2.92044e-09 -4.68364e-09 
2.28802e-09 -7.86844e-09 
2.00385e-09 -6.30705e-09 
1.90075e-09 -3.45625e-09 
2.72516e-09 -4.78081e-09 
4.46547e-09 -5.88214e-09 
1.96857e-09 -4.67622e-09 
3.09524e-09 -4.9498e-09 
7.20463e-09 -4.93539e-09 
9.92837e-09 -4.26908e-09 
