2.73782e-09 -4.89278e-09 
1.80461e-09 -4.34338e-09 
2.79013e-09 -5.00102e-09 
7.08958e-11 3.765e-09 
2.77963e-09 -4.92265e-09 
3.52879e-09 -4.95153e-09 
2.96055e-09 -4.86824e-09 
2.65731e-09 -4.72337e-09 
1.18202e-09 -6.01298e-09 
2.91898e-09 -4.8955e-09 
2.58261e-09 -5.13555e-09 
2.21413e-09 -4.79258e-09 
1.78357e-09 -1.07021e-08 
-7.85148e-09 -5.08327e-09 
1.01066e-09 -5.02633e-09 
2.79e-09 -5.86241e-09 
8.30257e-09 -4.93077e-09 
2.0006e-09 -2.79472e-09 
1.61919e-09 -3.10752e-09 
4.75642e-09 -3.5465e-09 
2.75519e-09 -4.94129e-09 
-6.61045e-09 -7.01252e-09 
-9.00919e-10 -5.00917e-09 
1.03639e-09 -4.90566e-09 
2.07422e-09 -4.83641e-09 
2.04514e-09 -4.8183e-09 
2.74539e-09 -4.60303e-09 
3.8789e-09 -1.08039e-08 
1.71367e-09 -8.41261e-09 
-6.85859e-09 -4.9043e-09 
2.78947e-09 -3.53513e-09 
3.41061e-09 -4.71172e-09 
3.15466e-09 -1.3564e-08 
1.11857e-09 -3.58065e-09 
2.77724e-09 -3.40909e-09 
-3.16788e-08 -4.99209e-09 
3.78943e-09 -4.9328e-09 
2.81426e-09 -5.40022e-09 
-2.75443e-09 -4.4802e-09 
3.82676e-09 -4.14445e-09 
2.82953e-09 -5.51119e-09 
2.8135e-09 -5.93143e-09 
4.45997e-09 -8.0036e-09 
2.48099e-09 -3.24207e-09 
2.73113e-09 -4.79038e-09 
3.29924e-09 -5.0248e-09 
2.85254e-09 -4.83876e-09 
3.19474e-09 -5.01841e-09 
5.67618e-09 -4.85031e-09 
4.35984e-09 -5.18243e-09 
