2.73782e-09 -4.89278e-09 
2.03486e-09 -4.12192e-09 
2.81328e-09 -5.22721e-09 
-1.79621e-09 -1.12276e-08 
1.8629e-09 -4.82099e-09 
4.02379e-09 -4.41283e-09 
6.7234e-10 -4.87531e-09 
2.57305e-09 -4.84178e-09 
-1.593e-09 -4.88862e-09 
6.74866e-09 -4.89293e-09 
2.52094e-09 -4.88175e-09 
3.47544e-09 -5.3892e-09 
2.6868e-09 -6.90634e-09 
-1.57128e-08 -4.79813e-09 
1.37903e-09 -4.58083e-09 
2.96005e-09 -7.45791e-09 
-1.79086e-10 -4.90424e-09 
1.79486e-09 -3.64296e-09 
-2.27128e-09 -3.47844e-09 
3.58709e-09 -2.92e-09 
2.48967e-09 -5.00338e-09 
-2.36634e-09 -4.27267e-09 
5.11737e-09 -5.05675e-09 
5.47723e-09 -4.84323e-09 
1.85633e-09 -4.74165e-09 
-1.45723e-09 -4.9074e-09 
2.74044e-09 -4.80143e-09 
2.3793e-09 8.0513e-09 
3.06213e-09 -8.10673e-09 
3.16847e-09 -4.89386e-09 
3.22545e-09 -2.29293e-09 
3.71208e-09 -4.98217e-09 
-6.29485e-09 -1.75955e-09 
3.39488e-09 -1.31135e-10 
2.66404e-09 -4.84723e-09 
-4.99813e-08 -4.93886e-09 
2.17781e-09 -4.92398e-09 
2.74991e-09 -6.24386e-09 
4.85724e-09 -4.9018e-09 
3.92736e-09 -7.40365e-09 
2.81267e-09 -7.40039e-09 
3.92684e-09 -6.15477e-09 
3.65689e-09 -6.09287e-09 
2.33336e-09 -4.04785e-09 
2.73249e-09 -4.32584e-09 
4.66972e-09 -6.09226e-09 
1.06633e-09 -4.90657e-09 
2.77573e-09 -5.13141e-09 
8.90034e-09 -5.01654e-09 
3.48629e-09 -4.85462e-09 
