2.73782e-09 -4.89278e-09 
3.2435e-09 -4.21027e-09 
2.71276e-09 -4.29987e-09 
5.47673e-09 -2.19035e-09 
3.0132e-09 -4.60149e-09 
2.39701e-09 -4.9085e-09 
2.02548e-09 -4.88433e-09 
2.71503e-09 -4.77327e-09 
2.593e-10 -1.65157e-09 
2.48215e-09 -4.87764e-09 
2.86902e-09 -4.95279e-09 
4.15644e-09 -5.15076e-09 
2.44393e-09 -9.48647e-09 
1.50141e-08 -5.04371e-09 
2.49553e-09 -4.34188e-09 
2.38054e-09 -6.27967e-09 
1.04306e-08 -4.90646e-09 
2.0419e-09 -4.26128e-09 
2.02377e-08 -1.66135e-09 
1.74785e-09 -5.06267e-09 
3.23465e-09 -3.16976e-09 
-2.82729e-09 -5.1232e-09 
-1.19146e-09 -4.9814e-09 
6.38794e-09 -4.89485e-09 
9.9821e-10 -5.05867e-09 
3.46997e-09 -5.34337e-09 
2.73203e-09 -4.68748e-09 
2.36847e-09 -1.23108e-08 
1.91679e-09 -6.27604e-09 
7.80737e-09 -4.87222e-09 
2.73525e-09 -3.1185e-09 
2.32288e-09 -5.02188e-09 
-7.16773e-11 -8.33952e-09 
2.24856e-09 -5.71901e-09 
2.69518e-09 -4.82845e-10 
2.95998e-08 -5.08669e-09 
4.49975e-09 -4.41875e-09 
3.93697e-09 -4.81508e-09 
1.90657e-09 -4.52612e-09 
7.45794e-09 -3.72914e-09 
2.89172e-09 -3.97747e-09 
2.19212e-09 -5.32117e-09 
4.89671e-09 -4.89979e-09 
2.55684e-09 -6.49723e-09 
2.73091e-09 -3.91146e-09 
1.49645e-09 -4.83403e-09 
5.85701e-09 -3.04837e-09 
3.14078e-09 -5.05616e-09 
5.61913e-09 -4.90151e-09 
1.19924e-08 -5.62921e-09 
