2.73782e-09 -4.89278e-09 
1.54997e-09 -3.60823e-09 
2.82266e-09 -4.49936e-09 
1.7828e-09 -1.05866e-08 
2.89566e-09 -4.93033e-09 
4.87583e-09 -4.59729e-09 
1.82924e-09 -4.87364e-09 
4.23755e-09 -4.80893e-09 
1.73598e-09 -4.02005e-11 
1.50121e-08 -4.87382e-09 
2.71745e-09 -5.04521e-09 
2.65369e-09 -5.74852e-09 
3.05849e-09 -3.65668e-09 
-4.85144e-08 -5.01625e-09 
3.12195e-09 -4.60558e-09 
2.80308e-09 -8.96452e-09 
-9.26516e-10 -4.96731e-09 
2.27253e-09 -2.51706e-09 
-7.81888e-09 -6.06173e-09 
4.346e-09 -3.87293e-09 
2.72703e-09 -3.76424e-09 
1.73026e-10 -4.51228e-09 
3.23075e-09 -4.95461e-09 
4.5046e-09 -4.80853e-09 
1.66831e-09 -4.84935e-09 
1.34612e-09 -5.59366e-09 
2.74594e-09 -4.79076e-09 
3.99181e-09 1.81471e-09 
3.20091e-09 -8.54988e-09 
8.02797e-09 -4.68425e-09 
3.04358e-09 -1.8988e-09 
2.69363e-09 -5.15342e-09 
1.26371e-09 3.04642e-10 
3.10009e-09 1.67432e-09 
2.6472e-09 -6.37509e-09 
-1.54594e-08 -5.08734e-09 
3.04355e-09 -4.94341e-09 
7.50631e-09 -5.6821e-09 
6.55973e-09 -4.72087e-09 
-2.41983e-09 -5.97182e-09 
2.88149e-09 -8.51354e-09 
3.81457e-09 -6.0293e-09 
4.68081e-09 -3.95145e-09 
3.18483e-09 -1.90792e-09 
2.73388e-09 -5.11751e-09 
-2.04463e-09 -5.45514e-09 
6.7626e-09 -6.2812e-09 
3.02794e-09 -4.93909e-09 
6.80154e-09 -4.98678e-09 
1.05384e-08 -5.32798e-09 
