2.73782e-09 -4.89278e-09 
2.02691e-09 -4.68513e-09 
2.72875e-09 -4.71872e-09 
1.89972e-09 6.34065e-09 
1.92385e-09 -4.80998e-09 
1.33272e-09 -4.59812e-09 
3.28981e-09 -4.88826e-09 
3.02212e-09 -4.91433e-09 
-2.48054e-09 -7.38974e-09 
-2.41216e-09 -4.89195e-09 
2.96501e-09 -5.13684e-09 
3.8001e-09 -4.40528e-09 
1.48899e-09 -1.35522e-08 
4.71105e-08 -4.94187e-09 
-1.35044e-09 -4.8063e-09 
2.34763e-09 -2.58967e-09 
9.01313e-09 -4.94298e-09 
2.77834e-09 -5.77405e-09 
2.53701e-08 -1.63295e-09 
3.60879e-09 -5.21365e-09 
3.46067e-09 -2.11283e-09 
-1.39361e-09 -3.28114e-09 
-1.3945e-09 -4.9123e-09 
5.19985e-09 -4.91738e-09 
1.33555e-09 -5.03569e-09 
1.4778e-09 -4.75381e-09 
2.73615e-09 -4.82154e-09 
3.80907e-09 -2.27612e-09 
1.52083e-09 -5.44489e-09 
4.80609e-09 -4.92269e-09 
2.58357e-09 -3.91371e-09 
2.72917e-09 -5.06744e-09 
-2.45604e-09 -2.10021e-08 
2.20639e-09 2.44754e-10 
2.71673e-09 1.45811e-09 
3.3647e-08 -5.15323e-09 
3.23682e-09 -4.75806e-09 
4.29442e-10 -5.33977e-09 
5.58551e-09 -4.74912e-09 
6.60896e-09 -4.62698e-09 
2.7468e-09 -4.99279e-09 
2.28385e-09 -5.50998e-09 
4.15668e-09 -7.91431e-09 
1.36245e-09 -7.24004e-09 
2.72556e-09 -4.80573e-09 
6.43681e-09 -4.99999e-09 
1.22516e-09 -2.96478e-09 
2.76459e-09 -5.56591e-09 
2.83913e-09 -4.90698e-09 
1.08086e-08 -5.55559e-09 
