3.31659e-08 2.27876e-09 
3.18962e-08 1.66024e-08 
3.30805e-08 2.81466e-09 
2.84419e-08 -4.37443e-10 
3.35775e-08 -5.30493e-09 
3.71423e-08 -2.19745e-09 
1.76354e-06 -1.93225e-08 
3.52306e-08 2.21251e-08 
3.0715e-08 5.4052e-09 
1.66723e-07 -3.30487e-08 
2.14334e-08 -4.14091e-10 
2.87996e-08 3.32539e-09 
3.19674e-08 1.97899e-09 
3.2153e-08 2.05997e-09 
3.1845e-08 1.49648e-09 
2.30504e-08 3.19197e-08 
3.16377e-08 3.1471e-09 
3.85353e-08 -4.18696e-08 
-6.38948e-08 8.68369e-09 
2.71028e-08 1.45022e-09 
