2.73782e-09 -4.89278e-09 
1.7031e-09 -4.30317e-09 
2.78295e-09 -3.82321e-09 
8.25428e-10 -5.4728e-09 
2.23078e-09 -4.74086e-09 
4.86818e-09 -4.846e-09 
1.4514e-09 -4.86676e-09 
5.80812e-09 -4.73239e-09 
8.60878e-10 2.52287e-09 
8.60041e-09 -4.87864e-09 
2.79296e-09 -4.98126e-09 
4.20838e-09 -5.40604e-09 
3.01138e-09 -8.49634e-09 
-4.01704e-08 -4.87045e-09 
5.61343e-09 -4.51627e-09 
2.81023e-09 -6.1923e-09 
1.00599e-08 -4.93508e-09 
1.56748e-09 -2.49269e-09 
-8.06746e-09 -4.09256e-09 
3.38266e-09 -3.98519e-09 
2.75147e-09 -5.71642e-09 
3.16515e-09 -4.93841e-09 
4.15533e-09 -4.95112e-09 
5.20659e-09 -4.80361e-09 
2.50995e-09 -4.81688e-09 
-7.5494e-10 -5.23214e-09 
2.74752e-09 -4.74176e-09 
4.85787e-09 3.41006e-09 
3.85332e-09 -8.61746e-09 
-1.19021e-08 -4.76668e-09 
3.04503e-09 -3.99908e-09 
3.07716e-09 -4.59343e-09 
-2.80398e-09 6.6751e-10 
2.86869e-09 -5.75775e-09 
2.66016e-09 -4.92406e-09 
-5.51852e-08 -5.23752e-09 
3.39604e-09 -4.95425e-09 
8.80235e-09 -5.39717e-09 
2.69785e-09 -4.56219e-09 
-2.13102e-09 -6.65744e-09 
2.70657e-09 -5.53284e-09 
3.80954e-09 -5.51505e-09 
5.43878e-09 -3.8503e-09 
1.52274e-09 -2.52525e-09 
2.74275e-09 -2.28125e-09 
-6.89082e-10 -5.60647e-09 
6.95852e-09 -6.51447e-09 
2.67552e-09 -5.72949e-09 
9.22505e-09 -5.01764e-09 
1.21135e-08 -5.05642e-09 
