-0.267534 0.0969725 
-0.323003 0.0709229 
-0.318646 -2.16103 
-0.308467 0.0733505 
-0.332835 0.160038 
-0.292214 0.0793739 
-0.321475 -0.0439405 
-0.308226 0.271772 
-0.298784 0.189338 
-0.258525 0.120589 
-0.350984 0.0230911 
-0.339957 0.428891 
-0.349596 0.0456255 
-0.321286 -0.109116 
-0.245601 0.0857806 
-0.250727 0.0626697 
-0.396629 0.70801 
-0.320639 -0.010179 
-0.364552 0.141714 
-0.294303 0.0874479 
-0.137625 0.120852 
-0.441338 -0.106279 
-0.357019 0.107359 
-0.158961 0.0928779 
-0.257035 0.00532029 
-0.288859 0.113999 
-0.288644 0.0553321 
-0.278922 0.125986 
-0.459596 0.0830706 
-0.276159 0.120713 
-0.341613 0.141916 
-0.381481 0.122847 
-0.144762 0.122257 
-0.328142 0.139645 
-0.322568 0.127264 
-0.281996 0.0158598 
-0.318369 0.132341 
-0.352715 -0.0179841 
-0.284804 0.0534397 
-0.368156 0.0696936 
-0.332677 0.132015 
-0.47221 0.177912 
-0.265631 0.142524 
-0.330597 0.118529 
-0.327643 0.186344 
-0.319881 0.0272118 
-0.331917 0.312199 
-0.39448 0.0788283 
-0.272727 0.116946 
-0.324771 0.163578 
