2.73782e-09 -4.89278e-09 
2.42764e-09 -3.87655e-09 
2.76652e-09 -3.40546e-09 
1.59152e-09 -6.2945e-10 
3.13805e-09 -4.83263e-09 
2.43844e-09 -4.88025e-09 
1.92127e-09 -4.88386e-09 
2.66331e-09 -4.72745e-09 
-1.9383e-09 -5.98487e-09 
8.95117e-09 -4.88317e-09 
2.71468e-09 -4.80938e-09 
3.54947e-09 -5.58144e-09 
2.63498e-09 -1.86973e-08 
2.03644e-08 -5.02135e-09 
1.03527e-08 -4.90939e-09 
2.81686e-09 -8.46262e-09 
1.50493e-09 -4.86312e-09 
2.35924e-09 -4.40527e-09 
2.09824e-08 -6.12529e-09 
2.83723e-09 -4.45613e-09 
2.35846e-09 -5.85505e-09 
-5.9288e-09 -3.30217e-09 
-5.68031e-10 -5.05947e-09 
3.62051e-09 -4.7948e-09 
1.93132e-09 -4.79686e-09 
9.91337e-10 -5.6737e-09 
2.74678e-09 -4.70846e-09 
3.52275e-09 -2.38906e-09 
1.95851e-09 -1.08585e-08 
1.93662e-08 -4.82168e-09 
3.17267e-09 -4.58935e-09 
2.92328e-09 -5.42274e-09 
-4.49458e-09 1.71446e-08 
2.8776e-09 -1.49811e-09 
2.70894e-09 -8.49418e-09 
1.20196e-08 -5.44319e-09 
3.78684e-09 -4.73634e-09 
7.89634e-12 -4.67403e-09 
6.54328e-09 -4.90046e-09 
-1.99181e-10 -3.37375e-09 
2.81099e-09 -7.15339e-09 
3.41799e-09 -5.29161e-09 
7.76593e-09 -6.08873e-09 
3.32963e-09 -3.59225e-10 
2.74178e-09 -2.80641e-09 
2.62773e-09 -4.56824e-09 
1.32583e-08 -2.77913e-09 
3.00631e-09 -5.14131e-09 
6.70378e-09 -4.86025e-09 
2.12825e-08 -5.0922e-09 
