2.73782e-09 -4.89278e-09 
2.57606e-09 -4.37244e-09 
2.73582e-09 -3.87316e-09 
2.39037e-09 3.92628e-09 
3.37238e-09 -4.89209e-09 
1.54653e-09 -4.76535e-09 
2.75855e-09 -4.88871e-09 
2.01709e-09 -4.9324e-09 
-1.95296e-10 -1.00898e-08 
3.42556e-09 -4.89115e-09 
2.78946e-09 -5.08826e-09 
3.45521e-09 -5.31163e-09 
1.52274e-09 -5.44896e-09 
4.32308e-08 -5.08447e-09 
2.16187e-09 -4.32813e-09 
2.70937e-09 -5.64984e-09 
2.88676e-10 -4.86662e-09 
2.43819e-09 -4.46348e-09 
2.74997e-08 -3.47394e-09 
3.76343e-09 -5.13931e-09 
2.77237e-09 -2.47282e-09 
-6.18661e-09 -4.96834e-09 
6.14628e-10 -4.89419e-09 
4.44369e-09 -4.85219e-09 
2.13434e-09 -5.0696e-09 
2.93583e-09 -4.72416e-09 
2.74343e-09 -4.73862e-09 
2.55259e-09 -3.75503e-09 
1.44341e-09 -1.02903e-08 
-9.06412e-09 -4.76295e-09 
3.20301e-09 -1.74217e-09 
2.71992e-09 -5.52002e-09 
-1.47313e-09 1.07845e-08 
2.13902e-09 5.0509e-09 
2.71506e-09 -4.55358e-09 
4.61179e-08 -5.36576e-09 
2.93414e-09 -4.72372e-09 
-7.97724e-10 -6.22183e-09 
7.32934e-09 -4.97311e-09 
5.83776e-09 -3.97812e-09 
2.89612e-09 -5.47394e-09 
2.12858e-09 -6.91018e-09 
4.04065e-09 -6.55416e-09 
4.11428e-09 -3.03403e-09 
2.72525e-09 -5.49705e-09 
4.06449e-09 -5.19458e-09 
1.24175e-08 -2.93558e-09 
3.03914e-09 -4.68756e-09 
3.80352e-09 -4.89593e-09 
1.79431e-08 -5.20668e-09 
