2.73782e-09 -4.89278e-09 
2.52686e-09 -4.46548e-09 
2.77362e-09 -5.35257e-09 
9.44404e-10 4.25989e-09 
3.34345e-09 -4.85043e-09 
4.10197e-09 -4.19462e-09 
1.80251e-09 -4.88226e-09 
3.40612e-09 -4.80191e-09 
3.01842e-09 -6.9885e-10 
8.31923e-10 -4.89112e-09 
2.93072e-09 -5.23979e-09 
4.46767e-09 -4.56269e-09 
1.89013e-09 -5.4693e-09 
3.58667e-08 -4.95069e-09 
-3.93669e-09 -4.67759e-09 
2.41744e-09 -3.60302e-09 
1.13771e-08 -4.96195e-09 
1.73214e-09 -2.28883e-09 
-1.69532e-08 -2.08943e-09 
4.10854e-09 -3.84878e-09 
3.22163e-09 -3.0694e-09 
4.70956e-09 -6.60073e-09 
-3.63649e-10 -4.89891e-09 
6.08176e-09 -4.90452e-09 
3.13765e-10 -5.14153e-09 
3.03992e-09 -4.304e-09 
2.74249e-09 -4.78863e-09 
4.67776e-09 2.54195e-09 
2.78761e-09 -4.83377e-09 
-1.95294e-08 -4.79698e-09 
2.61621e-09 -1.03163e-09 
3.0484e-09 -4.92277e-09 
-1.14743e-09 -4.23496e-08 
2.19169e-09 6.89701e-09 
2.72464e-09 -1.73626e-09 
-3.23385e-08 -4.92708e-09 
3.10151e-09 -4.76704e-09 
1.36151e-08 -5.6314e-09 
6.5782e-09 -4.9984e-09 
1.03375e-08 -7.38095e-09 
2.83853e-09 -6.13479e-09 
3.00236e-09 -7.16236e-09 
9.25934e-10 -5.32258e-09 
2.25839e-09 -6.5275e-09 
2.72136e-09 -4.6407e-09 
-5.69794e-10 -5.97076e-09 
3.98014e-09 -4.25933e-09 
2.74963e-09 -5.40226e-09 
5.16609e-09 -4.92994e-09 
4.86093e-09 -5.19299e-09 
