2.73782e-09 -4.89278e-09 
1.52245e-09 -4.85749e-09 
2.77463e-09 -4.33885e-09 
2.91928e-09 -5.05376e-09 
2.38756e-09 -4.45173e-09 
7.14095e-10 -4.65136e-09 
1.61172e-09 -4.88447e-09 
2.67127e-09 -4.69902e-09 
-5.33725e-09 7.35692e-09 
2.76024e-09 -4.87271e-09 
2.88543e-09 -5.10033e-09 
4.4311e-09 -5.48204e-09 
2.49796e-09 -1.7269e-08 
-1.22455e-08 -5.00737e-09 
2.92849e-09 -4.57232e-09 
2.93565e-09 -4.6754e-09 
4.38693e-09 -4.93587e-09 
2.79938e-09 -3.35083e-09 
1.92439e-08 -2.83302e-09 
2.6583e-09 -4.53127e-09 
3.18506e-09 -5.02762e-09 
6.55189e-10 -4.5395e-09 
-1.56772e-10 -4.93296e-09 
2.11751e-09 -4.73297e-09 
2.87388e-09 -4.80345e-09 
2.00394e-09 -5.09389e-09 
2.73437e-09 -4.94161e-09 
4.92896e-09 -5.0144e-09 
2.65679e-09 -9.85908e-09 
5.07862e-09 -4.82112e-09 
2.70049e-09 -5.82906e-09 
3.0273e-09 -4.76685e-09 
-3.44639e-09 6.00839e-10 
2.24916e-09 -5.92176e-09 
2.68327e-09 -3.61536e-09 
-4.04137e-08 -5.26119e-09 
3.20535e-09 -4.7387e-09 
-1.61733e-09 -5.78063e-09 
5.57286e-09 -4.55165e-09 
7.25037e-09 -6.96821e-09 
2.79189e-09 -5.62776e-09 
3.75241e-09 -2.54237e-09 
2.13033e-09 -5.98196e-09 
-2.70622e-11 -3.50125e-09 
2.7308e-09 -4.16599e-09 
1.76015e-09 -4.39637e-09 
3.07348e-09 -4.24168e-09 
2.38121e-09 -5.91005e-09 
6.71781e-09 -4.90401e-09 
8.00433e-09 -5.83152e-09 
