2.73782e-09 -4.89278e-09 
1.28735e-09 -3.98363e-09 
2.74179e-09 -3.73916e-09 
2.62674e-09 -5.72341e-10 
2.88902e-09 -4.93495e-09 
-8.77158e-10 -4.98154e-09 
1.89365e-09 -4.88103e-09 
3.40841e-09 -5.05308e-09 
-2.95139e-09 -9.90535e-09 
4.98907e-09 -4.88621e-09 
2.93628e-09 -5.03003e-09 
3.83898e-09 -4.72693e-09 
2.27198e-09 -3.67709e-11 
-7.9801e-09 -5.05985e-09 
4.78946e-09 -4.38812e-09 
2.78582e-09 -7.85342e-09 
4.03939e-09 -4.94921e-09 
3.80997e-09 -5.57905e-09 
1.10278e-09 -3.45965e-09 
2.71789e-09 -5.2597e-09 
3.32625e-09 -3.29405e-09 
-3.65333e-09 -5.641e-09 
2.00902e-09 -4.81741e-09 
5.01582e-09 -4.76076e-09 
3.33377e-09 -4.78391e-09 
2.56437e-09 -5.48464e-09 
2.74236e-09 -4.83085e-09 
5.28814e-09 -6.85018e-09 
2.43707e-09 -4.51933e-09 
1.82704e-09 -4.74118e-09 
3.19407e-09 -4.07935e-09 
2.76889e-09 -5.01194e-09 
-1.05435e-09 3.72917e-08 
2.97794e-09 -4.04662e-09 
2.77425e-09 -8.23104e-09 
-2.62959e-08 -5.46735e-09 
2.89774e-09 -4.8698e-09 
-4.80191e-09 -5.98724e-09 
4.31197e-09 -4.50896e-09 
5.14128e-09 7.22576e-10 
2.8096e-09 -6.38784e-09 
3.24304e-09 -4.36566e-09 
4.58596e-09 -4.49747e-09 
2.17412e-09 -4.01724e-09 
2.72796e-09 -3.64143e-09 
7.91353e-10 -6.24082e-09 
7.45873e-09 -4.1306e-09 
3.28476e-09 -4.9603e-09 
4.53436e-11 -4.94474e-09 
8.28861e-09 -4.57643e-09 
