2.47115e-08 1.55516e-09 
2.23179e-08 2.33486e-09 
2.06483e-08 5.53987e-10 
2.31906e-08 -1.29171e-07 
2.47454e-08 2.84415e-10 
2.86848e-08 4.33501e-09 
4.61381e-07 -6.98446e-09 
3.16349e-08 1.38718e-08 
1.47004e-08 -4.86723e-09 
8.01758e-08 2.44557e-08 
2.54821e-08 -1.81409e-09 
2.08009e-08 1.24978e-09 
1.71341e-08 3.13718e-09 
2.70029e-08 1.2522e-09 
2.82669e-08 3.88289e-09 
1.67088e-08 7.20638e-09 
2.439e-08 7.10262e-10 
4.95989e-08 6.01334e-09 
-2.26262e-08 1.07669e-08 
2.31794e-08 9.61169e-09 
