2.73782e-09 -4.89278e-09 
2.61732e-09 -5.50085e-09 
2.70119e-09 -4.85041e-09 
1.17498e-09 -2.96038e-09 
2.62385e-09 -4.82951e-09 
1.52724e-09 -4.76293e-09 
1.49426e-09 -4.89495e-09 
4.17394e-09 -5.07721e-09 
-9.54262e-10 -1.73284e-09 
3.54256e-09 -4.85673e-09 
2.69602e-09 -5.16423e-09 
1.33899e-10 -4.95846e-09 
1.95965e-09 -1.31854e-08 
2.3438e-09 -5.0428e-09 
9.72421e-10 -4.44359e-09 
2.77101e-09 -4.9598e-09 
1.46646e-09 -5.03267e-09 
5.67346e-10 -2.86301e-09 
1.85697e-08 -5.20421e-09 
3.54289e-09 -3.56995e-09 
2.75011e-09 -3.47329e-09 
2.24211e-09 -5.08813e-09 
-2.90081e-09 -4.74055e-09 
1.53887e-09 -4.96108e-09 
8.94657e-10 -4.97938e-09 
3.24903e-11 -5.11324e-09 
2.75236e-09 -4.69522e-09 
2.24599e-09 -8.0414e-09 
2.73786e-09 -1.08275e-08 
-1.02059e-09 -4.77486e-09 
3.72769e-09 -2.65734e-09 
2.64287e-09 -4.73659e-09 
-4.36084e-09 1.9649e-08 
2.3335e-09 -3.58197e-10 
2.69806e-09 -4.61676e-09 
-1.75681e-08 -5.11041e-09 
3.80105e-09 -4.73145e-09 
1.29962e-08 -5.19305e-09 
3.2779e-09 -4.53523e-09 
2.86399e-09 -1.38461e-08 
2.80695e-09 -5.28354e-09 
2.57784e-09 -5.3753e-09 
4.2079e-09 -5.40277e-09 
2.43777e-09 -4.49745e-09 
2.72657e-09 -4.31041e-09 
-1.85535e-09 -6.1043e-09 
4.80838e-09 -4.41828e-09 
2.7358e-09 -5.03296e-09 
7.61417e-09 -4.77841e-09 
2.2352e-09 -5.31471e-09 
