2.73782e-09 -4.89278e-09 
1.94054e-09 -5.09454e-09 
2.78839e-09 -4.97147e-09 
1.90059e-09 8.58961e-10 
1.90388e-09 -4.79751e-09 
2.36961e-09 -4.06072e-09 
5.76403e-10 -4.88897e-09 
4.95168e-09 -4.86792e-09 
-4.00665e-09 -1.36686e-09 
1.59766e-09 -4.88148e-09 
2.98404e-09 -4.87871e-09 
5.4742e-09 -5.30853e-09 
2.29695e-09 -7.91076e-09 
-2.13264e-08 -4.90937e-09 
-1.27659e-09 -4.61823e-09 
2.78684e-09 -7.3588e-09 
3.93074e-09 -4.83057e-09 
4.42501e-09 -3.18674e-09 
1.86851e-08 -4.25042e-09 
4.02058e-09 -4.85815e-09 
3.45622e-09 -2.77571e-09 
-4.01193e-10 -5.00585e-09 
2.68952e-09 -4.88787e-09 
6.32619e-09 -5.01322e-09 
2.71103e-09 -4.97639e-09 
1.69279e-09 -4.10183e-09 
2.74644e-09 -4.84108e-09 
3.90115e-09 -3.06783e-09 
2.04348e-09 -1.22247e-08 
-9.03869e-10 -4.74486e-09 
2.50546e-09 -4.66614e-09 
3.05704e-09 -5.03576e-09 
5.69427e-10 4.71603e-08 
2.2629e-09 -7.26837e-09 
2.70774e-09 -2.44546e-09 
-3.30487e-08 -5.29818e-09 
4.0946e-09 -4.82848e-09 
-1.68951e-09 -5.73143e-09 
1.68685e-09 -4.97892e-09 
3.73294e-09 3.82034e-10 
2.98634e-09 -7.07316e-09 
1.76908e-09 -4.73631e-09 
5.63066e-09 -5.19058e-09 
1.36012e-09 -4.40372e-09 
2.72906e-09 -4.15446e-09 
3.97982e-09 -6.93736e-09 
4.68771e-09 -4.74526e-09 
3.14882e-09 -4.58573e-09 
8.85878e-09 -4.98401e-09 
1.26766e-08 -4.81246e-09 
