2.34285e-08 1.13938e-09 
2.11441e-08 -2.42064e-09 
2.15363e-08 1.67752e-09 
2.25372e-08 3.44662e-09 
2.23095e-08 -1.63639e-09 
2.96508e-08 -1.64798e-09 
6.75381e-07 -2.59637e-08 
3.08851e-08 1.67108e-08 
1.80488e-08 -4.31554e-09 
-2.71181e-08 -2.20521e-08 
7.33663e-09 -2.82734e-09 
1.7917e-08 -7.04363e-11 
3.25727e-08 1.42721e-09 
1.78437e-08 1.42393e-09 
2.49414e-08 4.30414e-09 
2.89482e-08 -1.01776e-08 
2.59499e-08 2.02093e-09 
2.72183e-08 1.70533e-08 
1.54682e-08 4.95462e-09 
1.42282e-08 1.58019e-08 
