2.73782e-09 -4.89278e-09 
2.55401e-09 -4.05656e-09 
2.75392e-09 -4.8644e-09 
3.00903e-09 -7.09764e-09 
2.16759e-09 -4.66106e-09 
2.89658e-09 -4.64087e-09 
1.19316e-09 -4.89161e-09 
5.81453e-09 -4.91296e-09 
6.94693e-09 -1.62531e-09 
3.11064e-09 -4.87943e-09 
2.9294e-09 -5.05985e-09 
1.50773e-09 -5.00557e-09 
1.56929e-09 -1.06947e-08 
6.21179e-09 -4.97526e-09 
6.2202e-10 -4.91478e-09 
2.75265e-09 -5.19892e-09 
3.55091e-09 -5.13256e-09 
2.29955e-10 -1.58474e-09 
1.59846e-08 -5.68798e-09 
1.74615e-09 -4.17822e-09 
2.55929e-09 -5.28556e-09 
-5.94803e-09 -5.215e-09 
-2.33375e-09 -5.00094e-09 
4.32353e-09 -4.85029e-09 
2.46023e-09 -5.06701e-09 
3.4557e-09 -4.82915e-09 
2.75968e-09 -4.75947e-09 
4.41917e-09 -8.80804e-09 
2.56701e-09 -4.16334e-09 
1.28682e-09 -4.60765e-09 
4.01519e-09 -2.92583e-09 
3.33447e-09 -5.08714e-09 
-3.70631e-09 3.6898e-09 
2.27715e-09 8.49475e-09 
2.70963e-09 -2.1727e-09 
-2.41036e-08 -5.15714e-09 
3.16969e-09 -4.91978e-09 
5.72038e-09 -4.2618e-09 
4.51833e-09 -4.83099e-09 
5.64439e-09 -5.36874e-09 
2.77275e-09 -4.22751e-09 
2.73767e-09 -4.9869e-09 
5.70854e-09 -4.49221e-09 
3.01716e-09 -4.22653e-09 
2.73283e-09 -4.3404e-09 
8.7711e-10 -4.59437e-09 
5.88834e-09 -4.39795e-09 
2.61476e-09 -5.12069e-09 
2.92898e-09 -4.83391e-09 
-1.77835e-09 -4.84763e-09 
