4.43697e-09 1.54803e-09 
9.36095e-09 3.98899e-09 
7.53745e-09 4.46887e-09 
6.11486e-09 -2.9555e-09 
6.71454e-09 -8.10778e-10 
7.65194e-09 4.16874e-09 
-4.81853e-07 1.74966e-08 
4.03868e-09 -6.52237e-09 
1.33624e-08 8.14843e-09 
9.35815e-08 2.00605e-08 
2.82545e-08 2.22512e-09 
9.95364e-09 1.86953e-09 
2.30899e-08 -8.80739e-10 
1.21976e-08 2.26408e-09 
2.57462e-09 5.20334e-09 
2.49837e-09 2.37278e-08 
-1.27955e-10 4.88487e-09 
2.72562e-08 5.23396e-08 
3.15475e-08 -3.12518e-09 
5.17911e-09 -4.19956e-09 
