2.73782e-09 -4.89278e-09 
3.27435e-09 -4.10245e-09 
2.76038e-09 -4.69883e-09 
-2.79326e-10 1.72953e-09 
2.8649e-09 -4.7568e-09 
3.12206e-09 -4.61214e-09 
2.48273e-09 -4.89196e-09 
1.96571e-09 -4.71632e-09 
-4.09981e-09 -4.0943e-09 
5.09808e-10 -4.87868e-09 
2.79707e-09 -5.40368e-09 
5.69402e-09 -5.07462e-09 
2.51439e-09 -9.67935e-09 
3.20029e-09 -4.85601e-09 
3.1806e-09 -4.42185e-09 
2.5221e-09 -7.54506e-09 
1.03913e-08 -4.86494e-09 
4.49419e-09 -3.3852e-09 
7.01984e-09 -2.10103e-09 
2.78565e-09 -5.16099e-09 
3.76967e-09 -3.98848e-09 
7.041e-09 -5.0035e-09 
4.61746e-09 -4.97733e-09 
1.68068e-09 -4.97532e-09 
1.399e-09 -4.9575e-09 
-2.62839e-09 -4.00433e-09 
2.73042e-09 -4.91006e-09 
4.43749e-09 6.1326e-09 
2.31279e-09 -7.9902e-09 
-8.36275e-10 -4.90705e-09 
2.8539e-09 -4.03141e-09 
2.59169e-09 -4.89979e-09 
9.61052e-10 -1.36952e-08 
2.54416e-09 -2.08201e-09 
2.75348e-09 -6.19772e-09 
1.601e-08 -5.2268e-09 
3.97346e-09 -4.64602e-09 
4.19569e-09 -6.84382e-09 
2.13815e-09 -4.76899e-09 
3.41053e-09 -4.10105e-09 
2.90491e-09 -9.78482e-09 
3.37513e-09 -5.57376e-09 
3.46482e-09 -6.68273e-09 
1.67021e-09 -4.25042e-09 
2.73526e-09 -3.46802e-09 
2.34919e-09 -4.88747e-09 
4.43758e-09 -4.11287e-09 
2.90443e-09 -4.97987e-09 
8.20376e-09 -4.97033e-09 
1.9637e-08 -5.43263e-09 
