2.73782e-09 -4.89278e-09 
2.47751e-09 -4.40841e-09 
2.7529e-09 -4.42467e-09 
1.68823e-09 -5.17954e-09 
2.85178e-09 -4.53022e-09 
3.35911e-09 -4.83182e-09 
2.09192e-09 -4.87386e-09 
2.38738e-09 -4.77818e-09 
-4.25542e-09 -4.29406e-09 
4.54333e-09 -4.90176e-09 
2.93048e-09 -5.14417e-09 
6.25082e-09 -4.94392e-09 
2.57342e-09 -9.5578e-09 
1.89625e-08 -4.90111e-09 
2.9668e-09 -4.17888e-09 
2.51473e-09 -7.0503e-09 
6.02759e-09 -4.99439e-09 
5.10101e-09 1.57513e-10 
1.2915e-09 -2.2621e-09 
2.24541e-09 -4.5721e-09 
3.07806e-09 -3.70329e-09 
1.79977e-09 -5.062e-09 
2.28352e-09 -5.0199e-09 
5.67426e-09 -4.82005e-09 
2.26676e-10 -4.8564e-09 
1.04277e-09 -6.64394e-09 
2.74323e-09 -4.90708e-09 
4.56259e-09 -8.56599e-10 
2.67346e-09 -1.045e-08 
2.27785e-10 -4.67485e-09 
3.70923e-09 -3.30036e-09 
3.63055e-09 -4.92612e-09 
1.13372e-09 -1.51235e-08 
2.43586e-09 -4.68697e-09 
2.72865e-09 -2.48619e-09 
-1.31123e-08 -5.12109e-09 
3.12346e-09 -4.24765e-09 
6.39561e-09 -7.45904e-09 
7.26006e-10 -4.56389e-09 
5.10279e-09 -4.8534e-09 
2.88824e-09 -4.33167e-09 
3.94739e-09 -6.5174e-09 
4.07766e-09 -7.4591e-09 
1.7131e-09 -5.10774e-09 
2.73525e-09 -2.80787e-09 
2.26319e-09 -6.47903e-09 
8.00155e-09 -3.96163e-09 
3.17893e-09 -5.03084e-09 
7.90635e-09 -4.98455e-09 
9.03689e-09 -4.97776e-09 
