-0.332371 -11.2368 
10.0685 7.58736 
29.3436 10.9337 
4.1029 5.55566 
2.46575 -5.37579 
6.23472 6.22077 
-28.4168 0.436902 
-25.9442 1.81999 
14.7742 1.45749 
-2.07753 1.21803 
14.1512 -6.23304 
6.85453 -7.12833 
10.0653 -1.03857 
2.77747 0.236599 
10.9492 14.8604 
-4.33712 4.19964 
2.01021 -9.29796 
10.7426 3.05361 
-3.94103 3.15575 
1.39858 -18.8645 
17.7105 9.00475 
6.04531 -0.583059 
6.87256 1.92346 
-0.197995 5.28379 
7.71946 -11.5085 
-10.404 -1.34693 
2.29713 0.904057 
4.08431 7.59477 
-5.70538 -2.63836 
15.5376 -29.413 
32.768 0.866352 
3.80351 -15.4541 
6.83799 8.39661 
8.27319 3.32958 
5.50652 5.89009 
1.65284 6.72361 
14.4949 2.69712 
1.80249 -0.726523 
-2.96213 -2.75157 
14.3235 3.42206 
15.4864 -18.3451 
-0.230419 -5.38289 
4.50619 0.771463 
3.92353 2.39737 
4.17881 14.2398 
-5.8673 -1.33058 
-3.69961 8.13703 
7.36599 -1.93375 
23.8117 -17.8778 
5.91325 1.75204 
