-0.0585671 0.298873 
-0.264137 0.180193 
-0.428246 7.10828 
-0.106462 0.127226 
-0.205377 0.0965824 
-0.253804 0.132033 
-0.374589 0.139006 
-0.126834 0.114821 
-0.0641264 0.107589 
-0.198931 0.13216 
-0.224005 0.145295 
-0.00147905 -0.0757287 
-0.365253 0.0294089 
-0.122321 0.142403 
-0.0954289 0.0989162 
-0.278824 0.222794 
-0.0250446 -0.66864 
-0.0481254 0.163903 
-0.25087 0.240448 
-0.0566723 0.122002 
-0.128331 0.254058 
0.181339 0.060393 
-0.190908 0.119856 
-0.246745 -0.11324 
-0.276581 0.0116786 
-0.0481885 0.131564 
-0.145331 0.0962904 
-0.27417 0.19274 
-0.201986 0.114753 
-0.113109 0.0980415 
-0.0763397 0.10523 
-0.40829 0.122862 
-0.329732 0.150881 
-0.179394 0.220266 
-0.195832 0.109712 
0.0266645 0.178073 
-0.269909 0.13386 
-0.0362967 0.136512 
-0.112224 0.203291 
-0.0920983 0.0858382 
-0.0226907 0.181306 
0.195939 0.103561 
-0.259186 0.151044 
-0.182671 0.125049 
-0.0762847 0.121841 
-0.196589 0.0994549 
-0.0869064 -0.0694697 
-0.184685 0.134369 
-0.107863 0.130029 
-0.298816 0.154131 
