2.73782e-09 -4.89278e-09 
1.33635e-09 -4.465e-09 
2.80724e-09 -4.6583e-09 
9.68465e-10 -2.24382e-09 
2.57553e-09 -4.70558e-09 
2.7601e-09 -4.7273e-09 
2.60677e-09 -4.89487e-09 
5.17318e-09 -4.8869e-09 
3.93317e-09 -2.19392e-09 
5.14497e-09 -4.87719e-09 
2.71778e-09 -4.98206e-09 
-2.08568e-10 -5.1212e-09 
2.34663e-09 -4.85333e-09 
-1.39775e-08 -4.96715e-09 
-1.56349e-09 -4.84641e-09 
2.70071e-09 -4.66943e-09 
1.03544e-08 -5.01287e-09 
-5.35606e-10 -2.95237e-09 
8.22077e-09 -4.23848e-09 
3.66919e-09 -4.31691e-09 
3.34825e-09 -4.85134e-09 
-3.16206e-09 -5.42173e-09 
-5.04378e-10 -4.85428e-09 
2.7349e-09 -4.91562e-09 
4.36289e-09 -5.05915e-09 
1.53425e-09 -6.13489e-09 
2.75086e-09 -4.62087e-09 
4.07643e-09 4.67562e-10 
2.43673e-09 -4.45237e-09 
2.44739e-09 -4.88211e-09 
2.0558e-09 -4.9548e-09 
4.02798e-09 -5.01042e-09 
-4.61896e-09 3.77456e-09 
2.34573e-09 -2.07012e-09 
2.66847e-09 -3.36347e-09 
-1.27146e-08 -5.25048e-09 
2.95217e-09 -4.94884e-09 
4.69151e-09 -3.87949e-09 
3.50152e-09 -5.0077e-09 
3.76258e-09 -5.94748e-09 
2.79608e-09 -3.09935e-09 
2.57311e-09 -4.53251e-09 
3.80761e-09 -4.01548e-09 
2.21658e-09 -4.8551e-09 
2.73123e-09 -5.98688e-09 
2.31728e-09 -4.40748e-09 
3.94853e-09 -4.01769e-09 
2.56029e-09 -5.24739e-09 
3.82931e-09 -4.89149e-09 
4.78199e-09 -5.32146e-09 
