2.73782e-09 -4.89278e-09 
3.40894e-09 -4.15153e-09 
2.74231e-09 -4.38868e-09 
-1.54698e-10 2.13846e-09 
2.16285e-09 -4.71955e-09 
3.92435e-09 -3.90521e-09 
2.85009e-09 -4.90768e-09 
3.13186e-09 -4.94027e-09 
-2.80592e-09 -1.34405e-09 
2.1801e-09 -4.87656e-09 
2.75431e-09 -5.26584e-09 
8.67123e-09 -5.20674e-09 
2.36531e-09 -8.48062e-09 
-1.42207e-08 -4.86609e-09 
1.03633e-09 -4.4474e-09 
2.63683e-09 -4.39604e-09 
8.81753e-09 -4.90723e-09 
4.87875e-09 -7.92568e-09 
1.25513e-08 -2.95456e-09 
4.23445e-09 -4.51869e-09 
3.51034e-09 -3.38193e-09 
1.56641e-09 -5.11508e-09 
-9.41069e-10 -4.93839e-09 
3.78492e-09 -4.8482e-09 
4.89207e-09 -5.15221e-09 
2.04054e-10 -3.57029e-09 
2.73977e-09 -4.85221e-09 
5.46168e-09 -3.22726e-09 
2.31119e-09 -6.65321e-09 
1.84302e-09 -4.91783e-09 
3.07403e-09 -2.36139e-09 
3.22227e-09 -4.88973e-09 
1.05079e-09 -2.00469e-08 
2.7682e-09 -3.95477e-11 
2.71588e-09 -6.45202e-09 
9.10759e-09 -5.05352e-09 
2.84057e-09 -4.9052e-09 
6.00782e-09 -6.30069e-09 
5.93138e-09 -4.74653e-09 
4.60163e-09 -3.88004e-09 
2.87866e-09 -6.99751e-09 
2.84445e-09 -7.2297e-09 
4.83371e-09 -6.37607e-09 
1.28614e-09 -3.69331e-09 
2.73604e-09 -5.43541e-09 
2.66836e-09 -5.13371e-09 
5.84905e-09 -4.6384e-09 
2.23428e-09 -4.83006e-09 
5.96193e-09 -4.95378e-09 
1.55365e-08 -5.84014e-09 
