4.8833e-09 -4.77978e-09 
3.49439e-09 -4.11048e-09 
4.60084e-09 -4.29204e-09 
3.37206e-09 -3.87535e-09 
3.63852e-09 -4.72212e-09 
3.98293e-09 -4.30699e-09 
3.03461e-09 -4.69159e-09 
6.62292e-09 -4.51336e-09 
5.02958e-09 2.91654e-11 
7.55463e-09 -4.69749e-09 
4.83229e-09 -5.10425e-09 
3.45516e-09 -4.95834e-09 
3.36968e-09 -4.20774e-09 
-7.52429e-09 -4.85313e-09 
2.72542e-09 -4.89232e-09 
4.6361e-09 -5.88432e-09 
1.21194e-08 -4.85906e-09 
1.63742e-10 -4.71222e-09 
-3.35744e-09 -3.48241e-09 
4.38037e-09 -4.43359e-09 
4.29637e-09 -6.59232e-09 
3.55512e-09 -5.09627e-09 
6.5417e-09 -4.93513e-09 
3.62819e-09 -4.73011e-09 
2.34671e-09 -4.89537e-09 
1.49622e-09 -4.76575e-09 
3.8537e-09 -4.65688e-09 
5.65698e-09 6.80296e-09 
3.75968e-09 -8.31432e-09 
3.51239e-09 -4.31717e-09 
3.96787e-09 -5.93815e-09 
3.74852e-09 -4.60567e-09 
4.39407e-09 8.58048e-09 
4.66217e-09 2.82288e-10 
5.04018e-09 -2.77466e-09 
-4.71717e-08 -4.89067e-09 
5.42975e-09 -4.77188e-09 
4.03722e-09 -5.20323e-09 
5.56498e-09 -4.75584e-09 
6.1496e-09 -5.795e-09 
3.96017e-09 -5.21998e-09 
4.32861e-09 -6.11812e-09 
3.8457e-09 -4.45565e-09 
5.20696e-09 -5.04114e-09 
3.99208e-09 -2.74563e-09 
2.12758e-09 -4.2769e-09 
4.5705e-09 -4.20091e-09 
4.1637e-09 -5.29171e-09 
4.35032e-09 -4.81006e-09 
-1.046e-09 -5.32872e-09 
