5.24298e-09 -4.63786e-09 
2.75357e-09 -4.18513e-09 
3.24072e-09 -4.44727e-09 
3.84169e-09 1.67193e-09 
3.33068e-09 -4.4425e-09 
3.87658e-09 -4.7951e-09 
-1.79433e-09 -4.90052e-09 
3.19275e-09 -4.55074e-09 
3.10127e-09 -5.86152e-09 
4.30824e-09 -4.84618e-09 
1.29826e-09 -4.98164e-09 
3.78436e-09 -4.93112e-09 
2.43844e-09 -8.25637e-09 
1.31133e-08 -4.85848e-09 
5.03481e-09 -4.97275e-09 
2.55954e-09 -6.63379e-09 
1.44576e-08 -4.84384e-09 
5.64918e-09 -9.47875e-10 
8.74806e-09 -3.31261e-09 
3.65141e-09 -4.15304e-09 
3.00986e-09 -3.84166e-09 
-7.54859e-09 -4.60279e-09 
-2.36002e-09 -4.94101e-09 
5.53418e-09 -4.69082e-09 
4.16177e-09 -4.89679e-09 
2.48055e-09 -5.45021e-09 
3.51876e-09 -4.817e-09 
3.43297e-09 4.91132e-10 
4.38828e-09 -1.16656e-08 
-3.48597e-10 -4.58712e-09 
3.06134e-09 -2.96573e-09 
3.17353e-09 -5.76005e-09 
2.49641e-10 -1.8942e-08 
-4.26063e-10 -3.54469e-09 
1.31051e-09 -1.07342e-09 
-2.12878e-08 -4.71834e-09 
3.92018e-09 -4.56852e-09 
3.62582e-09 -5.49384e-09 
6.0226e-09 -4.59027e-09 
5.22641e-09 -4.57596e-09 
4.03069e-09 -5.95281e-09 
4.04361e-09 -3.80811e-09 
5.65774e-09 -7.27479e-09 
4.83014e-10 -5.31309e-09 
4.72418e-09 -2.49377e-09 
2.11968e-09 -7.38724e-09 
9.60709e-09 -4.22389e-09 
3.02709e-09 -5.15489e-09 
7.39988e-09 -4.67898e-09 
5.54265e-09 -5.11135e-09 
