7.23494e-09 -4.68413e-09 
4.35658e-09 -4.1567e-09 
4.75827e-09 -4.40559e-09 
5.03849e-09 -8.32987e-09 
3.7076e-09 -4.82856e-09 
3.91586e-09 -4.81304e-09 
5.45529e-09 -4.60469e-09 
5.49005e-09 -4.57197e-09 
3.73616e-09 -5.91317e-09 
8.40893e-09 -4.76924e-09 
5.32582e-09 -4.81062e-09 
-2.77187e-09 -4.7567e-09 
3.44338e-09 -1.05504e-08 
-1.83168e-08 -4.86835e-09 
3.95663e-09 -4.75822e-09 
2.21623e-09 -6.06598e-09 
1.18718e-08 -4.94491e-09 
5.50241e-09 -5.83738e-09 
5.30894e-09 -2.54334e-09 
3.98311e-09 -4.93187e-09 
4.01033e-09 -5.0491e-09 
3.64921e-09 -5.51293e-09 
2.44964e-09 -4.91811e-09 
3.29881e-09 -4.78343e-09 
4.27969e-09 -4.87438e-09 
4.74961e-09 -4.83285e-09 
3.74209e-09 -4.76294e-09 
6.20162e-09 2.33342e-09 
4.98454e-09 -1.17911e-08 
2.65802e-09 -4.58391e-09 
3.66459e-09 -3.6035e-09 
4.0864e-09 -3.89232e-09 
1.85765e-09 -4.62324e-09 
7.47832e-09 -4.54435e-10 
4.08646e-09 -5.73598e-09 
-5.52862e-08 -5.13334e-09 
4.9023e-09 -4.73177e-09 
6.42236e-09 -3.93623e-09 
6.17003e-09 -4.64377e-09 
6.54451e-09 -5.86566e-09 
2.85055e-09 -6.85975e-09 
4.39066e-09 -5.88956e-09 
5.20171e-09 -5.07299e-09 
4.17766e-09 -5.10012e-09 
4.13078e-09 -4.24783e-09 
-4.48622e-10 -4.62891e-09 
4.49792e-09 -3.47412e-09 
4.54013e-09 -5.01691e-09 
4.28503e-09 -4.93368e-09 
1.8565e-09 -5.13036e-09 
