1.81961e-08 6.49615e-09 
-4.05171e-09 7.40342e-09 
-3.69758e-09 8.80059e-09 
3.15782e-09 3.91525e-08 
-2.09958e-09 1.44307e-09 
4.29218e-08 -6.32013e-09 
7.91101e-07 -5.76601e-08 
2.66566e-10 4.29576e-09 
-1.7552e-08 8.87301e-09 
3.68956e-09 3.46143e-09 
-3.1641e-08 7.59428e-09 
-1.38749e-08 1.25793e-08 
1.60806e-08 5.72243e-09 
-6.64231e-09 9.07092e-09 
-4.52805e-09 1.17417e-08 
-1.24216e-08 2.12889e-08 
-5.343e-10 7.19954e-09 
1.63708e-08 -5.74538e-09 
-4.81882e-09 8.14645e-09 
-3.20382e-09 1.30726e-08 
