3.40881e-09 -4.79422e-09 
4.082e-09 -4.76e-09 
2.61769e-09 -4.20084e-09 
1.39231e-09 -1.48173e-09 
2.74123e-09 -4.82591e-09 
4.0899e-09 -4.45283e-09 
8.86331e-09 -4.49087e-09 
4.42622e-09 -5.0169e-09 
9.54625e-10 -1.79471e-09 
8.20341e-09 -4.8279e-09 
6.36045e-09 -4.99e-09 
3.26043e-09 -5.42623e-09 
2.14091e-09 -1.11013e-08 
-1.14958e-08 -4.97892e-09 
3.70478e-09 -4.58992e-09 
5.00657e-09 -7.46448e-09 
8.82844e-10 -4.86712e-09 
-2.2882e-10 -5.51529e-09 
9.9965e-09 -2.02674e-09 
4.56232e-09 -5.22521e-09 
4.0211e-09 -4.92836e-09 
1.19352e-08 -5.33755e-09 
4.10661e-09 -4.91298e-09 
3.52691e-09 -4.81942e-09 
2.39853e-10 -4.9181e-09 
-1.35592e-09 -4.26682e-09 
3.43117e-09 -4.68081e-09 
5.53211e-09 -2.04467e-09 
2.58527e-09 -3.49417e-09 
9.1534e-10 -4.86168e-09 
3.91225e-09 -3.17097e-09 
4.74594e-09 -3.40655e-09 
-1.4922e-09 2.87468e-09 
3.06017e-09 3.28156e-09 
5.37754e-09 -2.98149e-09 
-1.90104e-08 -5.4096e-09 
3.45151e-09 -4.81767e-09 
6.51689e-09 -5.60887e-09 
3.44604e-09 -4.792e-09 
7.41003e-09 -5.37754e-09 
3.68764e-09 -6.89512e-09 
3.95053e-09 -8.31481e-09 
4.85643e-09 -5.54734e-09 
5.47365e-09 -3.69228e-09 
3.7049e-09 -4.70131e-09 
2.97295e-09 -3.53453e-09 
5.51809e-09 -3.25526e-09 
4.49793e-09 -5.25198e-09 
4.39513e-09 -4.99036e-09 
2.35983e-09 -5.19687e-09 
