2.52685e-10 -4.94627e-09 
3.14638e-09 -5.18571e-09 
2.17213e-09 -4.44411e-09 
2.04443e-09 2.76556e-09 
3.48689e-09 -4.79867e-09 
4.14313e-09 -4.3457e-09 
-3.00755e-10 -4.89702e-09 
3.51751e-09 -5.17207e-09 
-3.35035e-10 -1.07227e-10 
5.54731e-09 -4.7795e-09 
6.90879e-09 -5.16139e-09 
9.26683e-09 -5.8015e-09 
2.15516e-09 -1.23095e-08 
8.60042e-09 -4.77606e-09 
4.37124e-09 -4.6533e-09 
4.71463e-09 -8.59294e-09 
6.84866e-09 -4.79818e-09 
-1.26182e-09 -2.98774e-10 
8.51689e-09 -5.43808e-09 
3.62671e-09 -4.63276e-09 
3.6945e-09 -2.41311e-09 
1.3914e-08 -4.66607e-09 
-2.39272e-09 -4.95458e-09 
7.107e-09 -4.84369e-09 
1.77441e-09 -5.0353e-09 
-2.23492e-09 -3.97655e-09 
3.45749e-09 -4.686e-09 
3.82958e-09 -7.74817e-10 
3.10674e-09 -5.61238e-09 
8.08603e-10 -4.99638e-09 
3.51101e-09 -2.46325e-09 
3.12355e-09 -5.6666e-09 
-3.41881e-09 -1.42001e-08 
1.17391e-09 3.99932e-09 
5.66325e-09 -1.59349e-09 
8.51204e-09 -4.60841e-09 
3.3653e-09 -4.75645e-09 
4.24337e-09 -6.07359e-09 
4.81712e-09 -4.67966e-09 
3.74958e-09 -5.10671e-09 
3.60311e-09 -7.43322e-09 
3.38018e-09 -4.42248e-09 
4.9895e-09 -5.93544e-09 
1.38073e-09 -3.267e-09 
3.46299e-09 -4.78364e-09 
4.88529e-09 -6.45051e-09 
8.79633e-09 -4.03789e-09 
3.29249e-09 -5.06992e-09 
5.9626e-09 -4.83127e-09 
1.21365e-08 -5.43368e-09 
