2.47581e-08 1.00869e-08 
-3.26921e-09 7.89064e-09 
-1.57931e-09 7.24088e-09 
-1.44181e-09 8.63275e-09 
1.85555e-09 2.7129e-09 
3.2727e-08 2.67748e-09 
1.50065e-07 4.98272e-08 
-9.23533e-10 6.23668e-09 
1.24269e-09 1.01853e-08 
-1.28237e-08 1.06747e-08 
-3.64229e-09 1.01822e-08 
-9.06069e-10 1.18523e-08 
5.38861e-09 4.25315e-09 
-3.97788e-09 1.12527e-08 
-7.74816e-09 9.05155e-09 
-1.6326e-08 1.02903e-08 
-3.89217e-09 5.41538e-09 
6.85946e-09 -1.24867e-08 
2.63209e-08 1.46801e-09 
-6.82725e-09 -1.40801e-09 
