5.42668e-10 -4.70247e-09 
3.98662e-09 -4.67132e-09 
3.25384e-09 -5.25281e-09 
5.45817e-09 -1.48902e-09 
3.51796e-09 -4.87905e-09 
4.45951e-09 -4.21688e-09 
3.6539e-09 -5.00744e-09 
4.9035e-09 -4.50778e-09 
-8.88747e-09 -2.98911e-09 
2.77863e-09 -4.76824e-09 
3.53058e-09 -4.9811e-09 
6.6845e-09 -4.26642e-09 
1.498e-09 -8.84803e-09 
-1.18029e-08 -4.88168e-09 
4.05156e-09 -4.71582e-09 
2.53495e-09 -7.32084e-09 
7.3854e-09 -5.15198e-09 
8.3863e-10 -3.88008e-09 
8.11433e-09 -3.91686e-09 
3.92721e-09 -4.2919e-09 
3.29448e-09 -3.57652e-09 
7.26045e-09 -5.11633e-09 
2.58203e-09 -4.70797e-09 
6.6357e-09 -4.73637e-09 
1.29537e-09 -4.9711e-09 
-2.03003e-09 -4.0871e-09 
3.17696e-09 -4.72147e-09 
4.43804e-09 -2.43777e-09 
1.93527e-09 -7.45462e-09 
-1.72741e-09 -4.77034e-09 
3.01217e-09 -5.03339e-09 
3.77178e-09 -6.5125e-09 
1.0736e-09 -1.18452e-08 
3.65684e-09 -3.80302e-10 
-2.41168e-11 -2.76352e-09 
-2.14776e-08 -4.68023e-09 
4.30651e-09 -4.6345e-09 
4.40644e-09 -6.40495e-09 
6.67267e-09 -4.54025e-09 
1.57305e-09 -4.96044e-09 
3.52263e-09 -6.16742e-09 
1.87589e-09 -2.52729e-09 
6.99121e-09 -6.21924e-09 
3.9073e-09 3.39353e-10 
3.39664e-09 -3.6079e-09 
1.77605e-09 -7.16993e-09 
8.72166e-09 -5.35957e-09 
4.54234e-09 -4.69437e-09 
3.17427e-09 -4.92414e-09 
1.25702e-08 -4.80117e-09 
