5.76847e-09 -5.00104e-09 
3.13742e-09 -4.50584e-09 
5.21372e-09 -5.34129e-09 
1.95638e-09 2.68902e-09 
2.68336e-09 -4.92019e-09 
4.01772e-09 -4.69882e-09 
3.03481e-11 -4.88112e-09 
4.24931e-09 -4.81516e-09 
3.35735e-09 -5.45765e-09 
1.26858e-09 -4.84115e-09 
2.39473e-09 -4.72445e-09 
1.2213e-11 -3.08623e-09 
3.29078e-09 -8.14452e-09 
-3.49901e-09 -5.00201e-09 
4.59755e-09 -4.82913e-09 
2.80746e-09 -7.29519e-09 
7.40099e-09 -5.15668e-09 
4.51355e-09 -4.58154e-09 
1.16966e-08 -5.09566e-09 
4.35228e-09 -4.73426e-09 
2.99452e-09 -5.36338e-09 
-4.06786e-09 -4.5213e-09 
3.53432e-09 -4.50481e-09 
4.36541e-09 -4.80768e-09 
5.406e-09 -4.73454e-09 
-3.98053e-09 -5.52522e-09 
2.84415e-09 -4.73866e-09 
4.94819e-09 -2.99291e-10 
2.78832e-09 -1.19888e-08 
4.03467e-09 -4.65104e-09 
3.73797e-09 -3.43526e-09 
3.02799e-09 -6.64579e-09 
9.50499e-09 -1.0115e-08 
3.30426e-09 -2.73131e-09 
-9.86356e-10 -1.19801e-09 
-1.43241e-08 -5.13437e-09 
4.48036e-09 -4.62047e-09 
7.49989e-09 -3.96043e-09 
3.96962e-09 -4.66644e-09 
4.07293e-09 -5.75481e-09 
2.33783e-09 -4.40601e-09 
4.1522e-09 -3.51277e-09 
5.68172e-09 -6.57596e-09 
4.30403e-09 -5.11479e-09 
2.77996e-09 -3.50716e-09 
2.0834e-09 -4.63884e-09 
4.64141e-09 -4.32242e-09 
3.24554e-09 -5.50232e-09 
3.90229e-09 -4.68595e-09 
5.57976e-09 -4.91517e-09 
