4.8879e-09 -4.89476e-09 
4.40697e-09 -3.6148e-09 
2.05911e-09 -3.06732e-09 
-2.69167e-10 -3.83459e-09 
2.2515e-09 -4.75739e-09 
4.16927e-09 -5.34982e-09 
-8.49097e-10 -4.67047e-09 
6.34989e-09 -3.4876e-09 
-1.75841e-08 -2.4731e-09 
8.75625e-09 -4.91617e-09 
2.21809e-09 -5.03047e-09 
5.17925e-09 -4.00921e-09 
2.99903e-09 -2.98899e-09 
3.58792e-09 -4.88458e-09 
4.01832e-09 -4.78267e-09 
1.54582e-09 -7.14853e-09 
7.11063e-09 -4.5498e-09 
2.28865e-09 -1.13962e-09 
2.31248e-09 -5.32628e-09 
4.25536e-09 -4.23638e-09 
4.66714e-09 -3.35477e-09 
3.63636e-09 -5.35587e-09 
3.65725e-09 -4.38089e-09 
6.33525e-09 -4.69343e-09 
-5.77282e-09 -5.20955e-09 
5.92706e-09 -4.56961e-09 
2.15802e-09 -4.73949e-09 
4.81703e-09 -6.77339e-09 
2.96471e-09 -1.02717e-08 
2.52372e-09 -4.72161e-09 
3.92435e-09 -3.86303e-09 
4.05226e-09 -4.81937e-09 
-1.76096e-08 -6.71331e-09 
1.68932e-09 -2.39243e-09 
5.16304e-09 -5.37744e-09 
5.59809e-09 -4.81777e-09 
3.83203e-09 -4.82585e-09 
5.02883e-09 -5.4718e-09 
5.03229e-09 -4.81929e-09 
4.72173e-09 -4.90523e-09 
4.16623e-09 -8.68291e-09 
3.64229e-09 -6.96399e-09 
6.19239e-09 -5.5553e-09 
4.30569e-09 -5.50135e-09 
3.21409e-09 -5.82483e-09 
1.28787e-09 -7.19215e-09 
1.08681e-09 -4.05705e-09 
4.57341e-09 -5.06817e-09 
5.60031e-09 -4.92761e-09 
2.21665e-08 -5.12762e-09 
