5.2199e-09 -4.71346e-09 
4.33373e-09 -4.45767e-09 
4.34412e-09 -3.48479e-09 
3.9995e-09 -6.17831e-09 
4.61079e-09 -4.68939e-09 
3.88225e-09 -4.59014e-09 
1.48325e-09 -4.99335e-09 
4.51832e-09 -3.4047e-09 
-1.27452e-08 -5.24745e-09 
6.86667e-09 -4.85663e-09 
3.20072e-09 -5.00922e-09 
3.793e-09 -4.89712e-09 
2.45857e-09 -1.75465e-08 
4.29977e-09 -4.83149e-09 
4.27625e-09 -4.81724e-09 
7.10075e-10 -7.6452e-09 
1.07147e-08 -4.89722e-09 
7.65713e-10 -7.02277e-09 
1.74641e-08 -4.76408e-09 
4.46884e-09 -4.30421e-09 
3.87587e-09 -4.88531e-09 
2.38105e-09 -4.51133e-09 
3.09155e-09 -4.6581e-09 
8.0079e-09 -4.73554e-09 
4.56049e-09 -4.96336e-09 
1.61855e-09 -5.14307e-09 
4.14866e-09 -4.74063e-09 
4.53694e-09 -7.1195e-09 
2.16522e-09 -9.12673e-09 
1.09937e-09 -4.69171e-09 
3.18889e-09 -3.54616e-09 
3.28218e-09 -4.72966e-09 
-4.91096e-09 -9.59524e-09 
2.89165e-09 -4.48709e-09 
2.52972e-09 -3.25935e-09 
8.3646e-09 -4.73786e-09 
4.00442e-09 -4.72568e-09 
4.15586e-09 -3.5759e-09 
6.52424e-09 -4.53179e-09 
3.5155e-09 -5.43898e-09 
4.28229e-09 -8.18495e-09 
3.57971e-09 -4.99919e-09 
3.55477e-09 -6.07021e-09 
4.51379e-09 -1.08963e-09 
2.87577e-09 -6.61128e-09 
3.52862e-09 -5.76399e-09 
3.07118e-09 -4.13867e-09 
5.09631e-09 -5.16983e-09 
3.94066e-09 -4.70319e-09 
2.67399e-08 -5.18888e-09 
