4.15907e-09 -4.72783e-09 
2.94983e-09 -5.15622e-09 
3.69376e-09 -4.58106e-09 
3.24427e-09 3.37791e-09 
3.38306e-09 -4.50546e-09 
3.6408e-09 -4.18076e-09 
6.22391e-09 -4.97998e-09 
3.1869e-09 -5.14172e-09 
2.27175e-08 -4.35998e-09 
2.3878e-09 -4.64086e-09 
5.02406e-09 -5.03667e-09 
3.70692e-09 -5.77055e-09 
4.18709e-09 -1.83058e-08 
3.3595e-09 -4.83337e-09 
4.47161e-09 -4.67623e-09 
5.39968e-09 -7.22128e-09 
8.03943e-09 -5.14586e-09 
1.66411e-09 -5.04248e-09 
2.11526e-08 -3.63545e-09 
3.8914e-09 -4.51919e-09 
2.93828e-09 -4.16789e-09 
6.66478e-10 -4.28947e-09 
1.72177e-09 -4.97725e-09 
3.919e-09 -4.87853e-09 
6.30972e-09 -4.58611e-09 
-1.41676e-09 -5.19084e-09 
5.6492e-09 -4.73304e-09 
4.54388e-09 5.49309e-09 
2.56753e-09 -8.3844e-09 
1.25411e-09 -4.68953e-09 
2.85187e-09 -4.44566e-09 
3.36467e-09 -4.97699e-09 
1.29571e-08 -5.78597e-09 
5.19956e-09 -3.39002e-09 
3.02293e-09 1.14761e-10 
-3.66716e-08 -5.44953e-09 
4.17554e-09 -4.65271e-09 
5.58987e-09 -4.12733e-09 
5.12275e-09 -4.43731e-09 
6.85986e-09 -5.40057e-09 
2.6423e-09 -6.6329e-09 
4.42521e-09 -3.74813e-09 
4.91777e-09 -5.56917e-09 
2.64748e-09 -2.5629e-09 
3.24627e-09 -4.52295e-09 
1.91204e-09 -3.31746e-09 
6.05942e-09 -3.94596e-09 
3.71449e-09 -4.92394e-09 
5.20753e-09 -4.83887e-09 
5.50431e-09 -5.2648e-09 
