3.3e-09 -4.87036e-09 
1.02233e-09 -4.61733e-09 
2.80002e-09 -4.81336e-09 
1.80259e-09 4.72796e-09 
1.79184e-09 -4.57415e-09 
4.24769e-09 -4.12872e-09 
1.41557e-09 -4.77409e-09 
4.30761e-09 -5.35963e-09 
2.14096e-08 -1.87125e-09 
7.35343e-09 -4.59385e-09 
3.4881e-09 -5.02019e-09 
5.01058e-09 -5.35697e-09 
3.53123e-09 -6.47982e-09 
-9.36333e-09 -4.96316e-09 
4.32985e-09 -4.66091e-09 
5.99169e-09 -4.42985e-09 
1.9837e-09 -4.58386e-09 
5.78027e-09 -8.72758e-10 
1.50708e-08 -3.73855e-09 
3.86343e-09 -3.68727e-09 
4.72049e-09 -3.77969e-09 
-1.87576e-09 -4.6775e-09 
1.11218e-09 -5.14821e-09 
3.9474e-09 -4.84171e-09 
1.35863e-09 -4.82791e-09 
-1.80932e-09 -5.05256e-09 
3.55156e-09 -4.7293e-09 
4.9583e-09 -8.14638e-10 
2.89059e-09 -5.3554e-09 
4.58842e-09 -4.72988e-09 
2.90433e-09 -2.65295e-09 
4.06448e-09 -5.11943e-09 
1.8603e-08 -3.49411e-09 
3.11125e-09 5.1683e-09 
4.85025e-09 -3.91926e-10 
-5.36877e-08 -5.51912e-09 
4.3999e-09 -4.66159e-09 
6.13524e-09 -6.38935e-09 
3.74516e-09 -4.50482e-09 
7.61697e-09 -4.69356e-09 
2.27506e-09 -4.93682e-09 
4.03916e-09 -8.02196e-09 
5.74749e-09 -4.49829e-09 
1.55944e-09 -6.5762e-09 
3.84926e-09 -2.26107e-09 
1.04958e-09 -4.36762e-09 
7.50149e-09 -4.50198e-09 
2.72837e-09 -4.69565e-09 
7.83638e-09 -5.16182e-09 
-6.7472e-09 -5.30983e-09 
