3.41009e-09 -4.8666e-09 
5.79316e-09 -3.71662e-09 
4.03031e-09 -3.89079e-09 
1.81536e-09 -4.06646e-09 
4.23795e-09 -4.6601e-09 
4.00878e-09 -4.51694e-09 
7.32512e-09 -4.8202e-09 
6.59744e-09 -3.82874e-09 
-1.02973e-08 -2.91062e-09 
6.2401e-09 -5.00158e-09 
4.26055e-09 -4.82238e-09 
4.55281e-09 -4.69182e-09 
1.61243e-09 -8.43355e-09 
-3.30888e-09 -4.8659e-09 
4.29353e-09 -4.8896e-09 
5.12293e-10 -5.25737e-09 
7.08306e-09 -4.71348e-09 
1.44597e-09 -4.25062e-09 
1.11424e-08 -2.09235e-09 
4.35296e-09 -4.16895e-09 
2.61632e-09 -3.33256e-09 
-2.10519e-10 -6.23915e-09 
2.3771e-09 -4.62738e-09 
6.31619e-09 -4.73491e-09 
3.17128e-09 -4.66097e-09 
7.19321e-09 -4.48019e-09 
2.34925e-09 -4.73803e-09 
4.25697e-09 -2.80545e-09 
2.76528e-09 -3.34512e-09 
-7.96905e-10 -4.71744e-09 
3.78652e-09 -2.0136e-09 
3.7548e-09 -4.63404e-09 
-3.46548e-08 -1.0892e-08 
2.73954e-09 -7.88757e-09 
2.53525e-09 -2.35727e-09 
3.82829e-08 -4.89217e-09 
4.11614e-09 -4.79354e-09 
4.26461e-09 -4.82139e-09 
5.44409e-09 -4.90743e-09 
4.41409e-09 -5.29067e-09 
3.08655e-09 -5.28217e-09 
3.53114e-09 -3.92997e-09 
4.054e-09 -7.55654e-09 
2.3087e-09 -4.51548e-09 
2.73318e-09 -3.85345e-09 
3.22285e-09 -6.40206e-09 
6.4021e-09 -4.30489e-09 
3.15625e-09 -4.57694e-09 
4.75565e-09 -4.70535e-09 
5.29663e-09 -4.79646e-09 
