-0.0851982 0.157131 
0.0213871 0.400064 
-0.206241 -14.6654 
-0.00811175 0.0544175 
-0.135299 0.0918266 
-0.150586 0.0555338 
-0.164627 0.0064817 
-0.095061 0.199609 
0.0289189 0.0715979 
-0.115903 0.105193 
-0.114895 0.15071 
-0.143359 0.0692706 
0.163717 0.173523 
-0.117601 0.002973 
-0.229033 0.357234 
0.0453122 -0.121957 
-0.0157057 0.259451 
-0.106075 0.177541 
-0.0456852 0.119501 
-0.117811 0.0992465 
-0.0967286 0.197426 
0.0691504 0.111812 
-0.14728 0.0588292 
-0.0435876 0.138698 
-0.234137 -0.160219 
-0.121873 0.111536 
-0.161146 0.0916952 
-0.176732 0.137265 
0.0185803 0.0750564 
-0.187586 0.14877 
-0.103358 0.0851672 
-0.210474 0.0921765 
-0.224391 0.0974569 
-0.0692164 0.152981 
-0.21535 0.10173 
-0.131404 0.0982911 
0.11411 0.0849763 
-0.145836 0.0739852 
0.019998 0.041231 
-0.101828 0.114417 
-0.0899995 0.097834 
-0.102397 0.0989928 
-0.0685368 0.135793 
0.0519517 0.0936364 
-0.065008 0.110075 
-0.0956082 0.0251246 
0.0719059 0.329407 
0.0017795 0.0945656 
-0.0672512 0.094281 
-0.175029 0.0579975 
