4.28858e-09 -4.65474e-09 
1.77904e-09 -6.12589e-09 
2.77598e-09 -5.06114e-09 
1.46257e-09 2.68539e-09 
2.25237e-09 -4.6839e-09 
4.1694e-09 -4.65169e-09 
-1.37224e-09 -4.81176e-09 
3.55058e-09 -5.02139e-09 
1.19202e-08 -4.63335e-09 
3.48017e-09 -4.51181e-09 
2.68976e-09 -4.95037e-09 
4.40939e-09 -5.20803e-09 
4.78714e-09 -8.79125e-09 
2.41797e-09 -4.89343e-09 
4.36333e-09 -4.56627e-09 
6.4725e-09 -6.94349e-09 
4.4337e-09 -5.2715e-09 
3.41557e-09 -3.60391e-09 
1.14004e-08 -3.53543e-09 
3.64364e-09 -4.09182e-09 
6.11295e-09 -4.54206e-09 
5.28115e-09 -4.23368e-09 
-1.25375e-09 -5.32114e-09 
4.14336e-09 -4.82654e-09 
3.2498e-09 -4.80307e-09 
4.20628e-10 -5.5579e-09 
5.69444e-09 -4.73289e-09 
4.81527e-09 5.17519e-09 
4.63971e-09 -1.28932e-08 
1.46382e-09 -4.71192e-09 
3.38104e-09 -4.78895e-09 
4.30763e-09 -5.27769e-09 
4.22065e-08 -5.11626e-09 
3.64443e-09 5.48282e-09 
4.68344e-09 -4.67193e-09 
-4.91943e-08 -4.93012e-09 
3.7327e-09 -4.62401e-09 
7.2177e-09 -6.43625e-09 
4.7141e-09 -4.60322e-09 
5.80536e-09 -5.23077e-09 
4.37116e-09 -5.76646e-09 
3.74852e-09 -8.02327e-09 
5.08098e-09 -5.88639e-09 
3.21714e-09 -5.48386e-09 
5.2937e-09 -3.61946e-09 
6.81615e-10 -5.25951e-09 
7.71501e-09 -4.27324e-09 
3.79455e-09 -5.11005e-09 
5.8759e-09 -4.95624e-09 
2.27104e-08 -5.0834e-09 
