3.03514e-09 -4.62763e-09 
7.54418e-09 -5.31624e-09 
3.58729e-09 -4.93633e-09 
-1.39587e-09 -4.44795e-09 
4.68419e-09 -4.65248e-09 
3.94551e-09 -4.4919e-09 
-2.07035e-09 -4.85679e-09 
3.47271e-09 -5.46328e-09 
8.84995e-09 -2.10029e-09 
4.69533e-09 -4.99308e-09 
4.59344e-09 -4.9885e-09 
4.51907e-09 -5.34614e-09 
2.7176e-09 -1.14407e-08 
1.10283e-09 -4.85174e-09 
4.33395e-09 -4.82001e-09 
4.15652e-09 -6.92988e-09 
2.6866e-09 -5.04269e-09 
3.2086e-09 -1.45912e-09 
6.00902e-10 -2.25385e-09 
3.1068e-09 -5.03786e-09 
2.95829e-09 -3.86587e-09 
7.43445e-09 -5.16727e-09 
-1.07466e-09 -4.87629e-09 
5.21378e-09 -4.80051e-09 
1.7612e-09 -4.64671e-09 
-2.17228e-09 -6.28456e-09 
4.79958e-09 -4.73665e-09 
4.42003e-09 1.08994e-09 
4.53511e-09 2.42197e-11 
3.36291e-09 -4.67074e-09 
4.29259e-09 -4.02809e-09 
5.59779e-09 -4.88804e-09 
1.42608e-08 -3.60246e-09 
3.43218e-09 1.60884e-08 
5.63733e-09 -5.75331e-09 
-3.66994e-08 -4.61881e-09 
3.11648e-09 -4.61715e-09 
5.66296e-09 -4.98552e-09 
4.12876e-09 -4.76984e-09 
5.80039e-09 -3.81668e-09 
4.60255e-09 -5.26904e-09 
3.65569e-09 -2.99448e-09 
4.92439e-09 -6.07023e-09 
2.76746e-09 -3.79581e-09 
1.08678e-09 -4.58748e-09 
2.71846e-09 -4.83269e-09 
7.78866e-09 -3.72044e-09 
5.47701e-09 -4.98097e-09 
6.09801e-09 -4.88756e-09 
1.29192e-08 -5.11847e-09 
