3.64333e-09 -4.82521e-09 
4.00364e-09 -5.24585e-09 
3.07555e-09 -4.19167e-09 
-6.63293e-09 4.20969e-11 
3.48847e-09 -4.67205e-09 
3.9981e-09 -4.46207e-09 
5.78121e-09 -4.66418e-09 
3.3857e-09 -6.92564e-09 
1.51985e-08 -2.53259e-09 
7.30508e-09 -4.62301e-09 
4.02629e-09 -5.15774e-09 
4.13329e-09 -5.30015e-09 
3.13732e-09 -1.31611e-08 
2.10533e-09 -4.97845e-09 
4.28645e-09 -4.89513e-09 
2.75065e-09 -5.9432e-09 
1.24816e-08 -4.86685e-09 
3.9042e-09 -4.80012e-09 
-6.22564e-10 -3.11974e-09 
4.6911e-09 -3.9385e-09 
5.27796e-09 -4.37157e-09 
3.94896e-09 -5.01806e-09 
-2.89837e-09 -5.25181e-09 
5.09146e-09 -4.79735e-09 
-1.19243e-09 -5.1498e-09 
-3.21167e-09 -5.17311e-09 
4.33307e-09 -4.73836e-09 
4.48233e-09 3.92596e-09 
3.68798e-09 -1.67186e-08 
-1.94295e-09 -4.77914e-09 
3.91064e-09 -4.41613e-09 
5.54223e-09 -4.67476e-09 
3.63041e-08 -8.7885e-09 
1.95695e-09 1.67168e-08 
-2.74385e-10 -9.04653e-10 
-1.06433e-08 -5.41008e-09 
4.38766e-09 -4.52536e-09 
4.84711e-09 -5.68052e-09 
5.11568e-09 -4.62063e-09 
4.92873e-09 -3.95903e-09 
4.87407e-09 -6.786e-09 
4.05831e-09 -7.09682e-09 
4.28015e-09 -6.4911e-09 
2.55215e-09 -4.79127e-09 
5.13603e-09 -2.50916e-09 
1.61556e-09 -4.69052e-09 
6.88771e-09 -3.86222e-09 
6.47871e-09 -5.00275e-09 
4.67094e-09 -4.85208e-09 
6.75709e-09 -5.6718e-09 
