-1.01874e-08 -2.72294e-09 
1.99129e-09 -1.22291e-09 
1.34146e-09 7.85044e-09 
-3.73045e-09 -1.04211e-08 
2.59913e-10 -1.91674e-09 
-2.9748e-08 -1.69112e-08 
3.16009e-08 6.1716e-09 
-4.29477e-10 -3.60395e-09 
1.48419e-08 2.94647e-09 
7.75834e-08 -3.68439e-09 
-1.50435e-08 -3.14051e-10 
1.26369e-08 -4.35354e-09 
-1.24852e-08 1.78998e-08 
-7.4653e-10 3.43388e-09 
-4.99555e-09 2.38877e-09 
-2.45956e-09 6.965e-09 
-4.78234e-11 -5.84266e-09 
-1.95673e-10 3.9889e-10 
1.7683e-08 1.01095e-09 
1.82918e-08 -1.47872e-09 
