2.41281e-09 -4.84731e-09 
2.86701e-09 -3.51796e-09 
4.2376e-09 -4.34454e-09 
1.02861e-08 -3.97889e-09 
5.17463e-09 -4.60754e-09 
4.09796e-09 -4.47881e-09 
5.10916e-09 -4.98168e-09 
5.05456e-09 -2.21956e-09 
-1.03664e-08 -5.06754e-09 
3.69219e-09 -5.04965e-09 
3.15838e-09 -4.76165e-09 
5.19362e-09 -4.26529e-09 
2.3312e-09 -9.69189e-09 
-8.96638e-09 -4.62369e-09 
4.26078e-09 -4.65226e-09 
3.87352e-09 -5.37054e-09 
8.83721e-09 -5.01269e-09 
3.25763e-09 -3.83451e-09 
5.54185e-09 -5.95904e-09 
3.10451e-09 -3.38303e-09 
1.55372e-09 -4.19364e-09 
8.32005e-10 -4.98912e-09 
5.29729e-09 -4.38428e-09 
4.82021e-09 -4.75734e-09 
-9.60383e-11 -4.6833e-09 
3.57136e-09 -4.45853e-09 
3.29379e-09 -4.73478e-09 
4.48952e-09 -4.25426e-09 
4.21147e-09 -5.38544e-09 
4.8674e-09 -4.69761e-09 
3.95266e-09 -2.8855e-09 
1.32417e-09 -5.21051e-09 
-3.09088e-08 -7.41358e-09 
4.97477e-09 -1.1721e-08 
6.92828e-09 -2.46908e-10 
2.90987e-09 -4.99385e-09 
5.02293e-09 -4.83705e-09 
4.57429e-09 -4.86879e-09 
5.09128e-09 -4.554e-09 
5.09107e-09 -6.0541e-09 
2.7423e-09 -6.45161e-09 
4.03761e-09 -7.3495e-09 
5.84909e-09 -3.48586e-09 
3.25364e-09 -5.39522e-09 
5.88102e-10 -4.81675e-09 
5.07157e-09 -4.5249e-09 
3.20165e-09 -4.20977e-09 
2.0077e-09 -4.23009e-09 
7.3304e-09 -5.03976e-09 
1.65912e-09 -4.87504e-09 
