4.78626e-09 -4.82438e-09 
4.9827e-09 -3.93012e-09 
3.38805e-09 -4.54051e-09 
-7.67515e-09 -1.22373e-09 
4.30736e-09 -4.71515e-09 
3.71914e-09 -4.97542e-09 
1.02845e-09 -4.73627e-09 
5.01038e-09 -5.42278e-09 
1.24552e-08 -2.13215e-09 
8.27938e-09 -4.91541e-09 
2.9736e-09 -5.07567e-09 
4.52853e-09 -5.19295e-09 
2.78464e-09 -9.0004e-09 
-5.69173e-09 -5.03701e-09 
4.30053e-09 -4.81516e-09 
4.03237e-09 -5.78872e-09 
6.32781e-09 -4.95086e-09 
3.30817e-09 -2.60777e-09 
-1.61689e-09 -1.53287e-09 
3.38136e-09 -4.49046e-09 
2.10195e-09 -3.74977e-09 
-1.65219e-10 -5.41017e-09 
-4.23112e-09 -5.15916e-09 
5.51208e-09 -4.82589e-09 
4.25339e-09 -4.90347e-09 
1.6042e-09 -5.94099e-09 
3.92224e-09 -4.73658e-09 
4.46151e-09 -5.39313e-10 
2.92417e-09 -9.47828e-09 
-8.71204e-10 -4.74008e-09 
3.94697e-09 -3.34173e-09 
5.221e-09 -4.46551e-09 
6.17906e-08 -7.75556e-09 
1.89649e-09 1.09726e-08 
-1.14784e-09 -4.96252e-09 
-2.06858e-08 -5.08769e-09 
3.64976e-09 -4.63913e-09 
5.38858e-09 -5.44775e-09 
4.42069e-09 -4.71282e-09 
4.91551e-09 -5.23552e-09 
3.93593e-09 -6.49915e-09 
4.31962e-09 -4.16073e-09 
3.77255e-09 -1.13693e-08 
1.74321e-09 -4.35919e-09 
1.71981e-09 -3.06892e-09 
1.43549e-09 -4.9012e-09 
8.92338e-09 -4.29279e-09 
3.63841e-09 -5.09052e-09 
2.67589e-09 -4.8225e-09 
1.12172e-08 -5.47262e-09 
