4.09911e-09 -4.79475e-09 
5.83386e-09 -5.75873e-09 
4.97513e-09 -4.78032e-09 
2.35341e-09 -1.61332e-09 
4.47813e-09 -4.84734e-09 
4.22973e-09 -4.79339e-09 
2.10384e-09 -4.83744e-09 
3.84575e-09 -2.66703e-09 
-1.05492e-08 -4.07718e-09 
9.38968e-09 -4.76858e-09 
3.19904e-09 -4.86281e-09 
6.22564e-09 -5.24513e-09 
4.07976e-09 -3.05204e-09 
-1.55305e-08 -5.16754e-09 
4.28302e-09 -4.76119e-09 
4.30418e-09 -3.73047e-09 
5.49714e-09 -4.55894e-09 
2.07137e-09 -2.94315e-09 
1.98899e-08 -3.49102e-09 
4.8455e-09 -4.7079e-09 
9.84519e-10 -4.18293e-09 
-4.21718e-11 -6.16502e-09 
-1.06213e-09 -4.78103e-09 
6.14084e-09 -4.84286e-09 
-1.43634e-09 -4.80418e-09 
6.60416e-09 -4.94189e-09 
4.5286e-09 -4.73211e-09 
5.18603e-09 4.79493e-10 
3.98391e-09 -4.29709e-09 
3.77446e-09 -4.74853e-09 
3.28333e-09 -6.03041e-09 
2.95316e-09 -4.7948e-09 
-2.16861e-08 -3.51241e-09 
2.50081e-09 4.89296e-09 
5.71315e-09 -1.862e-09 
-4.38016e-09 -4.99258e-09 
4.25108e-09 -4.69059e-09 
9.13541e-09 -6.43293e-09 
4.57867e-09 -4.70187e-09 
3.06652e-09 -5.94966e-09 
3.71808e-09 -6.72151e-09 
3.85452e-09 -4.85634e-09 
4.59194e-09 -7.15379e-09 
6.26055e-09 -5.11512e-09 
3.2806e-09 -3.82406e-09 
3.25086e-09 -4.63284e-09 
4.17726e-09 -2.21414e-09 
2.97193e-09 -4.66425e-09 
7.32602e-09 -4.71405e-09 
1.04879e-08 -5.7963e-09 
