4.15944e-09 -4.8611e-09 
1.8062e-09 -4.63938e-09 
4.11347e-09 -4.26686e-09 
7.45463e-09 -2.33142e-09 
4.33561e-09 -4.59297e-09 
3.82762e-09 -4.72793e-09 
1.46275e-09 -4.71964e-09 
3.89586e-09 -4.36356e-09 
-1.97313e-09 -3.36203e-09 
1.43039e-09 -4.78051e-09 
3.03347e-09 -5.01335e-09 
5.92845e-09 -5.03648e-09 
2.98771e-09 -6.68328e-10 
-8.00283e-09 -4.57087e-09 
4.2873e-09 -4.72885e-09 
3.32422e-09 -6.32735e-09 
7.06036e-09 -5.31033e-09 
1.6729e-09 -3.68143e-09 
1.41664e-08 -2.61624e-09 
3.48343e-09 -4.40673e-09 
-2.18678e-10 -5.23329e-09 
3.10463e-09 -5.33353e-09 
-5.14958e-09 -4.99446e-09 
5.26838e-09 -4.90545e-09 
5.43108e-09 -5.1504e-09 
8.7127e-09 -4.39778e-09 
4.21464e-09 -4.73844e-09 
4.71961e-09 -1.77428e-10 
3.18299e-09 -5.16487e-09 
5.24071e-09 -4.7332e-09 
2.6744e-09 -5.06345e-09 
2.68688e-09 -4.70905e-09 
-1.24666e-09 -3.72473e-09 
4.01101e-09 -6.14282e-09 
2.18376e-09 -2.04429e-09 
2.25868e-09 -4.73335e-09 
4.13862e-09 -4.7076e-09 
6.8584e-09 -4.39039e-09 
4.46893e-09 -4.73282e-09 
5.95822e-09 -4.75706e-09 
3.62311e-09 -7.1928e-09 
3.68954e-09 -6.29174e-09 
5.86473e-09 -4.60767e-09 
3.1545e-09 -5.10139e-09 
3.80125e-09 -5.94716e-09 
2.30164e-09 -4.62288e-09 
2.2098e-09 -3.69786e-09 
4.63132e-09 -4.62608e-09 
5.0323e-09 -5.02076e-09 
5.28872e-09 -5.67248e-09 
