2.7109e-09 -4.75439e-09 
7.0235e-09 -3.56767e-09 
3.6715e-09 -4.88274e-09 
-3.12011e-09 -5.19974e-09 
4.47382e-09 -4.63023e-09 
3.60684e-09 -4.88872e-09 
3.86338e-09 -4.87513e-09 
5.73987e-09 -5.17541e-09 
1.14796e-08 -2.44143e-09 
9.08914e-09 -4.83268e-09 
3.80028e-09 -4.76985e-09 
3.56551e-09 -4.73524e-09 
2.57679e-09 -1.93937e-08 
3.84074e-09 -5.19652e-09 
4.28496e-09 -4.7306e-09 
3.8155e-09 -5.39532e-09 
8.90922e-09 -4.96147e-09 
2.99373e-09 -2.60598e-09 
3.70203e-09 -3.22827e-09 
4.54072e-09 -3.96986e-09 
6.95006e-09 -2.52639e-09 
7.30904e-09 -5.27388e-09 
5.36938e-09 -4.7674e-09 
4.47411e-09 -4.60316e-09 
-5.37136e-09 -4.84832e-09 
-1.44432e-09 -5.34184e-09 
4.19262e-09 -4.73023e-09 
4.00393e-09 -4.01807e-10 
4.54935e-09 -4.11317e-09 
-6.26565e-09 -4.73218e-09 
4.59433e-09 3.04687e-10 
4.34587e-09 -5.10365e-09 
-1.03114e-08 -1.10787e-08 
3.28191e-09 7.68241e-09 
3.0126e-09 -1.97775e-09 
-2.30162e-08 -5.36602e-09 
3.93801e-09 -4.71352e-09 
5.86874e-09 -2.9965e-09 
4.59507e-09 -4.603e-09 
3.35368e-09 -5.94711e-09 
2.92494e-09 -3.99652e-09 
3.70379e-09 -6.79841e-09 
3.83678e-09 -7.24274e-09 
6.6566e-09 -4.41959e-09 
4.05251e-09 -4.86926e-09 
2.40418e-09 -4.77887e-09 
8.97322e-09 -4.40528e-09 
2.7236e-09 -4.74548e-09 
7.5072e-09 -4.9349e-09 
1.30406e-08 -4.74037e-09 
