2.78951e-09 7.47284e-09 
1.05256e-09 1.34248e-09 
-3.05331e-10 3.63212e-09 
1.06294e-09 -1.15965e-08 
-1.01901e-09 -3.40542e-09 
-3.03176e-08 1.08494e-09 
4.10892e-08 -8.62643e-08 
2.73478e-09 -1.96646e-09 
1.25823e-08 3.28637e-09 
5.92564e-08 -7.44125e-10 
1.741e-09 6.43253e-09 
1.98532e-09 3.04513e-10 
4.11057e-09 2.11307e-08 
3.57988e-10 -6.64044e-10 
-1.58401e-09 7.76231e-09 
-6.93787e-09 4.11725e-09 
1.76431e-09 -4.18161e-09 
6.87102e-10 5.81859e-12 
5.03133e-09 9.28522e-09 
3.46056e-09 2.77087e-10 
