3.36684e-09 -4.82706e-09 
2.35071e-09 -4.41249e-09 
4.7959e-09 -4.99855e-09 
4.7588e-09 4.9235e-09 
4.63174e-09 -4.41231e-09 
4.64296e-09 -4.67497e-09 
2.26061e-09 -4.88178e-09 
4.03057e-09 -5.05701e-09 
9.25384e-09 -4.91586e-09 
1.07464e-08 -4.81653e-09 
4.44976e-09 -4.58253e-09 
5.6428e-09 -4.77879e-09 
3.11236e-09 1.52776e-08 
-1.1496e-08 -5.06406e-09 
4.28402e-09 -4.74422e-09 
4.10899e-09 -4.2425e-09 
1.40671e-08 -4.48373e-09 
2.77222e-09 -3.72825e-09 
4.31653e-09 -6.6697e-09 
4.84447e-09 -3.7609e-09 
2.44151e-09 -2.92574e-09 
5.46193e-09 -3.96038e-09 
1.15386e-09 -4.86934e-09 
5.2365e-09 -4.72497e-09 
2.48811e-09 -5.40157e-09 
5.15823e-09 -5.41863e-09 
2.82376e-09 -4.72672e-09 
4.61868e-09 -1.89974e-09 
4.28215e-09 -4.54888e-09 
1.08388e-10 -4.7709e-09 
5.07723e-09 -2.71495e-09 
4.0741e-09 -5.18072e-09 
-2.7486e-09 -8.37725e-09 
3.94563e-09 -4.49235e-09 
2.5021e-09 -7.2774e-09 
1.53327e-08 -4.75015e-09 
3.8345e-09 -4.76883e-09 
5.60821e-09 -5.07402e-09 
4.60346e-09 -4.59757e-09 
2.29835e-09 -4.78258e-09 
3.78043e-09 -8.15634e-09 
3.91921e-09 -7.13998e-09 
5.95422e-09 -5.66585e-09 
7.1512e-09 -4.78673e-09 
3.71133e-09 -6.22633e-09 
2.95332e-09 -4.6513e-09 
-3.50483e-09 -2.55283e-09 
2.84669e-09 -4.77924e-09 
5.51481e-09 -4.72863e-09 
1.48598e-08 -5.28383e-09 
