8.65692e-09 -6.3777e-09 
2.80068e-09 -1.27152e-10 
2.10246e-09 -5.80426e-09 
1.13656e-09 8.69661e-09 
2.83385e-10 3.2826e-09 
-1.60179e-08 1.10088e-09 
5.75536e-08 5.08084e-09 
1.32048e-09 2.9757e-10 
-7.29398e-09 -2.89619e-09 
-3.79161e-08 8.77048e-10 
-1.35164e-08 2.18815e-09 
5.53359e-10 1.36539e-09 
1.20048e-10 -3.78074e-09 
-1.76477e-10 -1.91906e-09 
2.83078e-09 1.02299e-09 
-7.3953e-09 -2.04434e-09 
6.18172e-10 -3.15606e-09 
1.39284e-09 -6.28884e-10 
1.25186e-09 -1.31197e-08 
-7.02871e-09 4.68373e-09 
