4.36336e-09 -4.91158e-09 
1.54424e-09 -4.51991e-09 
6.1462e-09 -4.53987e-09 
3.6555e-09 6.2652e-09 
4.10135e-09 -4.55917e-09 
5.69905e-09 -4.8566e-09 
-1.35994e-09 -4.80857e-09 
4.07473e-09 -5.23666e-09 
-3.99129e-12 -5.45805e-09 
7.49568e-09 -4.7932e-09 
2.91011e-09 -5.07428e-09 
5.95853e-09 -5.11683e-09 
2.34645e-09 -3.86363e-08 
-2.42624e-09 -4.95387e-09 
4.28585e-09 -4.74685e-09 
3.70549e-09 -3.17873e-09 
7.3257e-09 -4.17899e-09 
2.25145e-09 -3.67592e-09 
1.45941e-08 -4.53404e-09 
6.13435e-09 -4.0861e-09 
3.0384e-09 -3.64684e-09 
8.05352e-09 -5.23115e-09 
1.79305e-09 -5.00211e-09 
6.63649e-09 -4.76919e-09 
3.50382e-09 -4.30499e-09 
3.87283e-09 -5.21153e-09 
2.75321e-09 -4.72316e-09 
3.52264e-09 -3.82979e-09 
4.14469e-09 -4.22853e-09 
4.0674e-09 -4.75661e-09 
3.85878e-09 -3.10153e-09 
3.57152e-09 -4.73598e-09 
8.81025e-09 -6.05533e-09 
2.61842e-09 -1.03048e-08 
2.09942e-09 8.45047e-09 
-2.16801e-09 -4.8547e-09 
4.03749e-09 -4.74239e-09 
4.1255e-09 -4.57502e-09 
5.59739e-09 -4.43216e-09 
5.68383e-09 -5.00417e-09 
2.81973e-09 -9.5467e-09 
3.89758e-09 -5.17571e-09 
3.11311e-09 -4.30385e-09 
6.56846e-09 -4.69653e-09 
3.67943e-09 -5.98232e-09 
4.04463e-09 -4.45248e-09 
6.8452e-09 -2.38636e-09 
2.51497e-09 -4.7853e-09 
5.89223e-09 -4.96268e-09 
1.38303e-08 -5.4388e-09 
