3.73357e-09 -4.97871e-09 
2.18797e-09 -4.03901e-09 
4.08658e-09 -4.84769e-09 
4.27858e-10 -5.52672e-09 
4.31121e-09 -4.60406e-09 
3.96457e-09 -4.85272e-09 
-4.69311e-10 -4.80587e-09 
4.69583e-09 -4.66348e-09 
1.03891e-08 -3.2345e-11 
1.0846e-08 -4.81267e-09 
2.95739e-09 -4.96219e-09 
2.70481e-09 -5.14112e-09 
3.27753e-09 7.78164e-09 
3.11015e-09 -5.169e-09 
4.28486e-09 -4.73906e-09 
3.85851e-09 -7.56726e-09 
5.10699e-09 -4.68199e-09 
2.28883e-09 -2.42012e-09 
4.01834e-09 -6.42479e-11 
4.29108e-09 -4.42039e-09 
3.52467e-09 -4.91233e-09 
3.16764e-09 -4.14798e-09 
7.10063e-10 -5.13149e-09 
3.45948e-09 -4.78988e-09 
3.88786e-09 -5.03985e-09 
2.94486e-09 -5.14542e-09 
1.13869e-09 -4.73905e-09 
2.89278e-09 -1.67029e-09 
4.49706e-09 -4.54684e-09 
3.36495e-10 -4.79193e-09 
4.55557e-09 -3.64178e-09 
4.37063e-09 -4.6183e-09 
-3.31769e-09 -4.52163e-09 
2.7568e-09 2.99666e-09 
4.87378e-09 -7.11206e-09 
1.43569e-08 -4.48583e-09 
3.93615e-09 -4.7015e-09 
4.95392e-09 -3.76158e-09 
4.29186e-09 -4.45357e-09 
4.54153e-09 -5.40166e-09 
3.18035e-09 -2.64162e-09 
3.89991e-09 -6.90932e-09 
5.51677e-09 -6.17149e-09 
5.26022e-09 -4.7601e-09 
3.67981e-09 -5.67515e-09 
2.58476e-09 -4.69803e-09 
2.97513e-09 -3.69015e-09 
1.77467e-09 -4.75826e-09 
5.88243e-09 -4.78729e-09 
3.27264e-09 -5.27856e-09 
