4.13193e-09 -4.55905e-09 
4.91513e-09 -4.45685e-09 
3.70466e-09 -3.777e-09 
3.69284e-10 1.36348e-09 
4.71605e-09 -4.758e-09 
2.5693e-09 -4.80741e-09 
2.5505e-09 -4.82964e-09 
5.13144e-09 -3.37259e-09 
-1.07549e-08 -5.79082e-09 
-2.41369e-09 -4.73168e-09 
4.00713e-09 -5.01266e-09 
4.82686e-09 -4.98893e-09 
1.58626e-09 -3.30274e-09 
-1.38705e-08 -4.50106e-09 
4.2855e-09 -4.72974e-09 
2.65524e-09 -5.48679e-09 
7.73581e-09 -4.58871e-09 
3.80245e-09 -4.98561e-09 
1.23401e-08 -5.40385e-09 
4.55207e-09 -4.74365e-09 
3.69687e-09 -2.61289e-09 
8.74372e-09 -6.20984e-09 
1.79705e-09 -4.60992e-09 
4.82825e-09 -4.80774e-09 
1.86743e-09 -4.71377e-09 
1.0102e-09 -4.44348e-09 
5.50006e-09 -4.73962e-09 
5.82524e-09 2.44441e-09 
3.73072e-09 -4.11748e-09 
-7.64989e-10 -4.67438e-09 
3.95568e-09 -3.20239e-09 
2.98214e-09 -4.89243e-09 
1.15981e-08 -7.08585e-09 
4.01913e-09 -5.31254e-09 
3.51685e-09 -3.43327e-09 
-3.43331e-08 -5.5422e-09 
4.24783e-09 -4.72982e-09 
7.11339e-09 -4.42325e-09 
5.35738e-09 -4.72447e-09 
5.24397e-09 -5.15069e-09 
4.59756e-09 -1.32227e-08 
3.49694e-09 -5.59689e-09 
5.1871e-09 -5.63577e-09 
7.89282e-09 -4.5392e-09 
4.30452e-09 -5.49755e-09 
4.82648e-09 -4.61467e-09 
8.76634e-09 -5.59438e-09 
7.19657e-09 -4.71149e-09 
5.56044e-09 -4.99214e-09 
3.98687e-09 -5.00076e-09 
