4.18678e-09 -4.88286e-09 
7.84579e-10 -4.51604e-09 
4.52337e-09 -4.32083e-09 
5.50641e-09 3.9752e-09 
4.15953e-09 -4.62036e-09 
4.03606e-09 -4.83842e-09 
-2.45948e-09 -4.85219e-09 
4.18633e-09 -4.43917e-09 
-1.18129e-08 -5.7291e-09 
-5.82278e-09 -4.93526e-09 
4.62197e-09 -4.61104e-09 
6.67633e-09 -5.27391e-09 
4.2033e-09 -2.61699e-08 
9.16902e-09 -4.87169e-09 
4.28565e-09 -4.73842e-09 
3.68601e-09 -3.48982e-09 
9.07626e-09 -4.49388e-09 
3.51575e-09 -3.64091e-09 
1.24836e-08 -9.25593e-09 
4.86012e-09 -3.96613e-09 
3.74298e-09 -1.79909e-09 
5.55805e-09 -6.88101e-09 
1.3725e-09 -4.64101e-09 
6.78069e-09 -4.79408e-09 
-1.25959e-09 -4.41279e-09 
4.40195e-09 -5.62643e-09 
1.50743e-09 -4.72932e-09 
4.56968e-09 -3.47684e-09 
3.60869e-09 -4.50186e-09 
6.29981e-09 -4.72096e-09 
3.53924e-09 -3.32319e-09 
3.39459e-09 -4.85606e-09 
6.93734e-10 -6.59666e-09 
4.58645e-09 -9.66025e-09 
2.96816e-09 2.77983e-09 
-2.12148e-08 -5.83704e-09 
4.33511e-09 -4.76897e-09 
6.26e-09 -5.37078e-09 
4.96244e-09 -4.60561e-09 
4.87686e-09 -5.54189e-09 
2.66844e-09 -1.18467e-08 
3.30766e-09 -5.50304e-09 
3.91174e-09 -4.66691e-09 
7.46742e-09 -4.65095e-09 
4.36769e-09 -6.1561e-09 
4.81549e-09 -4.56461e-09 
8.82385e-09 -2.8204e-09 
1.48089e-09 -4.75814e-09 
5.89285e-09 -5.06704e-09 
9.9939e-09 -4.69157e-09 
