3.32981e-09 -4.92794e-09 
6.55024e-10 -4.59822e-09 
3.18057e-09 -4.78562e-09 
1.43425e-09 -1.03081e-09 
4.36345e-09 -4.52653e-09 
4.8443e-09 -4.90444e-09 
-2.63015e-09 -4.87388e-09 
4.48509e-09 -5.28049e-09 
-9.12096e-09 -3.45764e-09 
7.54988e-09 -4.91347e-09 
2.25749e-09 -5.01746e-09 
3.53068e-09 -5.46446e-09 
3.58616e-09 -1.64777e-08 
4.97111e-09 -5.21716e-09 
4.28477e-09 -4.74291e-09 
4.2305e-09 -3.15756e-09 
1.04315e-08 -4.85432e-09 
3.84975e-09 -2.60389e-09 
5.41479e-09 -6.03482e-09 
4.03639e-09 -3.51279e-09 
4.24339e-09 -3.59749e-09 
2.82958e-09 -6.03302e-09 
-1.11239e-09 -5.1602e-09 
4.02415e-09 -4.75036e-09 
3.27434e-11 -4.59334e-09 
5.73197e-09 -4.78471e-09 
-1.01107e-09 -4.7312e-09 
3.44469e-09 -8.58104e-09 
4.57269e-09 -4.69884e-09 
4.28309e-09 -4.75896e-09 
3.84691e-09 -4.6893e-09 
4.42068e-09 -5.09507e-09 
-8.07611e-09 -8.88309e-09 
3.6233e-09 -9.2635e-09 
3.00789e-09 3.35868e-09 
6.55815e-09 -5.00941e-09 
3.83165e-09 -4.73005e-09 
5.52688e-09 -4.82479e-09 
4.19983e-09 -4.65337e-09 
3.90224e-09 -4.86262e-09 
3.21664e-09 -7.06444e-09 
3.50071e-09 -5.67909e-09 
3.58038e-09 -6.25829e-09 
2.61898e-09 -4.83705e-09 
4.03197e-09 -5.7671e-09 
7.53686e-10 -4.58342e-09 
3.87302e-09 -2.95348e-09 
1.72874e-09 -4.75501e-09 
6.79588e-09 -4.82241e-09 
1.31276e-08 -4.67509e-09 
