3.15646e-09 -4.68597e-09 
1.15322e-09 -3.93268e-09 
3.17599e-09 -4.68729e-09 
-4.17443e-10 -7.65237e-09 
4.7862e-09 -4.7711e-09 
4.62118e-09 -4.9039e-09 
8.70659e-09 -4.85687e-09 
4.92472e-09 -3.68261e-09 
1.50141e-09 -1.86463e-09 
1.6484e-08 -4.77563e-09 
2.76309e-09 -5.03029e-09 
4.19366e-09 -4.97579e-09 
1.99324e-09 -5.07368e-09 
-1.96457e-09 -5.10716e-09 
4.28445e-09 -4.74104e-09 
2.64554e-09 -5.33766e-09 
7.11361e-09 -5.07089e-09 
1.2958e-09 -3.94897e-09 
6.0559e-09 -2.19058e-09 
3.30355e-09 -3.68746e-09 
4.12966e-09 -4.82512e-09 
3.73632e-09 -4.60429e-09 
1.81409e-09 -4.93029e-09 
4.41498e-09 -4.76883e-09 
1.14222e-09 -5.10853e-09 
-1.21876e-09 -4.5686e-09 
2.78711e-09 -4.73499e-09 
3.91168e-09 2.78511e-09 
4.93855e-09 -4.29371e-09 
-9.44264e-10 -4.72858e-09 
3.73498e-09 -2.15284e-09 
4.26916e-09 -5.10662e-09 
-5.30765e-09 -6.36941e-09 
3.49668e-09 1.06226e-08 
4.41294e-09 -1.68595e-09 
1.02301e-08 -4.36038e-09 
3.74128e-09 -4.66196e-09 
4.74582e-09 -4.3082e-09 
5.16391e-09 -4.61347e-09 
6.50173e-09 -4.65738e-09 
3.44208e-09 -1.09879e-09 
4.59917e-09 -5.56238e-09 
5.25273e-09 -6.98445e-09 
2.59098e-09 -4.74263e-09 
3.65583e-09 -4.51236e-09 
3.33281e-09 -4.68613e-09 
1.40343e-09 -4.00242e-09 
5.05487e-09 -4.66261e-09 
6.27146e-09 -4.7069e-09 
5.38734e-09 -4.98597e-09 
