3.68381e-09 -4.61912e-09 
4.91143e-09 -3.86602e-09 
4.46362e-09 -3.98871e-09 
4.4404e-09 2.22109e-09 
4.37302e-09 -4.67206e-09 
3.46179e-09 -4.72648e-09 
1.2181e-08 -4.70732e-09 
5.28119e-09 -3.54891e-09 
8.3034e-09 -1.3269e-09 
-2.05992e-09 -4.82075e-09 
3.99115e-09 -5.08655e-09 
5.93645e-09 -4.89357e-09 
3.16639e-09 -2.59054e-09 
-4.75479e-09 -4.75827e-09 
4.28515e-09 -4.73433e-09 
2.48013e-09 -6.89024e-09 
3.83847e-09 -4.8288e-09 
2.21283e-10 -3.88511e-09 
6.71135e-09 -6.11775e-10 
3.30274e-09 -4.30393e-09 
3.62853e-09 -3.57713e-09 
5.63588e-09 -4.63216e-09 
2.7759e-09 -4.82334e-09 
4.9878e-09 -4.84111e-09 
4.87193e-09 -5.13104e-09 
-6.17228e-10 -4.75499e-09 
6.91342e-09 -4.73671e-09 
5.27391e-09 2.29423e-09 
3.75912e-09 -4.16002e-09 
-4.37079e-09 -4.69904e-09 
3.58266e-09 -1.69934e-09 
2.92613e-09 -4.70488e-09 
2.7441e-09 -3.53074e-09 
3.69238e-09 6.86963e-09 
4.47427e-09 -5.66168e-09 
-1.14805e-09 -4.13879e-09 
4.29606e-09 -4.74824e-09 
6.08881e-09 -4.51205e-09 
5.38185e-09 -4.61873e-09 
7.12003e-09 -5.39144e-09 
3.73429e-09 -2.92661e-09 
4.00771e-09 -5.00042e-09 
6.83237e-09 -5.25739e-09 
1.0504e-08 -4.61455e-09 
4.21219e-09 -4.74403e-09 
5.70615e-09 -4.71462e-09 
6.422e-09 -5.37837e-09 
3.97584e-09 -4.69993e-09 
5.31796e-09 -5.06223e-09 
5.84736e-09 -5.67476e-09 
