4.00874e-09 -4.81912e-09 
1.4772e-09 -4.92235e-09 
3.57542e-09 -3.6148e-09 
-1.45467e-09 -2.65361e-09 
4.41122e-09 -4.6616e-09 
3.90497e-09 -4.82518e-09 
-7.98667e-10 -4.82462e-09 
3.64832e-09 -4.07042e-09 
-2.67353e-09 -3.20215e-09 
8.84618e-09 -4.76527e-09 
1.70541e-09 -5.28836e-09 
3.37031e-09 -4.91388e-09 
2.92067e-09 -3.18131e-09 
3.21208e-09 -4.8615e-09 
4.28522e-09 -4.73818e-09 
6.8575e-10 -4.01807e-09 
9.45169e-09 -4.89433e-09 
1.30406e-09 -5.77514e-09 
-3.21865e-10 -3.33527e-09 
3.66365e-09 -2.6386e-09 
4.03984e-09 -3.50308e-09 
5.94574e-09 -4.96753e-09 
-1.77667e-09 -4.95744e-09 
4.83301e-09 -4.67571e-09 
-4.37848e-09 -4.63071e-09 
4.73608e-09 -5.1333e-09 
5.67486e-09 -4.73833e-09 
4.58863e-09 -4.53391e-09 
3.84721e-09 -4.67849e-09 
-3.31514e-09 -4.73244e-09 
4.11035e-09 -5.02081e-09 
3.28776e-09 -4.79756e-09 
1.43607e-08 -1.03303e-08 
2.40581e-09 -4.76773e-09 
3.23367e-09 -3.33037e-09 
6.45095e-10 -5.12563e-09 
3.70695e-09 -4.80647e-09 
5.65466e-09 -4.38767e-09 
3.352e-09 -4.59894e-09 
7.61143e-09 -5.23799e-09 
3.78077e-09 2.94191e-09 
4.46299e-09 -3.02993e-09 
6.91692e-09 -5.98985e-09 
7.81529e-09 -4.69107e-09 
3.62255e-09 -3.98366e-09 
2.84438e-09 -4.75095e-09 
3.00666e-09 -5.50557e-09 
3.62196e-09 -4.76851e-09 
6.733e-09 -5.38557e-09 
1.2927e-08 -4.90903e-09 
