3.97336e-09 -4.88705e-09 
9.36714e-10 -4.34194e-09 
3.90288e-09 -4.71033e-09 
2.44859e-10 1.19544e-09 
4.5628e-09 -4.64535e-09 
3.7747e-09 -4.75385e-09 
9.39331e-09 -4.89782e-09 
5.39794e-09 -4.44372e-09 
2.30263e-09 -2.41704e-09 
6.53195e-10 -4.81567e-09 
7.32378e-09 -4.83374e-09 
4.85402e-09 -5.24087e-09 
4.52512e-09 -1.26796e-08 
1.59326e-09 -4.53545e-09 
4.28532e-09 -4.73638e-09 
-6.5297e-11 -7.09522e-09 
6.34327e-09 -5.04607e-09 
3.3369e-09 -2.9208e-09 
1.97081e-08 -1.90922e-09 
3.88316e-09 -5.7571e-09 
4.20308e-09 -3.31207e-09 
7.10056e-09 -5.57365e-09 
-6.73684e-09 -4.71258e-09 
3.5546e-09 -4.74699e-09 
1.29744e-08 -5.02544e-09 
2.15144e-09 -4.89686e-09 
4.9481e-09 -4.7355e-09 
5.20443e-09 -5.70377e-09 
4.12635e-09 -4.89018e-09 
-1.99374e-10 -4.75054e-09 
3.49322e-09 -3.40358e-09 
3.85204e-09 -4.59933e-09 
-8.23634e-09 -6.87145e-09 
3.29831e-09 -1.14403e-08 
4.28199e-09 -3.13473e-09 
-3.66412e-08 -4.64429e-09 
3.99858e-09 -4.8356e-09 
7.30417e-09 -4.61113e-09 
4.56915e-09 -4.7228e-09 
4.10456e-09 -5.1378e-09 
4.54335e-09 -1.69984e-08 
3.76094e-09 -3.53098e-09 
6.74787e-09 -5.81878e-09 
8.08435e-09 -4.65873e-09 
4.13287e-09 -4.90335e-09 
5.72188e-09 -4.57758e-09 
4.99343e-09 -2.58571e-09 
4.98343e-09 -4.7307e-09 
2.89545e-09 -4.93915e-09 
7.21914e-09 -5.5807e-09 
