2.15476e-09 -4.65376e-09 
5.55514e-09 -4.20119e-09 
4.56614e-09 -3.71979e-09 
6.01405e-09 -4.85716e-09 
4.41926e-09 -4.76066e-09 
3.73838e-09 -4.92246e-09 
-2.62845e-09 -4.83948e-09 
5.29406e-09 -4.63675e-09 
-6.539e-10 -3.35185e-09 
9.14458e-09 -4.87883e-09 
1.04678e-09 -5.084e-09 
4.98219e-09 -5.20162e-09 
2.27079e-09 -4.17913e-09 
7.00403e-10 -4.9199e-09 
4.28531e-09 -4.73717e-09 
6.80695e-09 -2.62597e-09 
8.26153e-09 -4.81174e-09 
3.8879e-09 -2.17982e-09 
-5.97037e-09 -5.64e-09 
3.94594e-09 -1.68723e-09 
3.1523e-09 -4.36775e-09 
4.58128e-09 -5.83218e-09 
9.12764e-09 -4.95952e-09 
6.22244e-09 -4.72724e-09 
-1.22991e-08 -4.59017e-09 
3.4837e-09 -5.21731e-09 
3.21165e-09 -4.73317e-09 
4.20193e-09 3.23681e-09 
4.35575e-09 -4.43857e-09 
3.44884e-09 -4.71705e-09 
3.62015e-09 -2.75987e-09 
4.51716e-09 -5.21147e-09 
1.62877e-08 -9.10601e-09 
3.85729e-09 1.21074e-08 
3.34238e-09 -3.62483e-09 
1.19103e-08 -5.10889e-09 
4.36252e-09 -4.60491e-09 
7.34186e-09 -4.69617e-09 
4.99147e-09 -4.58954e-09 
4.91735e-09 -5.10482e-09 
3.56904e-09 6.21728e-09 
3.94384e-09 -7.03311e-09 
4.13884e-09 -6.44755e-09 
3.54047e-09 -4.74609e-09 
3.48245e-09 -5.8695e-09 
3.77729e-09 -4.79783e-09 
3.34285e-09 -3.19745e-09 
2.32552e-09 -4.65614e-09 
7.39164e-09 -4.63657e-09 
4.89392e-09 -5.15709e-09 
