4.49212e-09 -4.9817e-09 
-9.21004e-10 -4.16253e-09 
3.11875e-09 -3.52305e-09 
5.46294e-10 -4.58891e-10 
4.76041e-09 -4.64502e-09 
4.42977e-09 -4.64063e-09 
5.95226e-09 -4.82294e-09 
4.01377e-09 -3.6698e-09 
-1.56085e-09 -3.35627e-09 
6.57787e-09 -4.70167e-09 
5.94796e-09 -4.88726e-09 
4.72438e-09 -5.17385e-09 
3.79797e-09 -1.14134e-08 
2.15162e-09 -4.62701e-09 
4.28524e-09 -4.73722e-09 
-2.33129e-09 -6.72139e-09 
1.29212e-08 -4.52519e-09 
2.56049e-09 -3.94338e-09 
5.49609e-09 -5.52178e-10 
4.06887e-09 -7.15079e-09 
4.16335e-09 -4.35229e-09 
6.4454e-09 -4.39769e-09 
-4.48537e-09 -4.85024e-09 
4.48928e-09 -4.89752e-09 
1.2119e-08 -5.02805e-09 
1.84461e-09 -4.69865e-09 
5.20058e-09 -4.73908e-09 
4.83669e-09 -2.83287e-09 
3.4566e-09 -4.32978e-09 
3.25886e-09 -4.72699e-09 
3.36777e-09 -4.67148e-09 
3.58391e-09 -4.81552e-09 
-1.91135e-08 -3.57657e-09 
1.715e-09 -7.23561e-09 
3.13162e-09 -1.5727e-09 
-3.97043e-08 -5.0846e-09 
3.83037e-09 -4.88921e-09 
1.88129e-09 -4.6061e-09 
3.80217e-09 -4.70627e-09 
6.21648e-09 -5.27129e-09 
4.23802e-09 -9.81305e-09 
4.21441e-09 -4.80016e-09 
4.57713e-09 -5.58226e-09 
5.58903e-09 -4.65661e-09 
4.33013e-09 -5.129e-09 
2.84922e-09 -4.58805e-09 
6.10096e-09 -3.53194e-09 
3.86903e-09 -4.82961e-09 
5.26594e-09 -5.05048e-09 
1.09972e-08 -5.16372e-09 
