1.51369e-09 -4.8222e-09 
3.95995e-09 -4.84485e-09 
3.43342e-09 -5.89297e-09 
4.49918e-09 2.07871e-10 
4.40704e-09 -4.6986e-09 
3.97254e-09 -4.96736e-09 
3.62297e-09 -4.82951e-09 
4.60248e-09 -5.06992e-09 
9.10537e-10 -2.94888e-09 
5.31218e-09 -4.91017e-09 
2.32412e-09 -4.96049e-09 
4.31003e-09 -4.95938e-09 
2.21191e-09 -5.6475e-09 
1.85777e-09 -4.78612e-09 
4.28535e-09 -4.73693e-09 
7.1693e-09 -3.93556e-09 
3.4562e-09 -5.02988e-09 
3.3225e-09 -3.43902e-09 
7.58339e-09 -5.53757e-09 
3.91876e-09 -2.39706e-09 
3.2147e-09 -3.41323e-09 
6.11242e-09 -6.89882e-09 
5.06451e-09 -4.93741e-09 
5.88791e-09 -4.70471e-09 
-1.25058e-08 -4.79091e-09 
7.01803e-10 -5.05902e-09 
1.91806e-09 -4.73357e-09 
4.91803e-09 -1.79478e-09 
4.7511e-09 -4.12222e-09 
3.91618e-09 -4.73943e-09 
3.99615e-09 -2.45783e-09 
3.69759e-09 -4.83788e-09 
1.53335e-08 -6.41438e-09 
5.18494e-09 2.97683e-09 
4.95494e-09 -1.25869e-09 
1.95988e-09 -5.15999e-09 
4.3314e-09 -4.64926e-09 
9.79645e-09 -4.55045e-09 
6.50857e-09 -4.63591e-09 
4.4188e-09 -5.73347e-09 
3.49826e-09 -3.28658e-09 
3.53428e-09 -6.90806e-09 
4.877e-09 -5.90342e-09 
5.55612e-09 -4.61292e-09 
3.88133e-09 -5.95298e-09 
3.99817e-09 -4.71385e-09 
9.57978e-09 -3.35129e-09 
4.00436e-09 -4.61445e-09 
7.16321e-09 -4.88324e-09 
1.09806e-09 -5.53976e-09 
