-0.059325 -0.169004 
-0.0700429 0.0454167 
-0.21307 1.62474 
-0.185368 0.0815866 
-0.0866749 0.141435 
-0.105965 0.123256 
-0.049904 0.154247 
0.112956 0.0864938 
-0.104054 0.129569 
-0.156005 0.104285 
0.0332002 0.112162 
0.0431846 0.0619721 
-0.119915 0.0422215 
-0.122193 0.0549885 
-0.129877 0.0799247 
-0.0460701 0.102002 
0.0497407 0.4701 
-0.0384865 0.0876182 
-0.388944 0.106955 
-0.0817639 0.0996998 
-0.0572233 0.186945 
-0.169012 0.0905316 
-0.120346 0.130915 
-0.0274964 -0.00580971 
-0.00749392 -0.0219308 
-0.0575558 0.129768 
-0.128042 0.00892642 
-0.0782843 0.0943547 
-0.0657483 0.0937523 
-0.0712567 0.0543674 
-0.0436604 0.102976 
-0.0553024 0.125145 
0.0538379 0.063341 
-0.113757 0.102825 
-0.207315 0.0999587 
-0.0810032 0.0950961 
-0.15187 0.104253 
-0.0637764 0.0760598 
-0.0565886 0.12684 
0.04972 0.0911638 
-0.0783288 0.116468 
0.0503814 0.0995793 
-0.185092 0.282374 
-0.0439184 0.129488 
-0.11293 0.117984 
-0.189 0.154475 
0.0142167 0.0602759 
-0.129112 0.0978094 
-0.0473158 0.0927616 
-0.0802389 0.101582 
