5.60551e-09 -4.82719e-09 
-1.11214e-08 -4.7315e-09 
3.48784e-09 -3.71827e-09 
3.60687e-09 1.21781e-10 
4.16968e-09 -4.6381e-09 
3.91155e-09 -4.82827e-09 
1.60076e-09 -4.81014e-09 
5.44226e-09 -1.85605e-09 
-4.2794e-09 -4.06313e-09 
3.72114e-09 -4.7727e-09 
3.72282e-09 -5.01679e-09 
4.63565e-09 -5.14764e-09 
6.45462e-09 -1.20666e-08 
-1.24507e-10 -4.69074e-09 
4.28525e-09 -4.73636e-09 
3.33603e-09 -6.51891e-09 
1.02387e-08 -4.89801e-09 
3.59853e-10 -2.85254e-09 
1.91421e-08 -3.71314e-09 
4.60595e-09 -3.56746e-09 
4.83369e-09 -5.35641e-09 
6.42995e-09 -3.80426e-09 
2.68866e-09 -4.81766e-09 
4.90801e-09 -4.89132e-09 
6.68863e-09 -5.21929e-09 
3.23143e-09 -4.88513e-09 
4.55282e-09 -4.73798e-09 
5.12305e-09 -3.46389e-09 
3.76689e-09 -4.01745e-09 
-4.70368e-09 -4.73323e-09 
4.4173e-09 -2.68935e-09 
3.76644e-09 -4.62741e-09 
-1.08374e-08 -3.41726e-09 
1.46726e-09 5.47021e-09 
2.78683e-09 -4.16706e-09 
-1.09301e-08 -4.53942e-09 
3.78279e-09 -4.76488e-09 
9.15142e-09 -4.45602e-09 
4.8402e-09 -4.57673e-09 
3.36127e-09 -5.53564e-09 
3.94755e-09 -1.51303e-08 
3.94497e-09 -6.28201e-09 
5.16154e-09 -5.53235e-09 
4.10984e-09 -4.69139e-09 
4.17599e-09 -4.01211e-09 
7.54085e-10 -4.71182e-09 
2.80839e-09 -4.86564e-09 
3.627e-09 -4.73672e-09 
3.40867e-09 -4.80826e-09 
1.25283e-08 -5.18142e-09 
