2.72678e-09 -4.79379e-09 
2.33881e-08 -4.42557e-09 
3.18616e-09 -4.39145e-09 
1.11651e-09 -4.16034e-09 
4.36675e-09 -4.68129e-09 
4.16425e-09 -4.91678e-09 
2.42022e-09 -4.79205e-09 
3.48792e-09 -6.89255e-09 
7.44617e-09 -3.25704e-09 
6.52439e-09 -4.85835e-09 
3.41015e-09 -5.49186e-09 
4.22264e-09 -4.88567e-09 
5.07081e-10 -9.68365e-09 
-8.88262e-10 -4.79795e-09 
4.28531e-09 -4.73763e-09 
3.73915e-09 -2.42881e-09 
6.78229e-09 -4.87479e-09 
6.08726e-09 -2.59015e-09 
9.79174e-09 -3.47906e-09 
3.28004e-09 -3.58829e-09 
2.64775e-09 -2.02027e-09 
3.87423e-09 -8.38452e-09 
6.0371e-10 -4.68625e-09 
6.0568e-09 -4.62469e-09 
2.76962e-09 -4.67034e-09 
5.2165e-10 -5.24932e-09 
2.04156e-09 -4.73181e-09 
4.10048e-09 -8.03877e-10 
3.99776e-09 -5.12274e-09 
1.07806e-08 -4.72719e-09 
3.09608e-09 -5.33809e-09 
3.52167e-09 -5.14749e-09 
1.32983e-08 -1.04624e-08 
5.19346e-09 -6.14537e-09 
3.22365e-09 7.06396e-11 
3.35473e-09 -5.80484e-09 
4.72982e-09 -4.81695e-09 
6.48253e-09 -4.57481e-09 
6.00024e-09 -4.73256e-09 
7.04749e-09 -5.38536e-09 
3.12707e-09 1.72446e-09 
3.29015e-09 -5.82977e-09 
5.45171e-09 -5.0829e-09 
7.61507e-09 -4.60039e-09 
4.14325e-09 -6.84206e-09 
3.75407e-09 -4.62026e-09 
4.84099e-09 -3.92663e-09 
4.80816e-09 -4.75293e-09 
9.46393e-09 -4.8806e-09 
6.68821e-09 -5.41989e-09 
