2.65424e-09 -1.45869e-09 
2.79249e-09 -1.989e-09 
2.35691e-09 -1.76448e-09 
1.83242e-09 -3.37119e-09 
3.76635e-10 -2.48029e-09 
7.59133e-09 -5.56168e-09 
2.63761e-11 -1.86437e-08 
2.24136e-09 -7.84737e-09 
-4.40135e-09 -1.34376e-09 
-6.52564e-09 8.63792e-10 
4.53017e-09 -8.70632e-10 
4.19413e-09 -3.30893e-09 
2.02377e-09 5.78674e-09 
2.02716e-09 -2.15431e-09 
3.49456e-09 -4.53626e-09 
6.85802e-09 1.44087e-09 
1.79718e-09 -3.53114e-09 
2.63991e-09 3.53811e-10 
2.87154e-09 4.86094e-09 
-3.86166e-11 -3.5493e-09 
