3.96481e-09 -4.83315e-09 
1.76918e-08 -4.38723e-09 
3.21111e-09 -4.59204e-09 
4.31783e-10 -4.06272e-09 
4.4139e-09 -4.59728e-09 
3.53835e-09 -4.92249e-09 
1.82568e-09 -4.85311e-09 
4.625e-09 -2.15538e-09 
-2.74104e-10 -2.37897e-09 
6.23709e-09 -4.91837e-09 
3.1826e-09 -5.50674e-09 
4.4291e-09 -4.99522e-09 
4.77082e-10 -1.11941e-08 
-6.85153e-10 -4.7408e-09 
4.2853e-09 -4.73682e-09 
5.61082e-09 -4.8343e-09 
9.59922e-09 -5.01985e-09 
2.21027e-09 -4.19915e-09 
9.21135e-09 -4.71927e-09 
3.5134e-09 -4.08481e-09 
3.53865e-09 -2.72613e-09 
6.6342e-09 -4.51049e-09 
1.58367e-09 -4.86338e-09 
5.03748e-09 -4.65442e-09 
2.83468e-09 -5.1583e-09 
2.7331e-09 -4.96785e-09 
-7.67932e-10 -4.73288e-09 
4.57588e-09 1.98126e-10 
4.91243e-09 -4.39842e-09 
5.70009e-09 -4.73411e-09 
3.58498e-09 -2.31532e-09 
3.78223e-09 -4.94209e-09 
-8.50123e-10 -9.4301e-09 
4.95921e-09 -2.45948e-09 
3.34414e-09 -1.04105e-09 
-2.33306e-08 -4.79245e-09 
4.49832e-09 -4.78635e-09 
8.11344e-09 -4.38168e-09 
4.93342e-09 -4.8642e-09 
4.81051e-09 -5.82869e-09 
3.4165e-09 -5.51879e-09 
3.9513e-09 -5.99937e-09 
5.65474e-09 -6.91554e-09 
6.58197e-09 -4.57984e-09 
4.35196e-09 -6.20516e-09 
1.02283e-09 -4.81321e-09 
8.50628e-09 -4.82831e-09 
7.32239e-09 -4.72405e-09 
8.06267e-09 -4.92596e-09 
8.7601e-09 -5.42107e-09 
