3.60366e-09 -4.71982e-09 
1.06866e-08 -4.13816e-09 
3.18174e-09 -4.12317e-09 
3.35409e-09 -9.8406e-09 
4.37498e-09 -4.72872e-09 
3.66665e-09 -4.9807e-09 
1.67023e-09 -4.72122e-09 
4.68924e-09 -1.73303e-09 
3.00385e-10 -3.91202e-09 
5.59559e-09 -4.95224e-09 
3.16822e-09 -4.54351e-09 
4.41477e-09 -4.97577e-09 
2.56491e-09 -1.14144e-08 
1.10178e-09 -4.79122e-09 
4.2853e-09 -4.73753e-09 
2.84864e-09 -6.78117e-09 
8.62526e-09 -4.82698e-09 
4.79671e-09 -2.53056e-09 
4.34409e-09 -2.60383e-09 
4.21588e-09 -3.84978e-09 
3.37047e-09 -3.64724e-09 
5.76485e-09 -3.28649e-09 
1.58136e-09 -5.26594e-09 
5.25272e-09 -4.89921e-09 
9.56637e-09 -4.94923e-09 
1.01331e-09 -5.42594e-09 
3.15566e-09 -4.73828e-09 
4.56215e-09 -6.33486e-10 
3.58639e-09 -5.36723e-09 
9.27145e-09 -4.73175e-09 
2.10531e-09 -3.67063e-09 
3.93012e-09 -4.78774e-09 
8.90674e-09 -7.68679e-09 
3.36186e-09 -5.76538e-09 
4.14465e-09 -1.33655e-09 
-1.78506e-08 -5.95467e-09 
4.52345e-09 -4.78721e-09 
9.00272e-09 -4.58205e-09 
5.52117e-09 -4.66132e-09 
2.95678e-09 -6.55016e-09 
3.33356e-09 -1.88342e-09 
4.86155e-09 -5.86535e-09 
5.11013e-09 -6.63032e-09 
3.92419e-09 -4.72503e-09 
3.7253e-09 -6.01211e-09 
2.60205e-09 -4.53967e-09 
8.13456e-09 -4.79452e-09 
-8.91993e-10 -4.70219e-09 
7.34504e-09 -4.87593e-09 
1.57318e-08 -4.70063e-09 
