3.12947e-09 -4.70946e-09 
3.14951e-09 -4.22198e-09 
3.76308e-09 -4.00774e-09 
2.76276e-09 -1.19828e-08 
4.47605e-09 -4.63322e-09 
4.64367e-09 -4.98941e-09 
2.08399e-09 -4.84039e-09 
4.50229e-09 -5.31065e-09 
-3.20238e-09 -3.99164e-09 
4.74876e-09 -4.80571e-09 
4.29908e-09 -4.14986e-09 
4.30826e-09 -5.07621e-09 
3.87721e-09 -4.606e-09 
1.68401e-09 -4.81308e-09 
4.28528e-09 -4.73718e-09 
2.88312e-09 -6.10098e-09 
8.13878e-09 -4.88476e-09 
5.49149e-09 -1.55106e-09 
5.18276e-09 -1.30871e-09 
4.7582e-09 -3.59689e-09 
3.89542e-09 -4.58312e-09 
4.45557e-09 -6.83545e-09 
3.87303e-09 -5.43813e-09 
5.01004e-09 -4.99118e-09 
-3.38665e-09 -4.63018e-09 
-1.14493e-09 -4.62092e-09 
6.49288e-09 -4.73598e-09 
4.507e-09 -8.69294e-10 
3.58139e-09 -3.77988e-09 
-1.25166e-09 -4.72256e-09 
2.94226e-09 -3.74881e-09 
3.34957e-09 -4.87423e-09 
9.34207e-09 -7.05324e-09 
2.28403e-09 -1.61333e-09 
4.67834e-09 -3.13563e-09 
2.89562e-09 -5.90716e-09 
3.50252e-09 -4.73547e-09 
4.81656e-09 -4.7408e-09 
4.40143e-09 -4.50993e-09 
6.49714e-09 -3.73445e-09 
2.96997e-09 -4.60305e-09 
4.51167e-09 -5.12614e-09 
4.88419e-09 -5.82223e-09 
6.93005e-09 -4.68522e-09 
3.45265e-09 -5.43219e-09 
3.51e-09 -4.6209e-09 
7.14732e-09 -4.90707e-09 
-2.51568e-09 -4.72353e-09 
5.90104e-09 -4.86901e-09 
4.33934e-09 -4.48459e-09 
