3.19901e-09 -4.93268e-09 
-8.22876e-09 -4.10419e-09 
2.87206e-09 -3.98344e-09 
2.17781e-09 -8.54559e-09 
4.04693e-09 -4.70055e-09 
3.98856e-09 -4.86925e-09 
3.17429e-09 -4.88379e-09 
4.59679e-09 -3.52249e-09 
-1.07907e-09 -5.77948e-09 
6.00366e-09 -4.69717e-09 
6.25254e-09 -4.76001e-09 
4.44991e-09 -5.34293e-09 
3.58342e-09 -1.10683e-08 
2.75022e-09 -4.73274e-09 
4.2853e-09 -4.73695e-09 
3.46848e-09 -4.59835e-09 
1.03188e-08 -4.86906e-09 
6.45606e-09 -5.01445e-09 
1.15342e-08 -2.95208e-09 
4.17372e-09 -5.95607e-09 
3.72479e-09 -4.97957e-09 
4.94061e-09 -6.18793e-09 
1.92577e-09 -4.87963e-09 
3.52228e-09 -4.76859e-09 
-1.76536e-09 -4.80363e-09 
1.2672e-09 -4.56857e-09 
2.79995e-09 -4.73809e-09 
4.688e-09 -3.46195e-09 
4.07834e-09 -4.6832e-09 
-2.36004e-09 -4.7097e-09 
3.32075e-09 -3.93655e-09 
4.10564e-09 -4.59848e-09 
1.31582e-08 -6.28738e-09 
2.71554e-09 1.17617e-08 
6.87181e-10 -4.72811e-09 
1.19233e-08 -4.9323e-09 
3.26953e-09 -4.81007e-09 
6.61416e-09 -5.34005e-09 
4.15895e-09 -4.54186e-09 
6.7305e-09 -4.6826e-09 
3.02223e-09 -6.26049e-09 
4.45058e-09 -5.74128e-09 
5.43522e-09 -4.13719e-09 
7.8946e-09 -4.57757e-09 
4.40355e-09 -5.69659e-09 
3.19612e-09 -4.52652e-09 
4.25345e-09 -5.07571e-09 
1.08853e-09 -4.70793e-09 
6.44481e-09 -4.9548e-09 
4.80522e-09 -5.83773e-09 
