-5.29352e-09 9.28234e-09 
-1.92533e-09 1.88351e-09 
-9.25504e-10 1.77603e-09 
1.05628e-09 -1.8453e-09 
-1.04714e-09 1.6394e-09 
-2.87342e-09 1.49498e-09 
1.47488e-09 -4.44887e-09 
3.21997e-09 -8.87285e-10 
-4.68562e-09 4.48747e-10 
-2.01311e-09 7.70315e-11 
7.25821e-09 9.76607e-10 
-8.673e-10 1.65872e-09 
1.73442e-09 6.99445e-09 
1.05826e-09 7.70905e-10 
-1.7774e-09 1.02036e-09 
-4.19677e-09 2.02727e-09 
-8.92956e-10 5.29785e-10 
-2.28854e-09 5.3414e-10 
-2.17133e-09 -1.21174e-08 
6.23175e-10 7.21012e-10 
