3.3374e-09 -4.64247e-09 
1.38017e-08 -4.52912e-09 
2.92273e-09 -4.11343e-09 
6.49594e-09 3.12872e-09 
4.64299e-09 -4.71094e-09 
3.79962e-09 -4.68529e-09 
4.64027e-09 -4.83642e-09 
5.03572e-09 -3.09892e-09 
6.8438e-09 -3.30981e-09 
5.3374e-09 -4.90612e-09 
6.22787e-09 -4.5825e-09 
4.61395e-09 -4.74627e-09 
1.6292e-09 -1.16887e-08 
1.1055e-09 -4.80183e-09 
4.28528e-09 -4.73716e-09 
3.07872e-09 -5.28835e-09 
5.9763e-09 -5.19597e-09 
4.2823e-09 1.10108e-11 
5.17364e-09 -2.20932e-09 
3.95139e-09 -2.46734e-09 
4.27564e-09 -4.10661e-09 
5.6247e-09 -5.9904e-09 
-7.68325e-10 -4.99987e-09 
6.45165e-09 -4.91267e-09 
-1.8948e-10 -4.8926e-09 
2.05844e-09 -5.09787e-09 
5.90123e-09 -4.73574e-09 
4.523e-09 -2.07197e-09 
4.10809e-09 -5.49826e-09 
5.02713e-09 -4.70991e-09 
2.93682e-09 -3.29772e-09 
3.50734e-09 -4.96173e-09 
-1.36779e-08 -6.94434e-09 
4.33718e-09 6.54267e-09 
5.86336e-09 -5.48759e-09 
5.88444e-09 -4.89321e-09 
4.0227e-09 -4.78079e-09 
6.47081e-09 -4.36078e-09 
5.45692e-09 -4.76736e-09 
4.97507e-09 -3.80787e-09 
4.03235e-09 -5.33071e-09 
4.9849e-09 -5.4951e-09 
4.90161e-09 -6.64324e-09 
6.10793e-09 -4.65673e-09 
4.29589e-09 -5.83461e-09 
4.75932e-09 -4.39121e-09 
7.54196e-09 -4.92509e-09 
6.5871e-09 -4.68713e-09 
5.76209e-09 -4.96373e-09 
1.6415e-08 -3.57953e-09 
