2.99409e-09 -4.82804e-09 
3.0823e-09 -4.75562e-09 
3.47177e-09 -3.97389e-09 
2.49934e-09 -1.2322e-08 
4.36615e-09 -4.74082e-09 
4.14422e-09 -4.86825e-09 
3.89065e-09 -4.68793e-09 
4.32702e-09 -4.69037e-09 
8.86184e-09 -3.02934e-09 
4.36872e-09 -4.79683e-09 
4.99994e-09 -5.06071e-09 
4.3563e-09 -4.9169e-09 
1.18458e-09 -1.03729e-08 
7.59253e-10 -4.7251e-09 
4.28529e-09 -4.73699e-09 
2.86719e-09 -4.25314e-09 
3.91618e-09 -4.89566e-09 
7.59014e-09 -8.13305e-09 
8.42734e-09 -4.92483e-09 
3.88923e-09 -3.81472e-09 
4.03956e-09 -4.47332e-09 
4.25063e-09 -5.40239e-09 
2.76497e-10 -5.01103e-09 
3.55418e-09 -4.83435e-09 
9.15491e-10 -4.53605e-09 
4.5557e-09 -5.12897e-09 
5.02009e-09 -4.73819e-09 
4.3601e-09 -6.07461e-09 
4.04227e-09 -5.23463e-09 
-2.24725e-09 -4.6859e-09 
2.97705e-09 -3.17379e-09 
4.01553e-09 -4.79967e-09 
7.52961e-09 -6.50276e-09 
2.3936e-09 3.28497e-09 
5.06062e-09 -3.29223e-09 
1.33602e-08 -5.17823e-09 
3.77803e-09 -4.83709e-09 
4.43091e-09 -5.10523e-09 
5.51543e-09 -4.70886e-09 
3.91834e-09 -5.96205e-09 
3.04228e-09 -5.3355e-09 
5.85536e-09 -5.16312e-09 
4.44904e-09 -5.55904e-09 
5.74483e-09 -4.57971e-09 
4.13779e-09 -5.69998e-09 
6.81281e-10 -4.14232e-09 
3.98428e-09 -5.25034e-09 
3.92127e-09 -4.65138e-09 
4.71858e-09 -4.91466e-09 
3.88891e-09 -3.44801e-09 
