3.33388e-09 -4.87986e-09 
-4.84004e-09 -4.14688e-09 
3.84801e-09 -4.84803e-09 
2.07303e-09 -1.7502e-08 
4.24274e-09 -4.65118e-09 
4.04805e-09 -4.8378e-09 
2.11545e-09 -4.76963e-09 
4.67425e-09 -5.13248e-09 
1.48786e-09 -5.1483e-09 
4.84752e-09 -4.67655e-09 
1.96653e-09 -5.35052e-09 
4.57081e-09 -5.34183e-09 
3.0368e-09 -1.36665e-08 
-2.223e-09 -4.70579e-09 
4.28529e-09 -4.73706e-09 
3.38417e-09 -5.16462e-09 
8.74526e-09 -4.82789e-09 
2.24519e-09 -1.00843e-08 
6.56194e-09 -4.34966e-09 
3.97145e-09 -4.8591e-09 
3.69699e-09 -3.97669e-09 
5.23337e-09 -4.77493e-09 
4.23084e-09 -4.66349e-09 
5.20265e-09 -4.65925e-09 
1.27697e-10 -5.11974e-09 
3.10774e-09 -5.16955e-09 
1.58291e-09 -4.73189e-09 
4.3365e-09 -5.02061e-09 
3.99472e-09 -4.38215e-09 
-2.79476e-09 -4.68405e-09 
3.40935e-09 -5.25043e-09 
4.08736e-09 -4.97013e-09 
1.37354e-08 -6.64027e-09 
2.14483e-09 2.83035e-10 
1.33249e-09 -6.38161e-10 
-2.02897e-08 -4.92007e-09 
4.47509e-09 -4.82914e-09 
3.25448e-09 -4.33192e-09 
4.21066e-09 -4.66169e-09 
3.61615e-09 -6.98472e-09 
2.52449e-09 -5.86017e-09 
5.43228e-09 -5.27955e-09 
5.31265e-09 -5.42997e-09 
6.97846e-09 -4.72989e-09 
3.8402e-09 -4.58172e-09 
-1.2861e-09 -5.387e-09 
5.90205e-09 -5.04347e-09 
1.4176e-09 -4.69907e-09 
4.93529e-09 -4.82847e-09 
-1.58977e-09 -4.32212e-09 
