3.71808e-09 -4.62861e-09 
2.18324e-10 -4.25965e-09 
3.31931e-09 -4.3597e-09 
2.28446e-09 -8.84148e-10 
4.47274e-09 -4.48172e-09 
4.51713e-09 -4.83744e-09 
1.76039e-09 -4.76814e-09 
3.96428e-09 -4.85962e-09 
-2.27385e-09 -3.4618e-09 
4.34141e-09 -4.6696e-09 
2.52423e-09 -4.7927e-09 
4.80848e-09 -4.74678e-09 
3.68323e-09 -1.93356e-08 
-1.19479e-09 -4.73009e-09 
4.28529e-09 -4.7371e-09 
4.24591e-09 -5.08703e-09 
1.12879e-08 -4.76188e-09 
6.67572e-09 -7.00729e-09 
1.5839e-08 -3.75055e-09 
4.28382e-09 -4.42623e-09 
3.48869e-09 -5.30674e-09 
6.50552e-09 -4.90785e-09 
5.26164e-09 -4.51546e-09 
5.83957e-09 -4.74853e-09 
3.396e-09 -4.88166e-09 
4.5299e-10 -5.1107e-09 
1.95861e-09 -4.73461e-09 
4.40617e-09 -6.26718e-09 
4.00089e-09 -4.33866e-09 
-6.18839e-09 -4.72263e-09 
4.03853e-09 -5.69571e-09 
2.76666e-09 -4.77175e-09 
1.8208e-09 -8.51535e-09 
2.42055e-09 -4.09438e-09 
2.56588e-09 -3.43345e-09 
-2.987e-08 -5.2088e-09 
4.29897e-09 -4.78656e-09 
-4.61805e-10 -4.38193e-09 
1.78254e-09 -4.66092e-09 
7.45749e-09 -5.55215e-09 
3.82914e-09 -6.33258e-09 
2.1166e-09 -6.62576e-09 
6.00506e-09 -5.00466e-09 
4.28545e-09 -4.67523e-09 
3.8399e-09 -5.97414e-09 
6.84119e-09 -6.01324e-09 
5.54237e-09 -5.13982e-09 
5.43675e-09 -4.76432e-09 
7.27197e-09 -4.76988e-09 
6.05191e-09 -3.64742e-09 
