5.35099e-09 -4.04086e-09 
4.09767e-09 -1.77227e-09 
6.88602e-10 9.8618e-10 
1.42316e-09 -3.63785e-10 
1.1601e-09 2.0276e-09 
9.30699e-09 1.40741e-09 
1.49257e-08 -2.06028e-08 
3.20981e-09 8.18152e-10 
5.50064e-09 8.62168e-10 
-8.94422e-09 1.79768e-09 
-5.76673e-10 9.783e-10 
-1.14502e-10 1.0399e-09 
1.17239e-09 -1.47659e-09 
1.08637e-09 1.41977e-09 
4.31491e-09 -5.26284e-09 
-1.83475e-09 -6.67964e-11 
2.08016e-09 3.99547e-10 
4.48468e-10 1.69898e-09 
6.45653e-09 1.15963e-08 
-4.77429e-10 3.04227e-10 
