3.45068e-09 -4.59898e-09 
7.35197e-10 -4.52185e-09 
4.30718e-09 -4.96534e-09 
7.28646e-10 7.85467e-09 
4.21345e-09 -4.45326e-09 
4.40407e-09 -4.79904e-09 
1.14682e-09 -4.77909e-09 
3.75868e-09 -4.90624e-09 
-5.38341e-09 -5.69728e-09 
4.15603e-09 -4.76652e-09 
3.34213e-09 -4.78855e-09 
4.87189e-09 -4.99974e-09 
1.19163e-09 1.23557e-09 
-2.55864e-09 -4.74879e-09 
4.28528e-09 -4.73709e-09 
3.5756e-09 -4.78238e-09 
1.0812e-08 -4.97258e-09 
1.99222e-09 -6.98738e-09 
1.22897e-08 -2.96726e-09 
4.37946e-09 -5.14129e-09 
2.65926e-09 -5.62695e-09 
6.10535e-09 -4.88442e-09 
7.14384e-09 -4.82273e-09 
4.79334e-09 -4.73471e-09 
2.82173e-09 -5.35563e-09 
4.5843e-09 -5.14062e-09 
3.03225e-09 -4.73518e-09 
4.23695e-09 -4.75037e-09 
4.02729e-09 -4.4184e-09 
-4.45757e-08 -4.70545e-09 
3.40196e-09 -9.97598e-11 
2.99894e-09 -4.99736e-09 
9.68546e-09 -1.23719e-08 
7.41686e-10 -1.85884e-10 
3.91947e-09 -4.31091e-09 
-8.34436e-09 -4.87908e-09 
4.19587e-09 -4.79267e-09 
-1.39927e-09 -4.38011e-09 
4.06983e-09 -4.59845e-09 
1.73526e-09 -5.07578e-09 
2.48646e-09 -4.82346e-09 
4.5698e-09 -4.32337e-09 
6.60108e-09 -4.66391e-09 
5.73843e-09 -4.7354e-09 
4.10764e-09 -5.1665e-09 
7.37055e-09 -4.40997e-09 
5.91459e-09 -5.19235e-09 
3.71088e-09 -4.76238e-09 
4.2858e-09 -4.95345e-09 
1.30084e-08 -3.56585e-09 
