3.01205e-09 -4.86996e-09 
3.15747e-09 -4.4584e-09 
2.80925e-09 -4.21438e-09 
4.29499e-09 4.89016e-09 
4.81978e-09 -4.70348e-09 
3.55227e-09 -4.73637e-09 
3.12718e-09 -4.79823e-09 
4.37167e-09 -3.66737e-09 
8.37511e-10 -2.46788e-09 
5.33792e-09 -4.83941e-09 
4.5694e-09 -4.85628e-09 
4.1998e-09 -4.3212e-09 
1.8243e-09 -1.07711e-08 
-3.96594e-09 -4.75396e-09 
4.28528e-09 -4.73707e-09 
4.09923e-09 -5.04071e-09 
5.7751e-09 -4.65419e-09 
3.45156e-09 -2.0661e-09 
2.34849e-09 -3.84354e-09 
4.4849e-09 -3.09753e-09 
4.22239e-09 -2.70556e-09 
7.54018e-09 -5.83017e-09 
-5.65293e-09 -4.74683e-09 
4.14437e-09 -4.86012e-09 
-5.29889e-09 -4.56679e-09 
-1.2173e-10 -4.95085e-09 
3.76e-09 -4.73465e-09 
4.34521e-09 -1.88434e-09 
4.2785e-09 -3.69056e-09 
2.60201e-08 -4.74291e-09 
4.22322e-09 -4.39499e-09 
4.09608e-09 -4.63257e-09 
-3.18861e-09 -1.53893e-08 
6.0726e-09 -3.35089e-09 
3.38321e-09 -3.22753e-09 
-7.96279e-09 -5.12857e-09 
4.02939e-09 -4.75928e-09 
8.75771e-09 -4.52087e-09 
3.01136e-09 -4.68929e-09 
1.02074e-08 -4.80243e-09 
4.07607e-09 -9.37687e-09 
-3.88212e-10 -7.52652e-09 
6.42176e-09 -6.02367e-09 
6.76253e-09 -4.52288e-09 
4.05906e-09 -5.55638e-09 
-5.91961e-10 -5.2825e-09 
4.66492e-09 -4.18981e-09 
2.80088e-09 -4.68227e-09 
1.83396e-09 -4.76157e-09 
-1.98048e-09 -6.55163e-09 
