2.81021e-09 -4.95956e-09 
3.86211e-09 -4.28701e-09 
3.53217e-09 -4.18063e-09 
4.80736e-09 -5.75469e-09 
4.90463e-09 -4.79486e-09 
3.99752e-09 -4.85565e-09 
1.10706e-09 -4.78546e-09 
5.79171e-09 -3.82155e-09 
1.73872e-09 -2.75653e-09 
6.99285e-09 -4.82492e-09 
3.66479e-09 -4.92313e-09 
4.15237e-09 -5.68684e-09 
1.13702e-09 -2.24637e-08 
2.21416e-09 -4.73103e-09 
4.28528e-09 -4.73708e-09 
4.37381e-09 -5.88924e-09 
2.70368e-09 -4.60508e-09 
2.18935e-09 9.73454e-10 
1.32047e-08 -2.58779e-09 
3.51996e-09 -4.62978e-09 
3.73591e-09 -4.44192e-09 
2.10635e-09 -5.55628e-09 
-8.62455e-09 -5.02603e-09 
5.50103e-09 -4.64069e-09 
-1.20722e-08 -5.06229e-09 
-1.31396e-09 -4.88426e-09 
4.57725e-09 -4.73352e-09 
4.46417e-09 -3.58816e-09 
4.13285e-09 -4.99077e-09 
6.13566e-08 -4.7176e-09 
4.5046e-09 -2.25113e-09 
3.91249e-09 -4.91338e-09 
1.00041e-08 3.24299e-09 
3.05784e-09 -5.61858e-10 
4.12453e-09 -2.64637e-10 
-1.0379e-08 -5.02338e-09 
4.17072e-09 -4.75381e-09 
4.33584e-09 -4.34703e-09 
5.01326e-09 -4.81418e-09 
4.41844e-09 -5.49592e-09 
3.1931e-09 -5.80185e-09 
6.40916e-09 -7.43366e-09 
2.93223e-09 -5.70803e-09 
9.77986e-09 -4.80103e-09 
4.23925e-09 -5.5103e-09 
-3.24503e-09 -3.67895e-09 
2.28259e-09 -5.29132e-09 
3.49866e-09 -4.68422e-09 
7.02232e-09 -4.59655e-09 
-7.17854e-10 -6.89102e-09 
