-0.0713977 -0.106242 
-0.0862163 0.150235 
-0.0946823 -1.78835 
-0.320489 0.135591 
-0.0880005 0.146909 
-0.101039 0.131127 
-0.120251 0.0221083 
-0.0553943 0.172608 
-0.104727 0.0957128 
-0.0742465 0.122981 
-0.00400306 0.0990544 
-0.0436594 0.110165 
-0.0373884 0.113568 
-0.0951344 0.230606 
-0.1434 0.118432 
-0.105424 0.17211 
-0.201246 0.177495 
-0.0538925 0.10724 
-0.250027 0.142237 
-0.0911446 0.10536 
-0.0880305 0.124413 
-0.11194 0.139759 
-0.138618 0.134954 
-0.0947111 -0.0699591 
-0.0582201 0.132975 
-0.0121394 0.1508 
-0.160874 0.0455156 
-0.252608 0.13155 
-0.0941109 0.103401 
-0.088861 0.0882451 
-0.0807435 0.119696 
-0.323758 0.179251 
-0.172548 0.100033 
-0.110905 0.118608 
-0.0750279 0.121935 
-0.185894 0.0964862 
-0.107004 0.105936 
-0.111833 0.0878153 
-0.067332 0.109943 
-0.00624281 0.104916 
-0.140325 0.111055 
0.133593 0.107157 
-0.116099 0.14067 
0.0418157 0.114841 
-0.235438 0.101847 
-0.143311 0.16824 
-0.126664 0.106237 
-0.127324 0.12916 
-0.231194 0.130081 
-0.262766 0.121934 
