3.7597e-09 -4.92667e-09 
1.18254e-09 -3.93047e-09 
2.83111e-09 -4.26773e-09 
5.12071e-10 -4.9803e-09 
4.01286e-09 -4.76396e-09 
4.23722e-09 -4.83059e-09 
3.47797e-09 -4.75745e-09 
3.04264e-09 -5.26106e-09 
2.25522e-09 -7.68257e-09 
6.34041e-09 -4.74335e-09 
3.85079e-09 -5.33839e-09 
4.58187e-09 -4.57669e-09 
6.03065e-09 -3.6136e-09 
-8.17459e-09 -4.72732e-09 
4.28528e-09 -4.73708e-09 
3.74336e-09 -5.57309e-09 
1.34483e-08 -4.92051e-09 
3.17283e-09 -7.8249e-09 
1.13937e-08 -3.30349e-09 
4.2021e-09 -4.42885e-09 
4.2316e-09 -4.45373e-09 
5.6291e-09 -5.37546e-09 
3.3068e-09 -5.25786e-09 
6.22562e-09 -4.85804e-09 
5.58129e-09 -4.86847e-09 
-1.10744e-09 -4.58419e-09 
4.63688e-09 -4.73378e-09 
4.30701e-09 -6.27886e-09 
4.47765e-09 -3.65339e-09 
-1.04504e-08 -4.74459e-09 
3.6335e-09 -5.21401e-09 
3.79571e-09 -5.32805e-09 
9.73912e-11 7.33633e-09 
3.93273e-09 5.2349e-09 
3.52437e-09 -3.13758e-09 
-3.16768e-08 -4.45223e-09 
4.28593e-09 -4.79968e-09 
5.36137e-09 -4.64125e-09 
4.37357e-09 -4.58214e-09 
1.29761e-08 -6.15528e-09 
6.56162e-10 -2.93172e-09 
3.72213e-09 -6.29425e-09 
2.51044e-09 -7.58934e-09 
6.07639e-09 -4.38211e-09 
4.01776e-09 -5.21963e-09 
7.31235e-09 -4.04359e-09 
6.71286e-09 -5.56165e-09 
4.10933e-09 -4.74689e-09 
6.28032e-09 -5.04104e-09 
1.08594e-08 -5.20045e-09 
