2.52407e-09 -2.95438e-09 
-4.76955e-10 -1.53397e-10 
1.63396e-09 -3.30262e-09 
1.36335e-09 2.73835e-09 
1.54965e-09 -4.02182e-09 
3.79518e-09 -2.82646e-09 
5.41791e-10 -3.84447e-08 
1.28245e-09 -2.26766e-09 
-3.45006e-10 -3.67551e-09 
-1.02922e-08 1.56776e-10 
2.10349e-09 -4.47206e-09 
1.66353e-09 -5.04244e-09 
1.22711e-09 1.03921e-09 
1.3534e-09 -3.85263e-09 
1.21009e-09 -5.98147e-09 
1.21795e-08 -1.99625e-09 
1.00008e-09 -4.1737e-09 
-1.24947e-10 -2.16457e-09 
5.78613e-09 -3.0498e-09 
1.78751e-09 -5.72915e-09 
