2.91199e-09 -4.75704e-09 
2.27417e-09 -3.95253e-09 
6.59921e-09 -4.10298e-09 
9.63367e-09 -6.72713e-10 
4.5764e-09 -4.62526e-09 
3.65479e-09 -4.79084e-09 
3.8796e-09 -4.82192e-09 
2.30531e-09 -8.06926e-09 
-1.65545e-09 -3.67127e-09 
5.15574e-09 -4.77424e-09 
3.57683e-09 -6.05293e-09 
4.19869e-09 -4.61483e-09 
2.46476e-09 -1.93971e-08 
-4.3263e-09 -4.74317e-09 
4.28528e-09 -4.73708e-09 
4.24738e-09 -5.09091e-09 
7.43215e-09 -4.54275e-09 
4.54619e-09 -9.61716e-09 
1.03261e-08 -4.83758e-09 
3.81716e-09 -4.62677e-09 
3.67541e-09 -4.04217e-09 
4.52399e-09 -5.80272e-09 
-2.09119e-09 -4.29359e-09 
5.76567e-09 -4.79527e-09 
-7.79313e-09 -4.84906e-09 
1.59457e-08 -4.48482e-09 
4.59578e-09 -4.73381e-09 
4.4191e-09 -3.15057e-09 
4.20587e-09 -4.40767e-09 
-1.21966e-08 -4.64128e-09 
4.01832e-09 -2.45659e-09 
4.0776e-09 -4.80485e-09 
-7.44731e-09 -1.60071e-08 
5.36518e-09 -1.07638e-08 
2.65119e-09 -6.37972e-09 
2.29099e-08 -5.13882e-09 
4.28413e-09 -4.7489e-09 
5.56901e-09 -4.6545e-09 
5.21146e-09 -4.65959e-09 
7.35968e-10 -5.75392e-09 
3.3393e-09 -6.47279e-09 
3.65639e-09 -4.56491e-09 
5.56116e-09 -3.90175e-09 
9.16216e-09 -4.57964e-09 
3.72577e-09 -4.16394e-09 
-2.06117e-09 -3.27937e-09 
5.83029e-09 -3.94703e-09 
3.11211e-09 -4.70305e-09 
7.51786e-09 -4.83477e-09 
7.19291e-10 -5.29399e-09 
