3.14864e-09 -4.98153e-09 
5.32044e-09 -4.39919e-09 
2.1583e-09 -5.20055e-09 
-4.94566e-09 -3.55485e-09 
4.4333e-09 -4.79962e-09 
4.90959e-09 -4.8025e-09 
4.10511e-09 -4.75609e-09 
3.54753e-09 -2.26361e-09 
8.89252e-09 -5.40071e-09 
5.35677e-09 -4.75697e-09 
2.86234e-09 -5.49324e-09 
4.66195e-09 -5.01615e-09 
3.48957e-09 -1.87949e-08 
2.99522e-09 -4.75922e-09 
4.28528e-09 -4.73708e-09 
2.55224e-09 -4.21097e-09 
8.0392e-09 -5.44825e-09 
4.22728e-09 -3.69643e-09 
3.30691e-09 -4.01755e-09 
4.54944e-09 -3.96289e-09 
3.83199e-09 -3.61117e-09 
5.13037e-09 -4.41622e-09 
7.0158e-09 -5.01354e-09 
6.44451e-09 -4.72988e-09 
5.70505e-09 -4.68242e-09 
4.83763e-09 -5.51323e-09 
3.10128e-09 -4.73473e-09 
4.19839e-09 -3.03373e-09 
4.19861e-09 -3.99052e-09 
5.44402e-10 -4.71828e-09 
4.16981e-09 -5.17853e-09 
3.69583e-09 -5.2034e-09 
-1.06726e-08 4.89125e-09 
2.61798e-09 1.15552e-09 
1.21138e-09 -5.12425e-09 
-2.13507e-08 -5.02135e-09 
4.17443e-09 -4.72636e-09 
6.01183e-09 -4.16144e-09 
4.719e-09 -4.5683e-09 
9.90336e-09 -6.1296e-09 
1.78185e-09 -8.51198e-09 
3.23491e-09 -5.68324e-09 
4.1799e-09 -8.0249e-09 
8.71713e-10 -4.68237e-09 
3.59616e-09 -5.59794e-09 
7.83579e-09 -4.33406e-09 
9.9256e-09 -4.45198e-09 
3.34268e-09 -4.71457e-09 
4.17108e-09 -4.93061e-09 
1.4434e-08 -6.15202e-09 
