2.90249e-09 -4.63601e-09 
1.65518e-10 -4.04177e-09 
1.6844e-09 -3.87511e-09 
6.21434e-09 -4.07229e-09 
4.66514e-09 -4.59772e-09 
3.07433e-09 -4.93207e-09 
6.62151e-09 -4.85575e-09 
4.54204e-09 -9.51978e-09 
-7.37771e-09 3.30699e-09 
3.82211e-09 -4.70968e-09 
4.65933e-09 -5.0587e-09 
4.50409e-09 -5.24709e-09 
2.48258e-09 -1.21452e-08 
3.98928e-09 -4.76385e-09 
4.28528e-09 -4.73708e-09 
2.26612e-09 -6.56733e-09 
7.57777e-09 -5.43002e-09 
4.2578e-09 -5.03705e-09 
8.76415e-09 -1.60799e-09 
4.07932e-09 -4.38452e-09 
3.76252e-09 -3.03663e-09 
5.23588e-09 -6.03305e-09 
-2.62544e-09 -4.65511e-09 
3.12513e-09 -4.8396e-09 
4.12539e-09 -5.28752e-09 
3.68634e-09 -5.04179e-09 
4.59475e-09 -4.73336e-09 
4.57725e-09 -2.28359e-09 
3.8422e-09 -5.42279e-09 
-2.4311e-09 -4.70425e-09 
4.36097e-09 -1.03123e-09 
4.21391e-09 -4.92333e-09 
5.19935e-09 -3.13834e-09 
5.91586e-09 -1.20644e-08 
2.51356e-09 -4.82633e-09 
1.29216e-08 -4.80246e-09 
4.23697e-09 -4.77099e-09 
4.42815e-09 -4.52526e-09 
4.38803e-09 -4.67376e-09 
1.34039e-08 -4.89817e-09 
4.0129e-09 -6.3318e-09 
4.65933e-09 -3.49755e-09 
5.24781e-09 -5.55661e-09 
1.56061e-08 -4.59066e-09 
4.05868e-09 -5.00236e-09 
1.11012e-08 -4.46933e-09 
5.76994e-09 -4.9439e-09 
3.82584e-09 -4.75142e-09 
4.26055e-09 -4.8146e-09 
1.07139e-08 -4.61903e-09 
