1.70243e-09 -7.2644e-10 
1.65537e-09 -4.85289e-09 
-8.70127e-10 -2.84948e-09 
1.34273e-09 -9.68719e-09 
2.11933e-10 9.98929e-10 
4.2711e-09 -1.51881e-09 
-2.79213e-09 -1.04142e-08 
4.13071e-09 -3.08042e-09 
2.06017e-10 -1.09718e-09 
-1.27693e-08 -2.57149e-09 
1.08304e-09 -2.46538e-11 
4.44338e-10 3.06579e-09 
1.52316e-09 -1.38458e-09 
1.41593e-09 3.44031e-12 
2.61001e-09 3.29623e-10 
5.64505e-10 -1.0434e-09 
1.48988e-09 -5.47715e-10 
-9.77279e-10 -1.91228e-09 
1.33376e-08 3.23876e-09 
1.45335e-09 -5.49352e-10 
