1.90341e-09 -4.63668e-09 
3.13795e-09 -3.38917e-09 
3.4905e-09 -4.00544e-09 
-8.39486e-10 -6.04577e-09 
4.60818e-09 -4.74795e-09 
4.08754e-09 -4.91292e-09 
3.8526e-09 -4.70981e-09 
4.51985e-09 -5.01359e-09 
-1.77639e-09 -6.84631e-09 
6.48698e-09 -4.84533e-09 
4.5555e-09 -4.7672e-09 
4.58409e-09 -5.26678e-09 
4.31168e-09 -1.96674e-08 
1.64304e-10 -4.75034e-09 
4.28528e-09 -4.73708e-09 
2.83953e-09 -5.61232e-09 
4.63794e-09 -5.15852e-09 
5.46355e-09 -5.57109e-09 
5.64427e-09 -2.85815e-09 
4.31238e-09 -3.98259e-09 
4.32886e-09 -4.08002e-09 
1.26467e-08 -5.7444e-09 
2.06825e-09 -4.55948e-09 
6.92637e-09 -4.75459e-09 
-1.99804e-10 -5.12852e-09 
1.95106e-09 -5.38596e-09 
4.31497e-09 -4.74094e-09 
4.53305e-09 -4.80014e-09 
4.74672e-09 -5.07813e-09 
1.75093e-09 -4.74019e-09 
4.24356e-09 -2.49898e-09 
5.19447e-09 -5.13613e-09 
-4.02467e-09 -4.88362e-09 
-3.85742e-10 -1.1056e-08 
3.09252e-09 -1.12763e-09 
-1.44762e-08 -5.5992e-09 
4.33252e-09 -4.7492e-09 
6.91293e-09 -3.90278e-09 
4.68522e-09 -4.63287e-09 
-7.80924e-09 -5.42795e-09 
2.33049e-09 -6.77225e-09 
4.53997e-09 -6.71098e-09 
4.07874e-09 -6.8752e-09 
1.31144e-08 -4.68768e-09 
3.99013e-09 -5.28399e-09 
5.27843e-09 -4.19686e-09 
6.84757e-09 -4.47186e-09 
4.02627e-09 -4.72381e-09 
3.56823e-09 -4.91462e-09 
-7.80772e-09 -4.10763e-09 
