3.06927e-10 -4.60313e-09 
4.20367e-09 -3.64018e-09 
3.92332e-09 -4.10531e-09 
1.56456e-09 -4.91049e-09 
4.83909e-09 -4.62318e-09 
3.74569e-09 -4.7687e-09 
4.91507e-09 -4.89231e-09 
4.4377e-09 -4.58233e-09 
-8.40716e-09 -4.75126e-09 
5.54589e-09 -4.88139e-09 
4.35517e-09 -5.11379e-09 
4.78288e-09 -4.89172e-09 
6.00879e-09 -1.00085e-08 
-8.30094e-09 -4.74909e-09 
4.28528e-09 -4.73708e-09 
5.83996e-09 -5.76368e-09 
6.54586e-09 -4.74398e-09 
3.59068e-09 -5.03169e-09 
1.23877e-08 2.12435e-09 
3.45446e-09 -4.95432e-09 
4.46496e-09 -3.51979e-09 
8.52909e-09 -4.19711e-09 
1.40413e-09 -4.61446e-09 
7.05428e-09 -4.77455e-09 
5.13333e-09 -5.0105e-09 
4.96435e-09 -5.05596e-09 
3.55416e-09 -4.74132e-09 
4.32224e-09 -3.44187e-09 
4.5245e-09 -4.23127e-09 
4.48926e-09 -4.75007e-09 
4.36464e-09 -3.29536e-10 
3.1436e-09 -5.03893e-09 
7.86736e-09 -5.86462e-09 
2.88658e-09 -8.12771e-09 
4.26599e-09 -2.82646e-09 
6.42018e-09 -5.01999e-09 
3.9273e-09 -4.75644e-09 
8.0579e-09 -4.5256e-09 
4.05063e-09 -4.6461e-09 
-1.25282e-08 -6.00583e-09 
3.32586e-09 -6.04914e-09 
4.14022e-09 -4.78802e-09 
4.12349e-09 -4.95559e-09 
4.71229e-10 -4.67551e-09 
3.86803e-09 -4.57013e-09 
4.93635e-09 -4.51443e-09 
6.32361e-09 -5.24046e-09 
5.03124e-09 -4.74702e-09 
3.84219e-09 -4.93706e-09 
1.33923e-08 -6.03448e-09 
