-0.0581241 -0.133456 
-0.273023 -0.0642604 
0.079727 -2.0309 
0.0536674 0.128606 
-0.0171627 -0.00958029 
-0.124953 -0.0436661 
-0.048642 0.0848417 
-0.123217 0.0611247 
-0.046453 -0.0348772 
0.170111 0.00187513 
-0.216131 0.0604706 
-0.0353802 0.00471458 
0.0968297 0.0149764 
-0.00876176 -0.139041 
-0.136896 0.0732913 
-0.208295 -0.016776 
0.00364686 -0.045614 
-0.113933 0.133661 
-0.136229 -0.040934 
0.00394655 0.0548492 
0.0516596 0.00192662 
-0.129904 -0.000130597 
0.00196383 0.0516344 
-0.045371 0.139715 
-0.163265 0.228613 
-0.125509 -0.0603879 
0.0113313 0.0485172 
-0.0472642 0.00428285 
-0.0348257 0.0878231 
-0.095733 -0.000239778 
-0.0113285 0.0263118 
-0.25349 -0.01405 
0.0409248 0.0349757 
-0.0972231 -0.0173005 
-0.21883 0.0121426 
-0.0503936 0.00809736 
-0.133917 -0.0124126 
-0.0343825 0.0661012 
-0.0824755 0.0763239 
-0.0028586 -0.0349496 
-0.148613 -0.00892313 
-0.486452 -0.0496637 
0.097958 0.0567411 
0.0044743 0.132369 
-0.0283286 0.0631364 
-0.0616434 -0.0345388 
-0.0438416 0.0419817 
-0.0390769 -0.0825832 
-0.111065 0.0480711 
0.148358 0.0394599 
