6.76457e-09 -4.91717e-09 
1.87638e-09 -5.58658e-09 
3.30968e-09 -4.43037e-09 
3.84995e-09 -6.7383e-09 
4.07275e-09 -4.71068e-09 
4.29129e-09 -4.71364e-09 
2.73699e-09 -4.66612e-09 
4.77275e-09 -3.73548e-09 
4.27188e-09 1.56145e-09 
4.21844e-09 -4.69722e-09 
4.4855e-09 -4.25859e-09 
4.20167e-09 -5.11274e-09 
5.49927e-10 -1.59505e-08 
2.68752e-10 -4.75286e-09 
4.28528e-09 -4.73708e-09 
2.41064e-09 -5.13919e-09 
6.7025e-09 -4.83723e-09 
2.44409e-09 -3.15212e-09 
1.62531e-09 -8.02194e-09 
4.7518e-09 -4.2768e-09 
3.74228e-09 -4.11161e-09 
9.07863e-10 -6.13801e-09 
-8.68345e-10 -5.09223e-09 
2.20276e-09 -4.80419e-09 
-9.99383e-10 -4.89877e-09 
2.26734e-09 -5.22422e-09 
4.0278e-09 -4.73305e-09 
4.37935e-09 -3.32794e-09 
4.00997e-09 -3.949e-09 
-3.54816e-09 -4.70908e-09 
4.41234e-09 -5.68548e-09 
5.24819e-09 -4.94129e-09 
-6.57303e-09 -8.82207e-09 
4.11037e-09 -8.84651e-09 
2.09422e-09 3.49245e-09 
-2.30279e-08 -5.11486e-09 
4.43253e-09 -4.79885e-09 
2.31556e-09 -4.4562e-09 
4.59381e-09 -4.76027e-09 
2.26222e-08 -5.02136e-09 
4.9453e-09 -5.5182e-09 
3.87501e-09 -5.12143e-09 
7.79353e-09 -6.78054e-09 
8.49743e-09 -4.60555e-09 
4.09046e-09 -6.02515e-09 
2.42419e-09 -4.81226e-09 
7.77832e-09 -4.57216e-09 
8.36429e-10 -4.69344e-09 
6.50232e-09 -4.84073e-09 
9.55258e-10 -5.00379e-09 
