1.1986e-09 2.0703e-09 
2.85515e-09 -1.5267e-09 
-1.37797e-09 2.71952e-10 
-1.10276e-09 -1.88996e-10 
2.61961e-10 2.82322e-09 
-2.14817e-09 9.43192e-10 
2.12297e-09 4.50807e-09 
1.61345e-09 -2.64591e-09 
-6.49463e-10 -1.04067e-09 
-1.41152e-08 -1.75996e-09 
5.54186e-10 -9.77704e-10 
8.9621e-10 4.69521e-09 
-2.23066e-09 -1.02809e-09 
5.01298e-10 -2.25419e-09 
-1.07637e-09 1.86014e-09 
-8.37782e-09 6.42241e-10 
4.86247e-10 2.43831e-09 
-1.71463e-10 -1.93785e-09 
1.21124e-08 7.39004e-09 
2.07765e-09 -7.28967e-10 
