6.95205e-09 -4.78459e-09 
1.54435e-09 -5.06706e-09 
3.71375e-09 -4.0203e-09 
7.82258e-09 -8.4444e-09 
4.61462e-09 -4.72282e-09 
3.58021e-09 -4.81231e-09 
5.82067e-09 -4.62395e-09 
4.48244e-09 -3.86913e-09 
1.78611e-09 2.0695e-09 
3.74833e-09 -4.9338e-09 
4.37233e-09 -4.68826e-09 
4.45404e-09 -4.72047e-09 
2.18797e-09 -9.54291e-09 
1.24628e-09 -4.75817e-09 
4.28528e-09 -4.73708e-09 
3.61994e-09 -4.60966e-09 
7.0756e-09 -4.89172e-09 
2.70283e-09 -3.00056e-09 
3.84773e-09 -2.51048e-09 
3.65541e-09 -4.36127e-09 
4.1412e-09 -3.87555e-09 
1.32957e-09 -5.66004e-09 
1.18263e-09 -4.89378e-09 
1.05553e-09 -4.75142e-09 
3.25124e-09 -4.40358e-09 
2.81356e-09 -5.16942e-09 
3.54753e-09 -4.73329e-09 
4.41705e-09 1.52286e-09 
4.24763e-09 -4.13676e-09 
-4.88099e-09 -4.70513e-09 
4.44221e-09 -5.56532e-09 
2.45314e-09 -5.07812e-09 
4.12568e-09 -5.05104e-09 
4.24716e-09 -6.59341e-09 
3.42766e-09 1.39328e-09 
-1.6587e-08 -4.88146e-09 
3.96877e-09 -4.74472e-09 
3.08801e-09 -4.77035e-09 
5.95545e-09 -4.97892e-09 
2.00659e-08 -4.49942e-09 
3.68116e-09 -3.91634e-09 
3.89107e-09 -6.52634e-09 
7.16301e-09 -7.42108e-09 
5.95371e-09 -4.60775e-09 
3.97716e-09 -6.93269e-09 
-1.81152e-09 -4.6995e-09 
6.26497e-09 -4.75945e-09 
9.30429e-10 -4.71465e-09 
4.69658e-09 -4.89687e-09 
8.95099e-09 -7.3662e-09 
