6.4206e-09 -5.01502e-09 
3.09297e-09 -4.62557e-09 
4.43827e-09 -3.74407e-09 
-4.68622e-09 -5.63455e-09 
3.99586e-09 -4.66402e-09 
4.48393e-09 -4.85516e-09 
2.85897e-09 -4.78849e-09 
5.0693e-09 -4.80552e-09 
1.43453e-09 1.03982e-09 
3.3138e-09 -4.76841e-09 
4.64844e-09 -4.37752e-09 
4.52613e-09 -5.04849e-09 
3.87402e-09 -1.0874e-08 
1.31945e-09 -4.74411e-09 
4.28528e-09 -4.73708e-09 
2.39142e-09 -5.01642e-09 
7.8175e-09 -4.97306e-09 
2.06941e-09 -1.58715e-09 
3.31837e-09 -4.42914e-09 
3.40231e-09 -3.75638e-09 
4.55729e-09 -4.1596e-09 
5.41464e-09 -5.92968e-09 
1.00173e-09 -4.99143e-09 
8.67649e-09 -4.82521e-09 
1.52626e-09 -4.49876e-09 
4.12654e-09 -5.03121e-09 
3.93527e-09 -4.73468e-09 
4.59841e-09 2.79845e-09 
4.28135e-09 -4.10418e-09 
-2.35404e-09 -4.73889e-09 
4.28629e-09 -2.50687e-09 
4.22715e-09 -5.12171e-09 
-8.6795e-09 -8.61183e-09 
2.65506e-09 -1.34879e-09 
4.69392e-09 5.23333e-09 
-3.74297e-09 -4.74143e-09 
4.0398e-09 -4.78649e-09 
7.17984e-09 -4.78429e-09 
3.59604e-09 -4.5353e-09 
3.90735e-09 -4.16739e-09 
5.45415e-09 -3.31262e-09 
3.62724e-09 -5.30753e-09 
8.2312e-09 -7.89606e-09 
3.92397e-09 -4.61744e-09 
4.10052e-09 -5.16851e-09 
2.29283e-09 -4.62326e-09 
8.08245e-09 -4.72968e-09 
4.67227e-09 -4.72466e-09 
4.98058e-09 -4.89358e-09 
2.79079e-09 -6.62539e-09 
