2.71475e-09 -4.99057e-09 
4.22505e-09 -3.42094e-09 
2.43654e-09 -4.06068e-09 
-2.9952e-09 -3.43313e-09 
3.62561e-09 -4.6475e-09 
4.05769e-09 -4.83709e-09 
2.37134e-09 -4.89976e-09 
4.92482e-09 -4.24926e-09 
-1.00413e-09 -7.93394e-09 
5.54181e-09 -4.7724e-09 
4.37379e-09 -4.19719e-09 
4.40927e-09 -5.26278e-09 
4.68423e-09 -1.16845e-08 
-2.2882e-09 -4.73029e-09 
4.28528e-09 -4.73708e-09 
1.75665e-09 -5.88809e-09 
6.16435e-09 -5.01916e-09 
4.0658e-09 -4.11344e-09 
1.02709e-08 -2.7737e-09 
4.04185e-09 -4.18833e-09 
4.14635e-09 -5.10167e-09 
1.04149e-08 -5.50382e-09 
2.2264e-09 -4.9951e-09 
1.25324e-08 -4.85883e-09 
1.47292e-09 -5.25584e-09 
2.37871e-09 -5.08753e-09 
3.98247e-09 -4.73666e-09 
4.63323e-09 -4.85742e-09 
4.05305e-09 -4.53588e-09 
6.23064e-10 -4.75568e-09 
4.3757e-09 -4.62367e-10 
4.89589e-09 -5.0521e-09 
-1.41783e-08 -1.05447e-08 
1.09838e-09 6.56857e-10 
3.96241e-09 -4.67009e-09 
-2.31505e-09 -5.42487e-09 
4.22477e-09 -4.75147e-09 
8.82355e-09 -4.70774e-09 
3.82093e-09 -4.33337e-09 
-4.49729e-09 -7.10376e-09 
5.52686e-09 -9.67111e-09 
3.44502e-09 -4.17085e-09 
2.09711e-09 -5.16786e-09 
3.39684e-09 -4.64925e-09 
4.20221e-09 -3.84309e-09 
7.2291e-09 -4.64583e-09 
4.6965e-09 -5.19508e-09 
6.64523e-09 -4.73094e-09 
5.92704e-09 -4.70717e-09 
8.70218e-09 -5.29817e-09 
