6.34366e-09 -4.70475e-09 
6.47754e-09 -4.29942e-09 
5.12925e-09 -4.13759e-09 
2.81472e-09 -4.94088e-10 
4.25223e-09 -4.56033e-09 
4.22076e-09 -4.83275e-09 
2.94692e-09 -4.79059e-09 
5.42204e-09 -3.72093e-09 
2.5791e-09 -7.15827e-09 
7.28934e-09 -4.70719e-09 
4.50896e-09 -4.46447e-09 
4.56844e-09 -5.34005e-09 
3.27139e-09 -7.79707e-09 
5.64849e-10 -4.73824e-09 
4.28528e-09 -4.73708e-09 
2.43608e-09 -5.60701e-09 
1.51432e-09 -5.22444e-09 
-1.17533e-09 -6.93578e-10 
8.27456e-09 -5.41698e-09 
3.89443e-09 -4.62654e-09 
3.50265e-09 -5.06142e-09 
6.14766e-09 -5.22603e-09 
1.35433e-09 -5.10454e-09 
1.22104e-09 -4.86607e-09 
5.61999e-09 -4.12612e-09 
3.45166e-09 -4.57621e-09 
3.54398e-09 -4.73375e-09 
4.5476e-09 4.51988e-09 
4.16444e-09 -4.56243e-09 
-1.57106e-09 -4.74982e-09 
4.28293e-09 -3.50209e-09 
5.18755e-09 -5.41611e-09 
-1.25332e-08 -6.4717e-09 
3.7042e-10 -2.30204e-09 
3.51924e-09 -8.42867e-09 
2.3812e-08 -5.71601e-09 
4.24256e-09 -4.76631e-09 
9.99507e-09 -4.61225e-09 
3.6338e-09 -4.59665e-09 
-2.41421e-09 -6.53281e-09 
6.85721e-09 -4.82214e-09 
3.95415e-09 -5.86245e-09 
5.01176e-09 -6.23166e-09 
6.55113e-09 -4.5569e-09 
3.90095e-09 -4.94785e-09 
5.73506e-09 -4.59702e-09 
4.41423e-09 -4.91009e-09 
8.48466e-09 -4.74953e-09 
7.1478e-09 -4.84693e-09 
1.79752e-09 -5.32686e-09 
