3.26717e-10 -4.77515e-09 
3.55779e-09 -3.85617e-09 
4.22495e-09 -4.25777e-09 
7.99736e-10 -5.10444e-09 
4.07579e-09 -4.72616e-09 
4.16711e-09 -4.85361e-09 
3.87133e-09 -4.69833e-09 
5.19509e-09 -4.58743e-09 
-5.17816e-10 -7.97718e-09 
6.97411e-09 -4.81813e-09 
4.14775e-09 -4.54802e-09 
4.17001e-09 -5.02224e-09 
5.51103e-09 -1.00318e-08 
-4.81234e-09 -4.76366e-09 
4.28528e-09 -4.73708e-09 
3.95574e-09 -5.17674e-09 
3.4973e-09 -4.59538e-09 
4.38731e-09 -6.93143e-09 
9.31645e-09 -4.15651e-09 
4.272e-09 -4.46276e-09 
4.05472e-09 -4.00915e-09 
1.84767e-09 -5.23319e-09 
1.63646e-09 -4.97801e-09 
8.42957e-09 -4.83072e-09 
3.78645e-09 -5.28437e-09 
2.77567e-09 -5.37989e-09 
3.79123e-09 -4.73867e-09 
4.2981e-09 -3.49138e-10 
3.82582e-09 -3.68433e-09 
-1.26312e-10 -4.74006e-09 
4.16639e-09 -1.13276e-09 
4.43598e-09 -5.52867e-09 
-4.28154e-09 -8.62715e-09 
3.81657e-09 3.09622e-10 
2.91301e-09 -8.10819e-09 
-7.9436e-09 -5.15997e-09 
4.18366e-09 -4.74597e-09 
6.44038e-10 -4.45111e-09 
5.53846e-09 -4.71908e-09 
-5.69362e-09 -5.64112e-09 
8.47021e-09 -5.77423e-09 
4.09845e-09 -4.32464e-09 
3.48828e-09 -3.90122e-09 
9.47852e-09 -4.7007e-09 
4.67997e-09 -4.41181e-09 
8.75954e-10 -4.50429e-09 
8.88805e-09 -4.98596e-09 
2.22911e-09 -4.72281e-09 
4.89194e-09 -4.59979e-09 
9.02469e-09 -4.98071e-09 
