6.23066e-09 -4.84943e-09 
1.70976e-09 -5.17449e-09 
3.04624e-09 -4.16572e-09 
3.39778e-09 -4.16516e-09 
4.91007e-09 -4.58634e-09 
3.88147e-09 -4.7182e-09 
3.06391e-09 -4.8828e-09 
5.10278e-09 -3.94539e-09 
-1.06066e-09 9.77829e-10 
4.20033e-09 -4.79236e-09 
4.59914e-09 -4.62787e-09 
4.2971e-09 -5.09639e-09 
3.37351e-09 -9.60474e-09 
-1.76376e-09 -4.73514e-09 
4.28528e-09 -4.73708e-09 
3.68237e-09 -5.59315e-09 
1.47749e-08 -5.40998e-09 
3.65914e-10 -2.26664e-09 
4.5685e-09 -3.53016e-10 
4.02422e-09 -4.18164e-09 
4.53237e-09 -2.90883e-09 
7.46517e-09 -5.83591e-09 
3.53531e-09 -4.76836e-09 
9.06852e-09 -4.74923e-09 
-4.25291e-09 -3.94372e-09 
3.33177e-09 -4.60442e-09 
4.11351e-09 -4.7368e-09 
4.28811e-09 -1.07235e-08 
4.50771e-09 -4.86581e-09 
4.66916e-09 -4.72962e-09 
4.62058e-09 -5.40232e-09 
3.41296e-09 -3.95818e-09 
9.83157e-09 -7.34203e-09 
2.39427e-09 -5.32679e-09 
3.56114e-09 4.15465e-09 
-1.70992e-08 -5.14086e-09 
4.01333e-09 -4.81871e-09 
1.04759e-08 -4.83542e-09 
4.13126e-09 -4.607e-09 
-4.44582e-09 -4.38168e-09 
4.1623e-09 -5.34212e-09 
4.16179e-09 -5.11639e-09 
4.91338e-09 -5.98676e-09 
3.76072e-09 -4.7044e-09 
3.02027e-09 -5.55126e-09 
5.9757e-09 -4.68246e-09 
3.46477e-09 -4.70716e-09 
5.25251e-09 -4.73134e-09 
6.72428e-09 -5.15398e-09 
1.08125e-08 -5.20125e-09 
