3.8276e-09 -4.66444e-09 
3.34367e-09 -4.7733e-09 
2.90872e-09 -5.39355e-09 
6.2277e-10 -6.10311e-09 
4.22514e-09 -4.78331e-09 
3.85557e-09 -4.76616e-09 
2.67324e-09 -4.92476e-09 
4.96359e-09 -4.07123e-09 
3.38707e-09 -4.71491e-09 
8.12258e-09 -4.92874e-09 
4.33505e-09 -4.76172e-09 
4.47315e-09 -5.26287e-09 
3.95692e-09 -2.62902e-08 
-5.12517e-09 -4.73829e-09 
4.28528e-09 -4.73708e-09 
2.43073e-09 -6.60894e-09 
8.1645e-09 -4.89441e-09 
1.57309e-09 -6.44126e-09 
1.35987e-08 -6.34532e-09 
3.39805e-09 -5.53683e-09 
2.83158e-09 -6.15703e-09 
7.59907e-09 -7.17888e-09 
6.53517e-10 -5.02236e-09 
6.658e-09 -4.77092e-09 
1.14234e-09 -4.64779e-09 
1.29827e-09 -5.40762e-09 
4.58147e-09 -4.73293e-09 
4.91104e-09 -6.64283e-09 
3.95695e-09 -3.45378e-09 
-5.98852e-09 -4.7397e-09 
4.26516e-09 1.90729e-10 
4.13923e-09 -4.55655e-09 
4.45114e-09 -8.1609e-09 
3.96887e-09 -2.66669e-09 
4.06836e-09 -8.2167e-09 
-1.06762e-08 -5.43573e-09 
4.47646e-09 -4.78739e-09 
4.11873e-09 -4.66488e-09 
6.32119e-09 -4.5266e-09 
-7.39397e-09 -6.00266e-09 
4.27737e-09 -7.47525e-09 
3.7694e-09 -4.78075e-09 
3.73575e-09 -5.53399e-09 
3.25569e-09 -4.7031e-09 
3.67346e-09 -5.56618e-09 
2.92336e-09 -4.45355e-09 
3.98025e-09 -4.54526e-09 
6.63439e-09 -4.706e-09 
5.17164e-09 -4.36433e-09 
6.77807e-09 -4.46273e-09 
