4.23432e-09 -4.67507e-09 
3.72897e-09 -4.24185e-09 
3.84607e-09 -3.4882e-09 
-8.91062e-10 -6.9502e-09 
4.15095e-09 -4.71807e-09 
4.04557e-09 -4.93671e-09 
2.2791e-09 -4.63364e-09 
4.38259e-09 -4.01987e-09 
1.57179e-08 -4.70281e-09 
7.6195e-09 -4.87382e-09 
4.35692e-09 -4.59291e-09 
4.35281e-09 -5.12774e-09 
4.99507e-09 -9.15363e-09 
-7.36115e-10 -4.74149e-09 
4.28528e-09 -4.73708e-09 
4.28349e-09 -5.48797e-09 
1.2221e-08 -4.71852e-09 
1.41579e-09 -1.88883e-09 
3.85447e-09 -7.42644e-09 
4.01541e-09 -2.84731e-09 
3.01911e-09 -4.98421e-09 
4.90549e-09 -6.5737e-09 
6.15159e-10 -5.09424e-09 
2.95919e-09 -4.75667e-09 
1.81139e-09 -5.17056e-09 
1.22061e-09 -5.3585e-09 
4.21139e-09 -4.73242e-09 
4.6956e-09 1.1232e-08 
4.22133e-09 -5.37395e-09 
9.06344e-09 -4.7377e-09 
4.30179e-09 3.18067e-10 
3.4737e-09 -5.71854e-09 
1.2349e-08 -8.35637e-09 
2.50947e-09 -4.48577e-09 
3.2021e-09 3.55006e-09 
-2.0267e-09 -4.59747e-09 
3.20551e-09 -4.79856e-09 
5.60265e-09 -4.55418e-09 
5.61918e-09 -4.65212e-09 
4.04493e-09 -5.75539e-09 
3.19102e-09 -7.4381e-09 
3.82988e-09 -4.67284e-09 
6.3712e-09 -6.74537e-09 
4.49118e-09 -4.69363e-09 
4.00018e-09 -5.6702e-09 
2.20242e-09 -4.71585e-09 
7.04196e-09 -4.34955e-09 
4.34338e-09 -4.71112e-09 
6.30291e-09 -5.14118e-09 
4.96426e-09 -5.60976e-09 
