1.17738e-09 -4.20435e-10 
1.96804e-09 7.01018e-09 
-2.53275e-10 2.10336e-09 
9.33663e-10 1.7452e-09 
3.37498e-10 2.57434e-09 
-2.41572e-13 2.28272e-09 
-4.08448e-09 -1.82929e-08 
1.58448e-10 6.9107e-10 
-1.57633e-10 -2.76579e-10 
-2.2963e-09 -1.71773e-09 
5.0826e-10 8.27715e-10 
-7.3253e-11 9.79467e-10 
1.68418e-10 1.08287e-09 
-1.56832e-10 1.39177e-09 
-3.90511e-10 -2.624e-09 
3.23617e-09 1.52863e-09 
-9.61216e-11 4.13047e-09 
9.91637e-10 -7.09255e-10 
3.91662e-09 -2.03462e-09 
-4.29613e-09 2.66783e-09 
