-8.47672e-10 2.54214e-10 
2.06071e-09 3.75189e-09 
-1.34799e-10 -6.26814e-10 
-7.14e-10 -3.30972e-11 
-6.84584e-10 -7.82289e-11 
1.75857e-10 1.46872e-09 
-9.64318e-10 -2.05381e-08 
-2.38098e-09 -7.62985e-09 
-4.95203e-10 -3.77119e-09 
1.11499e-08 -5.02015e-09 
2.89339e-10 -1.81973e-10 
9.52075e-11 -2.29449e-09 
1.37441e-10 -4.47985e-10 
3.99613e-11 -1.34291e-10 
-4.85805e-10 -1.48013e-09 
4.94903e-09 4.1848e-10 
-2.75485e-11 -6.19286e-10 
9.6917e-10 -2.4543e-10 
1.78626e-09 -1.10704e-08 
2.24266e-10 8.55819e-10 
