-6.72582e-10 1.39322e-10 
7.34754e-10 -4.23919e-09 
-7.42169e-11 -2.59859e-09 
-1.09179e-09 -1.61255e-09 
-8.71059e-10 3.88418e-10 
-5.24461e-11 -1.3769e-09 
1.02029e-09 -1.37914e-08 
4.46223e-09 -5.7947e-09 
-3.10221e-10 -7.39948e-10 
3.32783e-09 -3.50296e-09 
-2.01345e-10 -2.14941e-10 
1.15237e-11 -4.59064e-09 
-6.66744e-11 -1.48895e-09 
1.20823e-10 -1.36095e-09 
-6.33707e-11 -5.84996e-10 
-1.29778e-09 -3.59723e-10 
-8.9457e-12 -3.57565e-09 
-1.09745e-09 -3.85755e-10 
3.33926e-11 -3.85106e-09 
3.14078e-09 -1.42076e-09 
