2.09704e-09 -4.73538e-09 
2.83681e-09 -4.10781e-09 
2.06793e-09 -3.16055e-09 
-1.93571e-09 -4.8719e-09 
4.45592e-09 -4.61312e-09 
4.47632e-09 -4.53164e-09 
3.79518e-09 -4.82478e-09 
4.99746e-09 -4.07604e-09 
-6.66731e-10 -5.5178e-09 
4.17844e-09 -4.75068e-09 
4.34351e-09 -4.46756e-09 
4.46571e-09 -5.29205e-09 
4.40775e-09 3.22167e-09 
8.01856e-10 -4.74241e-09 
4.28528e-09 -4.73708e-09 
3.03688e-09 -5.72329e-09 
2.91163e-09 -4.82696e-09 
6.555e-09 7.50243e-10 
-1.89082e-09 -5.08956e-10 
4.61857e-09 -5.34597e-09 
4.72007e-09 -2.48119e-10 
2.9494e-09 -4.63264e-09 
3.03246e-09 -4.61315e-09 
4.37699e-09 -4.72361e-09 
6.15731e-09 -5.06493e-09 
4.97808e-09 -5.11868e-09 
4.06326e-09 -4.73223e-09 
4.34252e-09 1.97793e-09 
4.06561e-09 -4.84474e-09 
8.6946e-10 -4.732e-09 
4.60183e-09 -2.9593e-09 
4.20982e-09 -5.3422e-09 
-1.2259e-08 -6.88814e-09 
3.99634e-09 -6.00984e-09 
1.3903e-09 -1.83149e-09 
-3.16051e-08 -5.51973e-09 
4.14139e-09 -4.59135e-09 
5.77442e-09 -4.98018e-09 
4.50552e-09 -4.61136e-09 
-6.70343e-09 -4.89112e-09 
1.76074e-09 -6.39818e-09 
4.15761e-09 -4.74531e-09 
7.58941e-09 -4.95398e-09 
6.04026e-09 -4.68425e-09 
4.01978e-09 -5.87791e-09 
1.17602e-09 -4.48078e-09 
-7.45097e-10 -4.87079e-09 
3.55689e-09 -4.73109e-09 
6.07189e-09 -5.81776e-09 
5.71576e-10 -5.71403e-09 
