2.56333e-09 -4.76973e-09 
4.06187e-09 -4.24513e-09 
1.46571e-09 -3.34191e-09 
-3.05451e-10 -6.23759e-09 
4.41802e-09 -4.65752e-09 
4.27239e-09 -4.59007e-09 
5.64757e-09 -4.99781e-09 
3.52201e-09 -3.69098e-09 
-5.92252e-09 -1.02029e-09 
5.18644e-09 -4.86962e-09 
4.3391e-09 -4.51436e-09 
4.5856e-09 -4.79197e-09 
4.47142e-09 -6.45712e-10 
2.95212e-09 -4.75305e-09 
4.28528e-09 -4.73708e-09 
4.87598e-09 -4.2959e-09 
4.37117e-09 -4.92332e-09 
3.68493e-09 -4.86535e-09 
1.72551e-09 -3.81956e-09 
4.0822e-09 -3.95384e-09 
3.50225e-09 -5.14172e-09 
9.56927e-09 -4.19613e-09 
7.93542e-09 -4.60138e-09 
5.49477e-09 -4.76216e-09 
-5.62403e-09 -4.80151e-09 
2.74986e-09 -4.70862e-09 
4.45569e-09 -4.73278e-09 
4.51961e-09 -3.92345e-09 
3.65419e-09 -4.75011e-09 
2.32682e-09 -4.73463e-09 
4.22249e-09 -2.15864e-09 
4.78213e-09 -5.24824e-09 
-9.90511e-09 -7.11022e-09 
3.74942e-09 -7.84676e-09 
4.70439e-09 -3.69172e-09 
-2.92178e-08 -5.44786e-09 
4.44129e-09 -4.79542e-09 
5.66348e-09 -5.34041e-09 
5.20899e-09 -4.6362e-09 
1.56968e-08 -4.27975e-09 
3.40231e-09 -6.66673e-09 
4.07126e-09 -4.72672e-09 
6.53727e-09 -6.84647e-09 
7.33574e-09 -4.76544e-09 
4.52155e-09 -5.83371e-09 
3.35654e-09 -4.70171e-09 
-4.87254e-09 -5.30382e-09 
2.82061e-09 -4.75367e-09 
6.02597e-09 -4.59184e-09 
-4.50726e-09 -4.89785e-09 
