2.99437e-09 -4.84648e-09 
1.57902e-09 -3.61503e-09 
2.28977e-09 -3.47648e-09 
6.12041e-09 -7.13125e-09 
4.36032e-09 -4.78925e-09 
4.62993e-09 -4.61502e-09 
4.21856e-09 -4.87295e-09 
5.5775e-09 -4.46569e-09 
-2.42976e-09 -2.94373e-09 
6.22541e-09 -5.04925e-09 
4.3954e-09 -4.53702e-09 
4.68859e-09 -5.00675e-09 
4.66063e-09 -1.46843e-08 
-9.09939e-09 -4.73582e-09 
4.28528e-09 -4.73708e-09 
5.02122e-09 -4.57112e-09 
8.09857e-09 -5.00241e-09 
-7.99788e-11 -7.38663e-09 
2.51349e-08 -3.84969e-09 
3.61278e-09 -3.06846e-09 
4.04762e-09 -5.7905e-09 
7.81879e-09 -4.72221e-09 
-2.21093e-09 -5.08342e-09 
4.0382e-09 -4.77885e-09 
-5.8743e-10 -4.61904e-09 
2.3757e-09 -4.74329e-09 
4.06153e-09 -4.73365e-09 
4.43397e-09 -6.18819e-09 
3.96435e-09 -5.11544e-09 
5.2286e-09 -4.73628e-09 
4.21364e-09 -4.53518e-09 
4.02841e-09 -4.88185e-09 
4.50752e-09 -5.85322e-09 
2.79633e-09 2.87123e-09 
4.18017e-09 -1.14578e-09 
-7.69316e-09 -5.23835e-09 
4.02692e-09 -4.75925e-09 
5.51506e-09 -4.43461e-09 
4.81388e-09 -4.56264e-09 
4.72465e-09 -5.87279e-09 
4.80778e-09 -5.69376e-09 
4.21678e-09 -4.89519e-09 
4.27131e-09 -6.24742e-09 
1.11018e-08 -4.72538e-09 
4.01579e-09 -5.6013e-09 
3.0408e-09 -4.88426e-09 
4.69472e-09 -5.14028e-09 
2.4724e-09 -4.7208e-09 
4.95933e-09 -4.06058e-09 
3.6037e-09 -5.2834e-09 
