3.00163e-09 -4.79388e-09 
1.13763e-09 -3.27328e-09 
1.73119e-09 -4.0017e-09 
6.2513e-09 -5.93817e-09 
4.3237e-09 -4.702e-09 
3.20514e-09 -4.93952e-09 
3.34917e-09 -4.85154e-09 
4.24475e-09 -4.5037e-09 
4.95444e-10 -2.74816e-09 
5.63224e-09 -4.53346e-09 
4.31523e-09 -4.63362e-09 
4.21557e-09 -5.08269e-09 
4.37208e-09 -4.69391e-09 
-4.62765e-09 -4.7624e-09 
4.28528e-09 -4.73708e-09 
1.06333e-09 -4.65192e-09 
4.846e-09 -4.84695e-09 
2.10586e-09 -5.81171e-09 
1.10247e-08 -4.56088e-09 
4.07511e-09 -3.6386e-09 
3.57868e-09 -2.93887e-09 
1.02096e-08 -5.90704e-09 
4.49631e-09 -4.78089e-09 
4.8381e-09 -4.74525e-09 
-6.50926e-09 -4.7746e-09 
4.28621e-09 -5.6836e-09 
4.73005e-09 -4.73763e-09 
4.47554e-09 -4.80701e-09 
3.99636e-09 -3.70213e-09 
-2.4216e-09 -4.73148e-09 
4.57331e-09 -1.01558e-09 
3.71483e-09 -5.25099e-09 
-4.46186e-09 -6.04941e-09 
2.50282e-09 -1.61766e-09 
2.90005e-09 -3.60741e-09 
7.90203e-09 -5.28934e-09 
4.26002e-09 -4.81865e-09 
5.71224e-09 -4.6717e-09 
4.73315e-09 -4.58697e-09 
4.34768e-09 -4.11157e-09 
2.33442e-09 -6.72588e-09 
4.14401e-09 -4.73949e-09 
4.37925e-09 -2.794e-09 
7.28206e-09 -4.6071e-09 
4.14252e-09 -4.74974e-09 
5.35939e-09 -4.30284e-09 
4.69303e-09 -5.02801e-09 
3.87065e-09 -4.69468e-09 
4.9664e-09 -4.36757e-09 
9.87151e-09 -5.73259e-09 
