4.33369e-09 -4.84351e-09 
3.72663e-10 -2.71512e-09 
4.73792e-09 -4.56171e-09 
3.40289e-09 -4.62383e-09 
4.26116e-09 -4.69821e-09 
4.196e-09 -4.78805e-09 
4.29172e-09 -4.82294e-09 
5.17946e-09 -3.67708e-09 
-3.45632e-09 -1.71539e-09 
6.55317e-09 -4.84791e-09 
4.5129e-09 -4.64045e-09 
4.41152e-09 -4.81458e-09 
4.4872e-09 -3.78652e-09 
1.14635e-10 -4.74787e-09 
4.28528e-09 -4.73708e-09 
5.95746e-09 -5.23125e-09 
1.16813e-08 -4.86521e-09 
3.4247e-09 -5.40397e-09 
2.12777e-08 -2.55348e-09 
3.85454e-09 -2.96186e-09 
3.68963e-09 -5.76538e-09 
8.66849e-09 -5.39458e-09 
1.28908e-09 -5.05659e-09 
4.42576e-09 -4.75412e-09 
-5.71594e-09 -4.6062e-09 
5.08173e-09 -4.24571e-09 
3.74416e-09 -4.73489e-09 
4.54514e-09 -5.40916e-09 
4.42589e-09 -4.81375e-09 
-2.24837e-09 -4.73804e-09 
4.2641e-09 -6.37893e-09 
4.28637e-09 -4.9004e-09 
-4.34695e-09 -7.23831e-09 
3.06474e-09 1.55609e-09 
3.07307e-09 2.3707e-09 
-3.4879e-08 -5.1225e-09 
3.86073e-09 -4.76052e-09 
6.85344e-09 -4.50714e-09 
4.3438e-09 -4.55713e-09 
9.46445e-10 -4.04397e-09 
5.43886e-09 -5.55177e-09 
4.57193e-09 -4.80869e-09 
4.12289e-09 -4.07207e-09 
6.99342e-09 -4.77745e-09 
3.94248e-09 -6.48555e-09 
5.46569e-09 -4.29203e-09 
7.21351e-09 -5.15277e-09 
2.66056e-09 -4.7471e-09 
5.33423e-09 -3.99484e-09 
6.58272e-09 -5.19903e-09 
