1.87739e-09 -4.7709e-09 
3.60739e-09 -5.18907e-09 
3.12071e-09 -4.73516e-09 
-5.23256e-09 -5.79745e-09 
4.50816e-09 -4.59905e-09 
4.21787e-09 -4.73092e-09 
3.45317e-09 -4.74263e-09 
3.74971e-09 -4.57384e-09 
6.12042e-09 -4.81242e-09 
6.21037e-09 -4.98321e-09 
4.23655e-09 -4.33091e-09 
4.38016e-09 -4.78079e-09 
4.43365e-09 -1.2647e-08 
-5.43418e-09 -4.71997e-09 
4.28528e-09 -4.73708e-09 
2.06204e-09 -5.12453e-09 
3.70216e-09 -4.81975e-09 
2.24018e-09 -2.07977e-09 
-8.83836e-09 -4.01081e-09 
4.14634e-09 -5.44067e-09 
4.74278e-09 -2.43764e-09 
3.04873e-09 -5.18949e-09 
-2.10229e-09 -4.83759e-09 
5.60762e-09 -4.73121e-09 
3.02629e-09 -5.17908e-09 
1.17968e-09 -6.07733e-09 
2.58291e-09 -4.73696e-09 
4.37486e-09 -2.20009e-09 
3.88752e-09 -5.17062e-09 
2.74541e-09 -4.73214e-09 
4.50828e-09 1.87416e-10 
4.37739e-09 -4.96898e-09 
-3.60428e-09 -5.79308e-09 
3.38233e-09 2.52565e-10 
3.51836e-09 -3.54876e-09 
3.12762e-08 -5.07785e-09 
4.51655e-09 -4.69016e-09 
4.94786e-09 -4.62494e-09 
5.16011e-09 -4.7501e-09 
-4.0287e-10 -5.83038e-09 
3.65714e-09 -7.38337e-09 
3.9579e-09 -4.75358e-09 
6.07067e-09 -7.51222e-09 
5.66328e-09 -4.58671e-09 
4.17736e-09 -4.57283e-09 
-3.19627e-10 -4.93287e-09 
4.24635e-09 -5.12024e-09 
4.42753e-09 -4.72948e-09 
6.42969e-09 -5.41145e-09 
8.40578e-09 -4.47776e-09 
