3.25121e-10 -1.66807e-09 
9.08677e-10 4.43663e-09 
-3.00881e-10 -3.3129e-09 
-1.19875e-09 1.35399e-09 
4.35009e-10 -5.89076e-10 
-2.62251e-10 -1.57486e-09 
-3.83608e-09 -7.58872e-09 
-6.76322e-09 -3.06965e-09 
3.9082e-10 -3.10511e-09 
1.95561e-09 -1.68182e-09 
-8.81431e-11 -1.23118e-09 
-2.15691e-10 1.49832e-09 
-2.22737e-10 -6.64748e-10 
-2.03414e-10 -1.34763e-09 
-5.81786e-10 -2.41008e-09 
2.46551e-09 1.15642e-09 
-1.63936e-10 -1.06877e-09 
3.83388e-11 -1.44289e-09 
-5.18411e-10 5.08504e-09 
-2.42545e-09 1.07594e-09 
