3.9729e-09 -4.75787e-09 
3.70279e-09 -4.27782e-09 
2.64847e-09 -3.68079e-09 
-1.63017e-09 -7.13967e-09 
4.69668e-09 -4.68036e-09 
3.40475e-09 -4.90477e-09 
3.68517e-09 -4.75553e-09 
4.12761e-09 -4.74171e-09 
-5.30327e-10 -3.61206e-09 
5.37063e-09 -4.76185e-09 
4.2038e-09 -4.59316e-09 
4.28438e-09 -5.15423e-09 
4.14645e-09 -1.66687e-08 
-1.17385e-08 -4.74508e-09 
4.28528e-09 -4.73708e-09 
-1.22965e-09 -4.48383e-09 
3.33146e-09 -4.76068e-09 
1.50398e-09 -1.86974e-09 
2.64275e-08 -2.89228e-09 
3.83164e-09 -5.26933e-09 
4.33268e-09 -3.48186e-09 
6.14036e-09 -5.02909e-09 
6.39026e-09 -5.00718e-09 
4.35336e-09 -4.7543e-09 
6.70841e-09 -4.6768e-09 
5.25016e-09 -6.16354e-09 
4.59906e-09 -4.73581e-09 
4.41845e-09 -4.0834e-09 
4.10705e-09 -4.49472e-09 
6.01814e-10 -4.73376e-09 
4.44885e-09 -4.42172e-10 
3.42217e-09 -4.95468e-09 
-1.17835e-09 -5.40952e-09 
4.51423e-09 -2.18487e-09 
2.33712e-09 -4.06332e-09 
3.56616e-08 -5.09559e-09 
3.91958e-09 -4.84811e-09 
4.02927e-09 -4.61392e-09 
4.705e-09 -4.55758e-09 
2.03371e-09 -6.2435e-09 
2.27856e-09 -7.16858e-09 
4.28643e-09 -4.7634e-09 
6.41231e-09 -7.35314e-09 
8.36404e-09 -4.466e-09 
4.16312e-09 -2.98297e-09 
6.53024e-09 -4.89488e-09 
6.58558e-09 -5.3968e-09 
5.34667e-09 -4.70235e-09 
5.68539e-09 -5.26736e-09 
8.03748e-09 -5.64794e-09 
