-0.0260383 -0.0481887 
-0.307995 -0.0343811 
0.0987695 -3.11556 
0.100675 -0.00761628 
-0.0169761 -0.0971477 
0.0421901 -0.0241156 
0.0332736 -0.027476 
0.149035 0.0415528 
0.0086816 -0.0413902 
0.182717 0.106969 
0.0843376 -0.0438133 
-0.0199396 -0.0240834 
0.125841 -0.013393 
-0.0234398 -0.089403 
0.103137 0.0708262 
-0.107318 -0.0375854 
0.255891 -0.0621776 
-0.0430032 0.0842949 
-0.133231 -0.0436166 
0.0525937 -0.0146438 
-0.0374704 -0.00287398 
-0.0690039 -0.0284004 
0.0555115 -0.0164774 
-0.0519192 0.0170889 
-0.0224059 0.185944 
-0.0113392 -0.133516 
0.0263367 -0.0440515 
-0.200929 0.0166076 
0.0985007 -0.00198667 
0.074258 -0.0285344 
0.130927 -0.0053653 
-0.229799 -0.00536227 
0.0189842 0.0592264 
-0.0715057 -0.0301613 
-0.0793718 0.0112061 
0.0128959 0.00537642 
-0.0225827 -0.00667497 
0.059741 -0.030754 
0.0768375 -0.0238969 
0.0431662 -0.0555181 
0.0524781 -0.0207551 
-0.0265976 -0.0325556 
0.114793 0.203516 
0.398295 0.0303224 
-0.0249407 0.0316906 
0.112521 -0.024463 
0.0152811 -0.0405853 
0.0662116 -0.0933849 
-0.0587996 0.0197944 
0.0753395 -0.0940137 
