3.28272e-09 -4.81658e-09 
2.12659e-09 -4.10845e-09 
3.44535e-09 -4.6578e-09 
5.22299e-09 -4.83042e-09 
4.47764e-09 -4.64805e-09 
4.61574e-09 -4.857e-09 
2.86402e-09 -4.82344e-09 
4.87943e-09 -4.59385e-09 
9.08161e-10 -2.22179e-09 
5.61122e-09 -4.71746e-09 
4.77193e-09 -4.26632e-09 
4.71677e-09 -5.0713e-09 
4.6644e-09 -1.47902e-09 
5.80727e-09 -4.76937e-09 
4.28528e-09 -4.73708e-09 
7.20822e-09 -5.71451e-09 
1.30748e-08 -5.10643e-09 
2.37934e-09 -3.56219e-09 
-3.50914e-09 -5.8323e-10 
3.80283e-09 -4.06178e-09 
3.38931e-09 -3.75999e-09 
6.03427e-09 -5.83145e-09 
1.7322e-10 -4.66327e-09 
4.68508e-09 -4.77453e-09 
-3.26687e-09 -5.1152e-09 
1.9267e-09 -2.73993e-09 
2.98964e-09 -4.73515e-09 
4.40606e-09 -2.88798e-09 
4.01231e-09 -3.86545e-09 
3.21911e-09 -4.73629e-09 
4.33984e-09 -7.02618e-09 
4.01579e-09 -4.95268e-09 
1.17224e-09 -9.69563e-09 
1.49052e-09 -2.84057e-09 
5.0286e-09 -2.36231e-10 
-3.74936e-08 -4.66957e-09 
4.09534e-09 -4.75443e-09 
6.34826e-09 -4.5862e-09 
3.9289e-09 -4.78552e-09 
-5.21905e-09 -4.25867e-09 
4.56748e-09 -4.0903e-09 
3.42744e-09 -4.77899e-09 
3.18918e-09 -4.57008e-09 
4.61118e-09 -4.75742e-09 
4.07785e-09 -6.04161e-09 
9.7709e-10 -4.46846e-09 
4.71269e-09 -4.94925e-09 
3.07704e-10 -4.73084e-09 
4.69838e-09 -4.67418e-09 
3.92864e-09 -5.067e-09 
