-3.88871e-10 1.28645e-09 
1.05599e-09 -1.16905e-09 
-4.30968e-10 -4.5212e-09 
-1.36418e-09 1.84544e-09 
3.44536e-10 -5.1585e-10 
-2.15623e-10 -2.22655e-09 
2.49039e-09 -2.19165e-08 
-4.64126e-09 -8.15899e-09 
-3.09242e-10 -1.26948e-09 
-1.14532e-09 -1.49123e-09 
-2.60962e-10 -2.36594e-09 
-9.33379e-11 -5.15311e-09 
-2.1649e-10 -1.41199e-09 
-2.2164e-10 -1.78187e-09 
-3.85753e-10 -2.90809e-09 
1.22235e-09 -2.31993e-10 
-3.04081e-10 -3.56957e-09 
-1.01308e-09 -1.42304e-09 
4.78385e-10 -7.57344e-09 
-1.49586e-09 -1.87211e-09 
