1.65152e-09 -4.92725e-09 
3.06477e-09 -4.60172e-09 
4.52446e-09 -4.44517e-09 
-8.13675e-10 -4.80715e-09 
4.73858e-09 -4.67576e-09 
4.10652e-09 -4.81484e-09 
2.56337e-09 -4.8042e-09 
3.86079e-09 -4.38933e-09 
7.71583e-09 -6.32942e-09 
5.73984e-09 -4.74968e-09 
4.33276e-09 -4.50797e-09 
4.75699e-09 -4.41092e-09 
4.63962e-09 -1.38302e-08 
6.67576e-09 -4.75735e-09 
4.28528e-09 -4.73708e-09 
4.12757e-09 -5.94175e-09 
-3.65693e-10 -4.93063e-09 
4.87217e-09 -3.31434e-09 
6.61652e-09 -4.92601e-09 
3.96369e-09 -4.04712e-09 
3.78072e-09 -3.02687e-09 
4.70682e-09 -4.26599e-09 
-1.28443e-09 -4.75531e-09 
5.54885e-09 -4.74903e-09 
-5.68177e-09 -5.18283e-09 
2.61277e-09 -3.02366e-09 
3.05938e-09 -4.73929e-09 
4.30544e-09 -4.60343e-09 
3.96131e-09 -4.57014e-09 
1.17953e-09 -4.73745e-09 
4.53683e-09 -4.15923e-09 
3.51932e-09 -5.18343e-09 
-9.41838e-10 -2.2189e-09 
4.8507e-09 5.32702e-10 
3.08104e-09 -2.40058e-09 
1.26937e-08 -5.12452e-09 
4.46859e-09 -4.69123e-09 
5.6367e-09 -4.61298e-09 
5.01705e-09 -4.87702e-09 
-2.45587e-09 -4.40919e-09 
5.4375e-09 -7.36144e-09 
3.71238e-09 -4.77921e-09 
3.23752e-09 -6.75077e-09 
2.37731e-09 -4.59642e-09 
4.18223e-09 -3.97088e-09 
1.71724e-09 -5.05806e-09 
4.00782e-09 -4.45615e-09 
4.23868e-09 -4.68698e-09 
5.08522e-09 -5.03555e-09 
1.0089e-08 -5.30966e-09 
