5.11354e-09 -4.70228e-09 
3.18172e-09 -4.21386e-09 
2.9162e-09 -4.42003e-09 
1.44579e-09 -5.94452e-09 
4.366e-09 -4.74237e-09 
3.72642e-09 -4.79183e-09 
4.53818e-09 -4.75432e-09 
6.03139e-09 -3.85021e-09 
9.88079e-10 -7.55958e-10 
4.71897e-09 -4.81772e-09 
4.42523e-09 -4.56168e-09 
4.19575e-09 -5.72559e-09 
4.43244e-09 -4.02183e-09 
-9.24436e-09 -4.73651e-09 
4.28528e-09 -4.73708e-09 
3.07774e-09 -4.93891e-09 
1.52347e-08 -4.882e-09 
3.53945e-09 -2.21255e-09 
1.13632e-08 -5.22164e-09 
4.21219e-09 -4.33821e-09 
4.34777e-09 -3.92462e-09 
8.27127e-09 -6.26768e-09 
4.78359e-09 -4.90843e-09 
5.1663e-09 -4.75993e-09 
6.78224e-09 -4.82928e-09 
3.02184e-09 -7.10198e-09 
4.28546e-09 -4.73503e-09 
4.60396e-09 -3.11518e-09 
4.34723e-09 -4.37665e-09 
2.15366e-09 -4.73195e-09 
4.20916e-09 -3.81763e-09 
4.35866e-09 -4.80332e-09 
-9.90069e-10 -9.37018e-09 
3.32115e-09 -6.68289e-10 
2.75947e-09 -5.11808e-09 
1.08177e-08 -4.92727e-09 
3.79842e-09 -4.77945e-09 
3.848e-09 -4.41192e-09 
4.66147e-09 -4.50892e-09 
3.68927e-09 -5.5153e-09 
3.89025e-09 -5.28604e-09 
4.16894e-09 -4.80129e-09 
6.62134e-09 -4.43765e-09 
1.29478e-08 -4.65687e-09 
4.06412e-09 -6.73078e-09 
4.38392e-09 -4.29017e-09 
7.15302e-09 -4.88676e-09 
5.36834e-09 -4.74509e-09 
4.83518e-09 -4.61515e-09 
5.96669e-09 -5.23032e-09 
