2.67441e-09 -4.73477e-09 
2.18881e-09 -4.88239e-09 
3.16467e-09 -4.20448e-09 
-1.10041e-09 -4.53725e-09 
4.53772e-09 -4.61132e-09 
4.28993e-09 -4.80014e-09 
3.32741e-09 -4.80308e-09 
4.67103e-09 -4.91614e-09 
-7.69791e-09 -4.62509e-09 
5.72442e-09 -4.78037e-09 
4.25064e-09 -4.39236e-09 
4.93807e-09 -4.4822e-09 
4.69787e-09 -9.38399e-09 
1.36992e-09 -4.7597e-09 
4.28528e-09 -4.73708e-09 
5.05047e-09 -5.2501e-09 
2.43963e-09 -4.77757e-09 
2.89674e-09 -5.27282e-09 
3.53007e-09 1.85724e-10 
4.147e-09 -4.25178e-09 
3.08434e-09 -5.13518e-09 
4.75322e-09 -4.40316e-09 
-2.39567e-09 -4.58662e-09 
5.14095e-09 -4.7313e-09 
-3.22212e-09 -5.07182e-09 
4.4008e-09 -3.9247e-09 
3.42238e-09 -4.7342e-09 
4.114e-09 -3.99052e-09 
4.36135e-09 -4.60997e-09 
-1.17329e-10 -4.73866e-09 
4.69526e-09 -2.62565e-09 
3.57479e-09 -4.80753e-09 
-4.83771e-09 -6.53124e-09 
4.43372e-09 3.78263e-09 
2.90929e-09 5.39112e-11 
-1.57763e-08 -5.09279e-09 
4.34164e-09 -4.73278e-09 
7.08794e-09 -4.72215e-09 
4.88331e-09 -4.85051e-09 
-4.44499e-09 -4.66025e-09 
3.08672e-09 -6.69755e-09 
3.94386e-09 -4.70215e-09 
2.92871e-09 -7.05579e-09 
6.35821e-09 -4.68227e-09 
4.0689e-09 -3.83368e-09 
2.16189e-09 -4.5324e-09 
4.17736e-09 -4.94652e-09 
-1.73065e-11 -4.67838e-09 
4.86251e-09 -5.06129e-09 
9.87485e-09 -5.01496e-09 
