3.37359e-09 -4.83538e-09 
3.53347e-09 -4.99119e-09 
5.09056e-09 -4.45765e-09 
2.40099e-10 -5.61397e-09 
4.33683e-09 -4.67437e-09 
4.00688e-09 -4.80215e-09 
3.5302e-09 -4.76528e-09 
4.16614e-09 -4.10925e-09 
7.97785e-09 -3.2694e-09 
5.28142e-09 -4.87381e-09 
4.55993e-09 -4.73943e-09 
3.96848e-09 -5.32277e-09 
4.26509e-09 -8.53489e-09 
-4.87477e-09 -4.71605e-09 
4.28528e-09 -4.73708e-09 
2.70455e-09 -5.50269e-09 
1.92815e-09 -4.93321e-09 
1.40653e-09 -3.65838e-09 
1.69767e-08 -8.39714e-09 
3.97207e-09 -4.5822e-09 
3.11742e-09 -2.24778e-09 
7.19923e-09 -4.90476e-09 
-3.25107e-09 -5.15579e-09 
5.16552e-09 -4.76771e-09 
9.669e-09 -4.7466e-09 
2.76047e-09 -5.56302e-09 
3.84335e-09 -4.73518e-09 
4.9988e-09 -2.48856e-09 
3.97113e-09 -3.8105e-09 
2.59532e-09 -4.73048e-09 
4.04832e-09 -4.04377e-09 
3.91575e-09 -4.77645e-09 
6.94455e-09 -7.96906e-09 
2.94777e-09 -4.22413e-09 
3.6699e-09 -6.2559e-09 
-1.5983e-08 -5.2151e-09 
3.70716e-09 -4.82202e-09 
4.21791e-09 -4.39964e-09 
4.59949e-09 -4.5757e-09 
7.2216e-09 -4.7158e-09 
4.92878e-09 -7.36084e-09 
3.71431e-09 -4.82332e-09 
6.12596e-09 -4.42788e-09 
-5.46832e-10 -4.62249e-09 
4.1722e-09 -7.61681e-09 
2.88744e-09 -4.79588e-09 
6.87106e-09 -4.51567e-09 
7.92901e-09 -4.72733e-09 
5.1186e-09 -4.71257e-09 
2.6869e-09 -5.58492e-09 
