3.7033e-09 -4.81663e-09 
3.4821e-09 -3.32258e-09 
4.4019e-09 -4.50163e-09 
2.60453e-09 -5.2982e-09 
4.31702e-09 -4.60305e-09 
4.01998e-09 -4.77136e-09 
3.2791e-09 -4.81131e-09 
4.70003e-09 -4.17729e-09 
-5.13635e-09 -2.63951e-09 
5.37446e-09 -4.81466e-09 
4.50303e-09 -4.69594e-09 
4.32422e-09 -4.76801e-09 
4.46466e-09 -4.22605e-09 
-1.06816e-10 -4.7861e-09 
4.28528e-09 -4.73708e-09 
1.85923e-09 -5.28408e-09 
1.18784e-08 -4.92106e-09 
-6.05245e-10 -3.17675e-09 
7.54732e-09 -6.52054e-09 
4.15231e-09 -5.17772e-09 
4.2975e-09 -4.68296e-09 
6.4664e-09 -5.90933e-09 
9.01831e-09 -4.71127e-09 
3.86675e-09 -4.79352e-09 
-3.51823e-09 -4.73029e-09 
3.94651e-09 -5.52531e-09 
3.10743e-09 -4.73343e-09 
4.643e-09 -4.64817e-09 
4.0186e-09 -4.41334e-09 
4.71884e-09 -4.72858e-09 
4.54445e-09 -4.60502e-09 
4.01213e-09 -4.86187e-09 
-1.02715e-08 -4.23341e-09 
2.54002e-09 -3.89241e-09 
4.52577e-09 -3.93358e-09 
2.30556e-09 -5.14305e-09 
3.5946e-09 -4.80301e-09 
5.1812e-09 -4.67409e-09 
5.28239e-09 -4.61876e-09 
1.69836e-09 -5.40579e-09 
2.80869e-09 -4.79738e-09 
3.80141e-09 -4.80373e-09 
4.6407e-09 -5.08311e-09 
3.61768e-11 -4.65299e-09 
3.98337e-09 -2.16812e-09 
4.3422e-09 -4.37515e-09 
1.00131e-08 -5.16787e-09 
8.44331e-10 -4.71667e-09 
5.81863e-09 -5.0044e-09 
-5.40267e-10 -5.65321e-09 
