-0.0538797 0.0473329 
0.0614308 -0.0221379 
0.169172 -3.64645 
0.119373 -0.0286829 
-0.00769887 -0.051164 
0.0856443 -0.034384 
0.0672905 -0.0300042 
-0.28336 0.0122778 
-0.0482496 -0.0494836 
-0.112107 0.0851488 
0.247049 -0.073459 
0.0454517 -0.0338546 
0.185531 -0.0310242 
-0.119834 -0.105686 
0.0885155 0.106672 
-0.124728 -0.0263603 
-0.114574 -0.077345 
-0.0290943 0.0178573 
-0.0451481 -0.0283678 
0.120673 -0.0336905 
-0.154977 -0.0191167 
-0.0828772 -0.0352407 
-0.0547834 -0.0602624 
-0.0514333 -0.0211298 
0.0353875 0.0584263 
-0.199801 0.105995 
0.0745197 -0.052432 
-0.275737 -0.0196194 
0.10573 -0.0188652 
-0.170611 -0.0362617 
0.272351 -0.0484962 
-0.0655136 -0.000576895 
-0.0390475 0.0116787 
-0.0405236 -0.0456895 
-0.0144184 -0.0200052 
-0.0274323 -0.0226759 
-0.0773444 -0.0417889 
0.0525611 -0.0432519 
-0.0151996 -0.00742627 
0.00876375 -0.0936988 
0.0521633 -0.0280641 
-0.0281487 -0.0767395 
-0.0621658 -0.167336 
0.151973 -0.062558 
0.0196582 -0.00137012 
0.226922 -0.0242603 
-0.127461 -0.0599913 
0.0785943 -0.119738 
-0.234579 -0.00572284 
0.0161751 -0.0756134 
