3.24287e-09 -4.85456e-09 
1.8546e-09 -5.87009e-09 
3.79463e-09 -4.15028e-09 
5.84451e-10 -5.32875e-09 
4.53413e-09 -4.78896e-09 
4.06916e-09 -4.89382e-09 
3.1e-09 -4.77633e-09 
4.89003e-09 -4.78466e-09 
6.59136e-09 -4.26422e-09 
6.39817e-09 -4.69062e-09 
4.13573e-09 -4.46391e-09 
4.44126e-09 -5.17384e-09 
4.50194e-09 -1.31944e-08 
-3.74572e-09 -4.71769e-09 
4.28528e-09 -4.73708e-09 
3.89032e-09 -4.8138e-09 
1.5112e-08 -4.69579e-09 
3.21441e-09 -5.2476e-09 
6.47314e-09 -3.49641e-09 
4.18974e-09 -3.43845e-09 
3.74999e-09 -4.10839e-09 
6.73765e-09 -5.84899e-09 
-8.79497e-09 -5.09959e-09 
5.18448e-09 -4.71056e-09 
-3.93454e-09 -4.86227e-09 
3.70274e-09 -4.41479e-09 
4.87005e-09 -4.73549e-09 
4.47627e-09 -3.09067e-09 
3.95956e-09 -4.47705e-09 
-2.13422e-09 -4.73788e-09 
4.11398e-09 -4.47572e-10 
4.21469e-09 -5.11645e-09 
7.685e-09 -7.69567e-09 
4.38013e-09 -1.03731e-09 
3.53851e-09 -1.10019e-09 
-4.60615e-09 -5.15838e-09 
4.59719e-09 -4.72747e-09 
5.92203e-09 -4.69172e-09 
4.44421e-09 -4.73202e-09 
-6.28533e-09 -4.732e-09 
3.97846e-09 -4.80301e-09 
4.24736e-09 -4.79678e-09 
5.65561e-09 -5.36122e-09 
9.64724e-09 -4.6265e-09 
4.15007e-09 -7.96472e-09 
-1.36577e-10 -4.76988e-09 
2.19731e-09 -4.80152e-09 
3.64532e-09 -4.69017e-09 
4.52784e-09 -4.81097e-09 
1.15726e-08 -4.67418e-09 
