1.2643e-10 -3.44757e-09 
9.83256e-11 1.74861e-09 
-1.37241e-09 -5.46118e-09 
4.6879e-10 -2.93785e-09 
2.46913e-10 -4.79635e-10 
-3.49151e-10 1.44858e-09 
2.34808e-09 -1.13013e-08 
-5.76372e-09 -5.71237e-10 
-7.12156e-11 -8.61371e-10 
2.88926e-09 -6.00129e-10 
-1.02612e-09 1.05722e-09 
2.03307e-10 3.35784e-09 
-1.03375e-09 -3.49691e-10 
-3.74617e-10 6.72557e-10 
-1.82531e-10 4.11449e-10 
-4.09405e-10 1.68212e-09 
-5.02116e-10 -3.13966e-09 
-2.49248e-10 -1.51048e-10 
-5.77758e-10 6.11482e-10 
7.15035e-10 2.84507e-10 
