4.171e-09 -4.66068e-09 
2.55836e-09 -3.07441e-09 
4.37445e-09 -4.53159e-09 
1.37471e-09 -6.75904e-09 
4.66736e-09 -4.78055e-09 
4.03327e-09 -4.77443e-09 
3.20975e-09 -4.78473e-09 
4.43434e-09 -4.4239e-09 
-1.41298e-08 -2.67792e-09 
6.4076e-09 -4.68013e-09 
4.0423e-09 -4.76898e-09 
4.47632e-09 -4.74461e-09 
4.69968e-09 -1.10364e-09 
8.01272e-09 -4.73637e-09 
4.28528e-09 -4.73708e-09 
3.37082e-09 -6.89184e-09 
3.3549e-09 -4.9453e-09 
6.26673e-10 -4.09789e-10 
6.89176e-09 -1.22062e-09 
3.76308e-09 -4.01288e-09 
3.11347e-09 -5.75897e-09 
6.88408e-09 -4.20612e-09 
1.22565e-08 -4.51795e-09 
5.23211e-09 -4.78483e-09 
9.96778e-09 -4.98851e-09 
5.76948e-09 -4.88748e-09 
3.51198e-09 -4.73323e-09 
4.29627e-09 -4.34966e-09 
4.19654e-09 -4.20469e-09 
1.80264e-09 -4.73388e-09 
4.5941e-09 -2.94227e-09 
3.63348e-09 -4.70182e-09 
-4.78062e-09 -6.42231e-09 
3.28387e-09 -7.53635e-09 
3.40133e-09 -1.4999e-10 
1.18223e-09 -4.93732e-09 
3.94704e-09 -4.71303e-09 
6.68359e-09 -4.54799e-09 
4.83057e-09 -4.60982e-09 
-2.85602e-09 -5.31372e-09 
3.30923e-09 -4.03551e-09 
3.85712e-09 -4.75643e-09 
4.64978e-09 -6.14069e-09 
6.23151e-09 -4.62615e-09 
4.1066e-09 -5.25178e-09 
7.11221e-09 -4.70741e-09 
3.17847e-09 -5.56791e-09 
1.85624e-09 -4.70758e-09 
6.49773e-09 -4.95967e-09 
7.79719e-09 -5.09972e-09 
