3.91381e-09 -4.87044e-09 
4.34457e-09 -2.98395e-09 
4.375e-09 -4.65342e-09 
1.94611e-09 -6.20648e-09 
4.4558e-09 -4.65636e-09 
4.20642e-09 -4.72197e-09 
3.54931e-09 -4.72872e-09 
4.59868e-09 -4.23162e-09 
2.31065e-09 -4.61835e-09 
3.90917e-09 -4.68144e-09 
4.80489e-09 -4.81891e-09 
4.70611e-09 -4.50537e-09 
4.21066e-09 -2.73229e-08 
5.1668e-09 -4.74892e-09 
4.28528e-09 -4.73708e-09 
3.3286e-09 -4.62855e-09 
4.48243e-09 -5.05341e-09 
3.36607e-09 -3.43353e-09 
3.48591e-09 -5.246e-09 
4.20826e-09 -4.26885e-09 
4.61292e-09 -2.86721e-09 
5.91334e-09 -4.822e-09 
-8.24011e-09 -4.75355e-09 
4.59954e-09 -4.78463e-09 
1.10363e-08 -5.36739e-09 
3.0241e-09 -5.09906e-09 
2.65834e-09 -4.73818e-09 
4.32472e-09 -4.38738e-09 
3.80719e-09 -4.2607e-09 
5.73351e-09 -4.73787e-09 
4.36009e-09 -3.84929e-09 
3.70397e-09 -4.55359e-09 
-2.77654e-09 -5.63322e-09 
2.24594e-09 8.18892e-09 
4.32934e-09 -5.05051e-09 
5.29903e-09 -5.03922e-09 
3.91785e-09 -4.79983e-09 
6.85406e-09 -4.55143e-09 
5.87724e-09 -4.60617e-09 
-4.36346e-09 -4.66679e-09 
3.00689e-09 -1.03853e-08 
3.93492e-09 -4.73463e-09 
5.10758e-09 -5.01661e-09 
6.9745e-09 -4.7663e-09 
4.0268e-09 -4.49651e-09 
8.67953e-10 -4.51143e-09 
6.00941e-09 -5.55379e-09 
2.4118e-09 -4.74794e-09 
3.79335e-09 -4.85531e-09 
1.21342e-08 -5.3558e-09 
