-1.18927e-09 3.64811e-09 
2.95335e-10 -3.31438e-10 
-1.17798e-09 2.8479e-09 
-5.01418e-10 -1.22373e-09 
-3.54173e-10 -4.96255e-10 
-1.38703e-09 2.57542e-10 
8.17589e-10 -1.12012e-08 
-2.11934e-09 -3.89994e-09 
-5.04015e-10 -1.46969e-09 
1.55554e-09 -3.27422e-10 
-7.52114e-10 -4.8858e-10 
-6.93632e-10 2.0591e-09 
-6.8155e-10 -8.48855e-10 
-7.82578e-10 -1.80221e-10 
-1.49194e-09 -9.68856e-10 
4.27566e-10 9.97591e-10 
-8.66348e-10 -1.67092e-09 
-4.26082e-10 -2.53443e-10 
-7.7439e-10 -4.58204e-09 
-5.73345e-10 8.74197e-10 
