3.07562e-09 -4.79598e-09 
2.78198e-09 -3.44114e-09 
4.37254e-09 -4.43951e-09 
-2.68203e-09 -7.00187e-09 
4.43491e-09 -4.76368e-09 
3.80841e-09 -4.69625e-09 
3.19858e-09 -4.84364e-09 
5.00508e-09 -4.35391e-09 
-4.81065e-09 -1.56562e-09 
3.48612e-09 -4.74127e-09 
4.64914e-09 -4.40457e-09 
5.06165e-09 -4.20571e-09 
4.07903e-09 3.37902e-09 
7.60608e-09 -4.76886e-09 
4.28528e-09 -4.73708e-09 
3.76256e-09 -5.44731e-09 
1.25437e-09 -5.17989e-09 
2.76108e-09 -2.92804e-09 
7.71595e-09 -3.30233e-09 
4.33473e-09 -4.38888e-09 
4.01976e-09 -2.50165e-09 
3.68394e-09 -3.97641e-09 
1.67621e-09 -4.84108e-09 
5.18193e-09 -4.81472e-09 
8.63054e-09 -4.8684e-09 
4.55112e-09 -4.67238e-09 
2.6397e-09 -4.73393e-09 
4.28799e-09 -5.38725e-09 
4.07186e-09 -3.93664e-09 
-3.60749e-09 -4.73148e-09 
4.5485e-09 -5.22209e-09 
3.74713e-09 -5.32376e-09 
-5.84412e-09 -5.39705e-09 
3.55976e-09 2.49542e-09 
2.76879e-09 -5.42651e-09 
-7.93022e-09 -5.0759e-09 
4.27448e-09 -4.73843e-09 
6.02912e-09 -4.67595e-09 
4.48888e-09 -4.56189e-09 
-2.12684e-09 -4.06562e-09 
3.38418e-09 -6.97725e-09 
4.26247e-09 -4.75249e-09 
4.88199e-09 -5.49146e-09 
7.15139e-09 -4.61351e-09 
4.16767e-09 -2.47715e-09 
2.78498e-09 -4.65441e-09 
3.75687e-09 -4.89523e-09 
2.84076e-09 -4.72784e-09 
4.90524e-09 -4.89161e-09 
1.11369e-08 -5.16832e-09 
