2.53009e-09 -4.71339e-09 
2.49746e-09 -6.47572e-09 
4.26109e-09 -4.53762e-09 
-1.14933e-09 -5.11144e-09 
4.53377e-09 -4.79886e-09 
4.02812e-09 -4.73895e-09 
3.69282e-09 -4.85221e-09 
4.79709e-09 -4.25608e-09 
-8.49643e-09 -3.82223e-09 
5.02696e-09 -4.86191e-09 
4.03751e-09 -4.13384e-09 
4.02443e-09 -5.96842e-09 
4.89436e-09 1.11375e-08 
-6.95372e-09 -4.76408e-09 
4.28528e-09 -4.73708e-09 
2.79466e-09 -5.04957e-09 
7.62157e-09 -4.82165e-09 
1.38759e-09 -2.73777e-09 
1.04508e-08 -3.3077e-09 
4.21136e-09 -3.74811e-09 
3.82659e-09 -4.45881e-09 
4.3112e-09 -5.93578e-09 
1.07066e-08 -5.00007e-09 
5.62339e-09 -4.74103e-09 
-7.18321e-09 -4.38003e-09 
3.43177e-09 -5.05569e-09 
4.16319e-09 -4.73227e-09 
4.56318e-09 -1.34368e-09 
4.21397e-09 -4.59007e-09 
-2.46713e-09 -4.73132e-09 
4.37361e-09 -1.04208e-10 
3.99219e-09 -5.09252e-09 
2.79903e-09 -8.97763e-09 
4.47037e-09 -1.07077e-08 
3.37504e-09 2.26704e-09 
-2.92189e-08 -5.05758e-09 
4.20039e-09 -4.77061e-09 
3.84792e-09 -4.46384e-09 
3.96801e-09 -4.71203e-09 
4.10423e-09 -6.48353e-09 
3.7456e-09 -3.01258e-09 
3.81231e-09 -4.82985e-09 
4.74809e-09 -6.18237e-09 
5.54099e-09 -4.65055e-09 
4.38022e-09 -6.58504e-09 
4.71222e-09 -4.76296e-09 
5.31633e-09 -4.44266e-09 
4.48368e-09 -4.70118e-09 
5.91886e-09 -4.83986e-09 
6.52847e-09 -4.64878e-09 
