1.92282e-09 -4.76241e-09 
2.49372e-09 -2.84449e-09 
4.30972e-09 -4.32236e-09 
5.16303e-10 -7.18768e-09 
4.31713e-09 -4.8433e-09 
4.08872e-09 -4.93154e-09 
4.15393e-09 -4.83915e-09 
5.62231e-09 -4.43991e-09 
-1.52968e-09 -2.95255e-09 
4.33595e-09 -4.63432e-09 
4.33902e-09 -4.93912e-09 
5.50753e-09 -4.25245e-09 
3.99876e-09 -1.74619e-08 
1.3323e-08 -4.74705e-09 
4.28528e-09 -4.73708e-09 
3.70998e-09 -6.29604e-09 
1.62323e-09 -5.25635e-09 
2.02364e-09 -4.5724e-09 
2.94281e-09 -3.87642e-09 
4.16387e-09 -4.93961e-09 
4.15434e-09 -3.6037e-09 
4.73498e-09 -4.13845e-09 
-1.76383e-09 -4.67407e-09 
4.96887e-09 -4.77022e-09 
1.34459e-08 -5.16828e-09 
4.49008e-09 -5.32663e-09 
3.68448e-09 -4.7352e-09 
4.47082e-09 -4.737e-09 
4.14886e-09 -4.63168e-09 
3.41728e-09 -4.73515e-09 
4.61269e-09 -1.69275e-09 
4.51837e-09 -4.87109e-09 
-3.63497e-10 -4.54184e-09 
3.22782e-09 -5.52473e-09 
2.50601e-09 -8.54934e-09 
-1.6427e-08 -4.68586e-09 
3.93738e-09 -4.78748e-09 
4.41345e-09 -4.62543e-09 
4.52549e-09 -4.5993e-09 
-1.10379e-08 -4.95315e-09 
2.93731e-09 -5.3184e-09 
4.50033e-09 -4.75271e-09 
4.83463e-09 -4.84992e-09 
4.33182e-09 -4.61438e-09 
3.90169e-09 -4.30265e-09 
3.08815e-09 -4.55764e-09 
4.81968e-09 -5.28104e-09 
3.25757e-09 -4.7089e-09 
4.15503e-09 -4.76937e-09 
5.44264e-09 -5.3649e-09 
