-1.24666e-09 2.01978e-09 
4.68634e-10 -2.93164e-09 
1.20731e-09 6.64576e-09 
-1.2093e-09 8.24623e-10 
9.91241e-11 -4.80516e-10 
-1.64766e-09 -9.83125e-10 
-1.41527e-09 -8.91224e-09 
9.5224e-10 -4.56976e-09 
-7.8439e-10 -1.77909e-09 
7.69809e-10 -4.27079e-10 
8.90262e-10 1.56358e-09 
-1.14668e-09 -2.02829e-09 
-1.62505e-11 -9.95472e-10 
-8.08703e-10 -1.09814e-09 
1.49287e-10 -1.15373e-09 
-2.20529e-09 8.392e-10 
-1.01268e-09 7.50006e-10 
-6.6585e-10 -4.87564e-10 
-7.36527e-10 -1.01987e-09 
-1.18288e-09 8.13195e-10 
