4.59906e-09 -4.91941e-09 
5.09327e-09 -5.35398e-09 
4.24525e-09 -4.69445e-09 
5.48735e-09 -6.22179e-09 
4.64669e-09 -4.55887e-09 
4.28764e-09 -4.71148e-09 
3.83858e-09 -4.68546e-09 
3.41994e-09 -4.57899e-09 
4.84204e-09 -5.44203e-09 
7.31999e-09 -5.02082e-09 
4.47055e-09 -4.22814e-09 
3.59278e-09 -5.76419e-09 
5.65671e-09 -3.68471e-09 
-1.3245e-08 -4.74904e-09 
4.28528e-09 -4.73708e-09 
3.61859e-09 -4.64565e-09 
3.62987e-09 -4.60533e-09 
4.30967e-10 -2.67044e-09 
8.40447e-09 -5.60018e-09 
4.24862e-09 -4.62154e-09 
3.93218e-09 -3.24174e-09 
6.54163e-09 -5.62379e-09 
3.23532e-09 -5.01026e-09 
5.02882e-09 -4.75072e-09 
-6.2863e-09 -4.49409e-09 
6.67302e-09 -5.13041e-09 
3.61283e-09 -4.73548e-09 
4.47302e-09 -1.69484e-09 
4.22721e-09 -3.98687e-09 
-4.60677e-09 -4.73443e-09 
4.27884e-09 -9.92689e-10 
3.0605e-09 -4.97075e-09 
-9.72938e-09 -1.08563e-08 
5.20658e-09 -1.07055e-09 
4.85069e-09 4.29419e-09 
-1.00613e-08 -4.9422e-09 
4.21092e-09 -4.76755e-09 
5.90064e-09 -4.40855e-09 
5.38658e-09 -4.66814e-09 
2.58124e-09 -5.53863e-09 
4.17507e-09 -4.66043e-09 
3.44167e-09 -4.7358e-09 
4.50371e-09 -7.42992e-09 
5.9822e-09 -4.65166e-09 
4.03919e-09 -4.60394e-09 
2.3203e-09 -4.81229e-09 
6.44654e-09 -4.26826e-09 
4.79047e-09 -4.70929e-09 
6.21368e-09 -4.87442e-09 
8.71599e-09 -4.70686e-09 
