3.39721e-09 -4.82618e-09 
-4.2992e-10 -3.18927e-09 
4.2879e-09 -3.92773e-09 
3.64206e-09 -4.51232e-09 
4.22686e-09 -4.73548e-09 
3.34824e-09 -5.04021e-09 
3.99212e-09 -4.84858e-09 
5.39518e-09 -4.79809e-09 
1.96386e-10 -3.03629e-10 
3.67901e-09 -4.85322e-09 
4.03986e-09 -4.83718e-09 
5.75387e-09 -4.54407e-09 
4.85048e-09 -1.12234e-08 
1.31622e-08 -4.74985e-09 
4.28528e-09 -4.73708e-09 
3.73227e-09 -6.04875e-09 
-4.66579e-10 -4.87308e-09 
1.06665e-09 -3.41487e-09 
3.61948e-09 -5.38523e-09 
4.37527e-09 -3.41822e-09 
4.55653e-09 -2.43277e-09 
8.53088e-09 -5.24771e-09 
5.35261e-09 -4.97579e-09 
4.3542e-09 -4.77552e-09 
5.27351e-09 -5.11828e-09 
5.94159e-09 -4.68234e-09 
3.73919e-09 -4.73164e-09 
4.47951e-09 -3.39183e-09 
4.04135e-09 -4.40855e-09 
7.23891e-09 -4.73668e-09 
4.66154e-09 -4.60935e-09 
3.39838e-09 -4.58919e-09 
-1.25015e-09 -3.25044e-09 
4.46411e-09 -5.84605e-09 
2.09037e-09 -1.73032e-09 
-2.55336e-08 -5.06589e-09 
4.036e-09 -4.79003e-09 
3.95164e-09 -4.68303e-09 
4.79995e-09 -4.72351e-09 
-6.14973e-09 -5.14436e-09 
2.19064e-09 -7.67157e-09 
3.50543e-09 -4.83282e-09 
4.14917e-09 -6.87766e-09 
4.08625e-09 -4.83915e-09 
4.36168e-09 -4.31604e-09 
1.99225e-09 -4.65476e-09 
7.48909e-09 -5.28269e-09 
2.42828e-09 -4.74494e-09 
5.08098e-09 -4.90174e-09 
1.52007e-08 -5.52927e-09 
