3.13556e-09 -4.91422e-09 
5.61614e-10 -6.12955e-09 
4.28775e-09 -4.22319e-09 
6.05634e-09 -6.41454e-09 
4.77706e-09 -4.64781e-09 
4.39671e-09 -5.11987e-09 
3.71133e-09 -4.68407e-09 
4.39549e-09 -4.9988e-09 
1.74339e-09 -3.22379e-09 
3.8185e-09 -4.93146e-09 
4.14982e-09 -4.48286e-09 
3.74396e-09 -5.86657e-09 
5.22738e-09 -1.06613e-08 
2.9193e-09 -4.74478e-09 
4.28528e-09 -4.73708e-09 
2.96785e-09 -5.9129e-09 
4.36026e-09 -4.64501e-09 
9.54272e-11 -4.68817e-09 
3.62052e-09 -8.40118e-09 
3.95478e-09 -4.01925e-09 
3.77678e-09 -4.20562e-09 
6.03087e-09 -5.27581e-09 
6.43671e-09 -4.93625e-09 
4.59777e-09 -4.80523e-09 
5.04264e-09 -4.73638e-09 
3.85435e-09 -5.04559e-09 
3.7215e-09 -4.73393e-09 
4.55379e-09 -2.94103e-09 
4.30254e-09 -4.25747e-09 
3.88597e-09 -4.73504e-09 
4.18142e-09 7.21784e-10 
3.41162e-09 -5.25885e-09 
-6.24063e-09 -3.63369e-09 
3.39901e-09 -1.14827e-08 
3.95547e-09 2.93476e-10 
-1.69338e-08 -4.97501e-09 
4.12668e-09 -4.78278e-09 
5.20406e-09 -4.80688e-09 
4.13939e-09 -4.80079e-09 
1.16218e-09 -5.18366e-09 
3.43897e-09 -7.24691e-09 
3.56658e-09 -4.77829e-09 
4.42793e-09 -5.48667e-09 
4.6422e-09 -4.68466e-09 
4.14583e-09 -4.25734e-09 
1.22896e-09 -4.72889e-09 
4.74824e-09 -4.61668e-09 
2.37908e-09 -4.72351e-09 
4.58174e-09 -4.95527e-09 
3.9406e-09 -5.36173e-09 
