0.0711822 -0.0802541 
0.197207 -0.0622289 
-0.231879 1.44764 
-0.0432109 0.0266285 
-0.0230753 -0.0446261 
0.00198124 -0.102282 
-0.0963027 -0.0835732 
0.252808 0.210248 
0.0110222 -0.0596671 
-0.00507661 -0.0564184 
-0.0536035 -0.085662 
-0.0114259 -0.0883295 
0.0348985 -0.131857 
0.0825073 -0.0617862 
-0.247593 0.00930664 
0.0905099 -0.0784027 
0.0788127 -0.0773608 
-0.0894529 0.013429 
0.066076 -0.10219 
-0.0613839 -0.0475332 
0.0201114 -0.0509486 
-0.0848289 -0.0548659 
0.0710162 -0.0109313 
0.093993 -0.0721865 
-0.0816064 0.0548888 
-0.0992617 -0.129168 
-0.0184338 -0.0881251 
-0.135572 -0.112032 
-0.183296 -0.0386829 
0.0687448 -0.0766312 
-0.210056 -0.121573 
0.114418 -0.0493351 
0.072092 -0.0476855 
-0.0542605 -0.0727396 
-0.0056385 -0.101718 
0.0412026 -0.0281472 
-0.00852146 -0.0388453 
0.0287676 -0.0771252 
0.038306 -0.0810728 
0.0259475 -0.0720745 
0.0430785 -0.0963318 
0.0341588 0.0256016 
-0.0949094 -0.243491 
-0.302392 -0.0250324 
0.0373302 -0.119701 
-0.087071 -0.0940632 
-0.0791239 0.108584 
-0.029179 -0.0678904 
-0.049133 -0.00801093 
-0.0215885 -0.069694 
