3.31121e-09 -4.79641e-09 
1.11999e-09 -2.44577e-09 
4.27044e-09 -4.09699e-09 
-2.27565e-09 -5.18175e-09 
4.61464e-09 -4.74939e-09 
3.67563e-09 -4.9915e-09 
4.03414e-09 -5.03484e-09 
5.21713e-09 -4.68554e-09 
-1.47651e-09 -4.07415e-09 
7.8764e-09 -4.87534e-09 
4.21344e-09 -4.6094e-09 
4.88734e-09 -3.92771e-09 
3.44396e-09 -6.41986e-09 
1.15235e-08 -4.76807e-09 
4.28528e-09 -4.73708e-09 
3.1196e-09 -5.19871e-09 
3.00642e-09 -4.94059e-09 
4.49762e-09 -2.30786e-09 
6.65883e-09 -3.6354e-09 
4.33515e-09 -4.76569e-09 
4.31865e-09 -2.8411e-09 
7.56589e-09 -5.05062e-09 
-4.29555e-09 -5.12951e-09 
4.90659e-09 -4.78024e-09 
6.74286e-09 -5.22351e-09 
5.3646e-09 -5.15109e-09 
3.81944e-09 -4.73087e-09 
4.18718e-09 -2.93791e-09 
3.96586e-09 -4.63132e-09 
4.8127e-09 -4.73544e-09 
4.78726e-09 -7.81989e-09 
3.46049e-09 -4.61465e-09 
-7.30473e-09 -2.90883e-09 
4.25626e-09 -1.34685e-09 
3.73023e-09 -5.53528e-09 
-2.17451e-08 -4.7946e-09 
4.3975e-09 -4.75377e-09 
3.09177e-09 -4.4678e-09 
5.85304e-09 -4.3965e-09 
-8.36825e-09 -5.11832e-09 
3.42852e-09 -4.86587e-09 
4.27694e-09 -4.73552e-09 
3.94838e-09 -7.87136e-09 
4.32675e-09 -5.00266e-09 
3.99427e-09 -5.84997e-09 
4.28846e-09 -4.6856e-09 
9.89376e-09 -5.48464e-09 
3.74859e-09 -4.72699e-09 
4.597e-09 -4.85571e-09 
1.294e-08 -4.94224e-09 
