4.26837e-09 -4.83531e-09 
4.16401e-09 -5.44651e-09 
4.28009e-09 -2.78547e-09 
4.10488e-09 -6.81609e-09 
4.26511e-09 -4.60451e-09 
4.01017e-09 -4.82995e-09 
3.76761e-09 -4.62203e-09 
5.14863e-09 -4.20202e-09 
3.72298e-09 -3.12721e-09 
4.53051e-09 -4.7129e-09 
5.85188e-09 -4.30308e-09 
3.84556e-09 -4.64304e-09 
5.13443e-09 -6.38907e-09 
8.49482e-09 -4.76351e-09 
4.28528e-09 -4.73708e-09 
4.85673e-09 -3.74274e-09 
7.68559e-09 -4.69012e-09 
3.92812e-09 -4.39457e-09 
9.88346e-09 -4.8558e-09 
3.911e-09 -3.8566e-09 
4.09844e-09 -2.93896e-09 
1.4609e-09 -4.9466e-09 
1.65257e-10 -4.56075e-09 
5.81387e-09 -4.72822e-09 
3.31383e-09 -4.72471e-09 
2.14374e-09 -4.57331e-09 
4.48267e-09 -4.73541e-09 
4.34823e-09 -2.3458e-09 
4.15222e-09 -4.73751e-09 
3.45941e-09 -4.73564e-09 
3.81642e-09 1.69303e-09 
4.60918e-09 -4.96446e-09 
7.23712e-09 2.30355e-09 
3.71543e-10 -2.52372e-09 
3.93054e-09 -8.48876e-10 
-9.24872e-09 -5.46564e-09 
4.28412e-09 -4.78132e-09 
1.43572e-08 -4.87115e-09 
1.9453e-09 -4.69447e-09 
3.80464e-09 -5.34556e-09 
2.30414e-09 -8.77542e-09 
4.07015e-09 -4.69987e-09 
5.06703e-09 -5.95776e-09 
-4.47223e-10 -4.77715e-09 
4.39276e-09 -5.60037e-09 
2.40058e-09 -4.65451e-09 
4.9131e-09 -5.19097e-09 
3.4422e-09 -4.74046e-09 
5.80154e-09 -5.19188e-09 
5.68773e-09 -4.7987e-09 
