5.40692e-09 -4.75075e-09 
1.93143e-09 -3.56808e-09 
4.28156e-09 -3.41393e-09 
2.24058e-09 -6.11825e-09 
4.13133e-09 -4.7621e-09 
3.66352e-09 -4.94152e-09 
4.11468e-09 -4.88043e-09 
5.87158e-09 -4.90268e-09 
-3.59964e-09 -2.8839e-09 
7.50962e-09 -4.84832e-09 
7.0021e-09 -4.47962e-09 
5.0054e-09 -4.73109e-09 
4.6614e-09 -3.14721e-09 
4.03628e-09 -4.75254e-09 
4.28528e-09 -4.73708e-09 
4.23836e-09 -3.30438e-09 
9.75603e-09 -4.81819e-09 
2.27621e-09 -4.22256e-09 
1.74414e-09 -3.37509e-09 
3.8367e-09 -4.4867e-09 
4.30927e-09 -1.61593e-09 
7.50693e-09 -4.49619e-09 
5.44369e-09 -4.7908e-09 
4.34933e-09 -4.73153e-09 
-3.97157e-09 -4.84926e-09 
2.53389e-09 -4.75619e-09 
3.89697e-09 -4.73882e-09 
4.20321e-09 -6.14627e-10 
4.19762e-09 -4.24478e-09 
-4.61049e-09 -4.73511e-09 
4.17194e-09 1.85294e-09 
4.30575e-09 -4.60833e-09 
1.21675e-08 1.79288e-09 
2.69225e-09 1.7063e-10 
2.82355e-09 -2.40866e-09 
-7.95954e-09 -6.03802e-09 
3.96355e-09 -4.76668e-09 
1.79042e-08 -4.77702e-09 
4.9061e-09 -4.61188e-09 
-8.85143e-09 -5.78794e-09 
3.37129e-09 -5.28604e-09 
4.41075e-09 -4.73612e-09 
4.97994e-09 -4.23986e-09 
7.48977e-09 -4.41595e-09 
4.24762e-09 -4.80316e-09 
3.93853e-09 -4.74455e-09 
3.37648e-09 -5.08121e-09 
3.92429e-09 -4.72534e-09 
5.50147e-09 -5.22987e-09 
1.06023e-08 -5.67863e-09 
