3.23378e-09 -4.86143e-09 
3.37696e-09 -3.60141e-09 
4.27413e-09 -5.18849e-09 
-8.6111e-10 -5.58035e-09 
4.90966e-09 -4.72942e-09 
3.9644e-09 -4.89285e-09 
3.2468e-09 -4.82045e-09 
4.95897e-09 -4.60638e-09 
2.43188e-09 -3.55131e-09 
5.14921e-09 -4.87813e-09 
6.86065e-09 -4.81639e-09 
4.56221e-09 -4.89711e-09 
3.76461e-09 -4.86723e-09 
-4.54225e-09 -4.74514e-09 
4.28528e-09 -4.73708e-09 
2.39083e-09 -7.01389e-09 
7.50442e-09 -5.023e-09 
2.29258e-09 -1.7104e-09 
1.40242e-09 -1.44763e-09 
4.06452e-09 -4.70696e-09 
4.2255e-09 -2.14936e-09 
1.02987e-08 -5.69258e-09 
6.55669e-09 -5.13149e-09 
4.05036e-09 -4.78371e-09 
-1.20078e-09 -4.9227e-09 
4.09532e-09 -5.33079e-09 
3.36338e-09 -4.73507e-09 
4.24673e-09 -2.12871e-09 
3.99818e-09 -3.91265e-09 
-4.37795e-09 -4.73544e-09 
4.83163e-09 -1.6116e-09 
3.93736e-09 -4.70759e-09 
-5.26515e-09 -5.12252e-09 
4.39891e-09 3.47429e-09 
3.3011e-09 -1.62376e-09 
-2.37379e-08 -3.90217e-09 
3.97895e-09 -4.77141e-09 
-1.01209e-08 -4.6397e-09 
6.9811e-09 -4.6076e-09 
-8.11071e-09 -4.5228e-09 
3.78273e-09 -3.61296e-09 
4.02384e-09 -4.82779e-09 
5.13828e-09 -5.17887e-09 
1.0059e-08 -4.55541e-09 
3.58307e-09 -5.74246e-09 
1.97135e-09 -4.75656e-09 
3.2918e-09 -4.87158e-09 
3.42392e-09 -4.7252e-09 
5.31333e-09 -4.2462e-09 
1.31909e-08 -4.94199e-09 
