2.41773e-09 -4.84781e-09 
2.6602e-09 -5.90108e-09 
4.28793e-09 -3.95263e-09 
6.19173e-10 -7.5614e-09 
4.33272e-09 -4.59809e-09 
4.28453e-09 -4.6697e-09 
3.1761e-09 -4.77449e-09 
4.00949e-09 -3.27808e-09 
3.00355e-09 -5.27699e-09 
7.13326e-09 -4.68141e-09 
2.17334e-09 -3.96323e-09 
3.68e-09 -4.86063e-09 
5.07605e-09 -1.64711e-08 
4.12789e-10 -4.74784e-09 
4.28528e-09 -4.73708e-09 
3.81067e-09 -5.42732e-09 
5.4878e-09 -4.64594e-09 
1.12854e-09 -5.07473e-09 
1.77501e-08 -4.41532e-09 
4.24826e-09 -4.33577e-09 
4.24259e-09 -6.2065e-09 
4.44225e-09 -6.06899e-09 
-8.13787e-09 -4.82116e-09 
5.81589e-09 -4.76527e-09 
4.52545e-09 -4.74997e-09 
4.28752e-10 -5.46299e-09 
3.66812e-09 -4.73342e-09 
4.54023e-09 -2.66751e-09 
4.09524e-09 -4.76275e-09 
1.08011e-08 -4.73464e-09 
4.07191e-09 -3.52923e-09 
3.33297e-09 -4.8631e-09 
-6.64447e-09 -1.13972e-08 
2.31662e-09 -1.66025e-09 
3.56571e-09 -5.94009e-09 
1.34884e-08 -4.54561e-09 
4.17673e-09 -4.75365e-09 
9.878e-09 -4.55339e-09 
2.60829e-09 -4.72758e-09 
-5.2124e-10 -5.77285e-09 
3.97172e-09 -7.89489e-09 
3.40037e-09 -4.75103e-09 
4.94818e-09 -6.6036e-09 
2.84026e-09 -4.85516e-09 
3.69559e-09 -5.66099e-09 
1.91652e-09 -4.6709e-09 
7.86505e-09 -5.12657e-09 
3.15389e-09 -4.69167e-09 
4.70975e-09 -5.68371e-09 
3.32625e-09 -5.21587e-09 
