4.39823e-10 -1.51101e-09 
3.95753e-11 -1.61028e-10 
3.73761e-10 -2.00195e-09 
-4.50571e-10 6.32369e-11 
5.37965e-10 -2.1822e-10 
-2.81472e-10 -3.34843e-10 
-8.31007e-10 -5.14776e-09 
-2.36913e-10 -1.12105e-09 
-7.03474e-10 -3.67719e-10 
4.79535e-10 -2.82868e-10 
1.87393e-11 4.09883e-10 
-6.07568e-10 2.18822e-09 
-1.19302e-10 -1.60092e-10 
-6.78594e-10 -1.07271e-09 
-1.85358e-10 -3.24489e-11 
4.25685e-10 -8.07646e-10 
-4.38011e-10 4.89126e-10 
-2.9986e-10 -4.5313e-10 
-2.13879e-10 -1.18955e-09 
-1.14031e-10 -2.54839e-10 
