4.43719e-09 -4.764e-09 
1.06475e-09 -2.99458e-09 
4.28941e-09 -3.19983e-09 
-9.63798e-10 -9.58778e-09 
4.08812e-09 -4.63096e-09 
3.77968e-09 -4.73859e-09 
3.26019e-09 -4.79611e-09 
5.17579e-09 -4.27855e-09 
7.0959e-10 -4.74945e-09 
7.52291e-09 -4.83638e-09 
6.2079e-09 -5.33931e-09 
5.01358e-09 -4.49761e-09 
3.96074e-09 -8.86893e-09 
6.05028e-09 -4.74239e-09 
4.28528e-09 -4.73708e-09 
4.92868e-09 -4.50222e-09 
5.44293e-09 -4.8857e-09 
1.92622e-09 -4.83867e-09 
5.31953e-09 -6.27132e-09 
3.85397e-09 -4.78955e-09 
4.43788e-09 -5.12918e-09 
5.47156e-09 -3.89105e-09 
3.85735e-09 -4.81724e-09 
4.55199e-09 -4.72857e-09 
-2.59694e-09 -4.97616e-09 
1.443e-09 -4.31692e-09 
3.87399e-09 -4.73536e-09 
4.47693e-09 -4.07456e-10 
3.79639e-09 -3.89994e-09 
-5.76638e-09 -4.73713e-09 
3.91508e-09 -1.40399e-09 
4.58106e-09 -4.621e-09 
8.72288e-09 -4.78219e-10 
1.7336e-09 -4.83537e-11 
2.94038e-09 -6.21082e-09 
1.66281e-08 -6.60874e-09 
3.93402e-09 -4.77769e-09 
2.25843e-08 -4.56584e-09 
2.88578e-09 -4.66344e-09 
9.01153e-10 -6.77689e-09 
3.22536e-09 -7.47586e-09 
4.59324e-09 -4.78009e-09 
4.53836e-09 -6.23992e-09 
1.05114e-08 -4.86462e-09 
4.3404e-09 -5.10307e-09 
3.84325e-09 -4.61212e-09 
8.22552e-09 -5.19931e-09 
3.18671e-09 -4.72862e-09 
4.23537e-09 -5.37751e-09 
7.53223e-09 -5.09612e-09 
