1.7993e-09 -4.97009e-09 
1.54075e-09 -6.41756e-09 
4.27758e-09 -4.33949e-09 
5.75676e-09 -6.36052e-09 
4.41035e-09 -4.57262e-09 
4.31973e-09 -4.65293e-09 
3.67265e-09 -4.82383e-09 
4.85459e-09 -3.61101e-09 
-7.18458e-10 -2.65915e-09 
6.48763e-09 -4.66192e-09 
2.29716e-09 -4.06375e-09 
3.6614e-09 -4.87383e-09 
5.19406e-09 -1.48947e-08 
4.13248e-10 -4.74041e-09 
4.28528e-09 -4.73708e-09 
3.77248e-09 -4.94052e-09 
6.88133e-09 -4.78994e-09 
2.36392e-09 -3.43245e-09 
1.31092e-08 -6.62425e-09 
4.00001e-09 -4.99295e-09 
4.0278e-09 -5.33372e-09 
8.47693e-09 -4.3713e-09 
-8.11092e-09 -4.85441e-09 
5.83544e-09 -4.77978e-09 
4.2328e-09 -4.82123e-09 
5.42253e-09 -4.90126e-09 
3.76019e-09 -4.73678e-09 
4.70159e-09 -6.54956e-09 
4.20202e-09 -4.7818e-09 
2.38829e-08 -4.73649e-09 
4.01633e-09 -6.6114e-10 
3.49138e-09 -5.08706e-09 
-8.17533e-09 -9.80487e-09 
1.03958e-09 -8.66291e-09 
3.59437e-09 -4.96839e-09 
9.30451e-09 -4.03299e-09 
3.98208e-09 -4.76975e-09 
2.53514e-08 -4.42936e-09 
5.28401e-09 -4.71919e-09 
-1.54097e-09 -5.31516e-09 
2.74802e-09 -5.49624e-09 
4.07837e-09 -4.714e-09 
6.57434e-09 -6.63421e-09 
2.97134e-09 -4.71919e-09 
3.59219e-09 -5.11754e-09 
3.75387e-09 -4.6667e-09 
6.28669e-09 -5.1226e-09 
3.87924e-09 -4.71273e-09 
7.29887e-09 -5.10132e-09 
6.64991e-09 -4.37748e-09 
