6.47035e-10 -6.47697e-10 
4.35482e-10 1.60241e-10 
-2.51493e-11 -1.65995e-09 
-2.6508e-10 -1.33537e-10 
1.11364e-09 -1.97959e-10 
1.62773e-09 6.43965e-10 
-8.20468e-11 -7.29288e-11 
-2.06913e-10 6.30484e-10 
-5.4938e-10 3.1157e-10 
-5.73958e-10 -4.14535e-10 
1.49063e-09 -3.92682e-10 
-2.74527e-10 1.85364e-09 
-5.84733e-10 2.88264e-10 
-8.72364e-11 -1.41005e-10 
2.42859e-10 -4.11736e-10 
-1.21297e-10 -6.41225e-11 
1.08265e-11 -1.40788e-09 
-2.7676e-10 -1.65002e-10 
-5.39366e-11 3.8509e-10 
-5.26591e-10 -1.37072e-09 
