3.14945e-09 -4.8635e-09 
3.49602e-09 -1.1312e-09 
4.27692e-09 -5.89831e-09 
1.08625e-09 -1.91189e-09 
4.74077e-09 -4.65421e-09 
3.48589e-09 -4.95338e-09 
2.91199e-09 -4.79746e-09 
4.766e-09 -4.59793e-09 
-1.15797e-09 -2.714e-09 
5.97728e-09 -4.89813e-09 
5.53325e-09 -4.85048e-09 
4.16956e-09 -5.14119e-09 
4.62531e-09 1.18894e-09 
-2.40251e-09 -4.74911e-09 
4.28528e-09 -4.73708e-09 
3.85575e-09 -6.80533e-09 
3.94718e-09 -4.89006e-09 
1.33788e-09 -3.24126e-09 
5.9969e-09 -4.83499e-09 
4.21584e-09 -3.79173e-09 
4.14979e-09 -1.49001e-09 
1.0213e-08 -6.40462e-09 
2.87718e-08 -4.82205e-09 
3.19436e-09 -4.74437e-09 
7.60553e-09 -4.8821e-09 
5.79847e-09 -5.24759e-09 
4.37502e-09 -4.73134e-09 
4.45924e-09 -4.91142e-09 
3.98224e-09 -4.54628e-09 
7.76224e-09 -4.73545e-09 
5.26361e-09 -3.06409e-09 
3.32745e-09 -4.8471e-09 
-1.23968e-08 -4.83324e-09 
3.89914e-09 6.16802e-09 
2.95395e-09 3.06598e-09 
-4.07806e-08 -3.18022e-09 
4.26913e-09 -4.77095e-09 
-1.48513e-08 -4.44824e-09 
5.13495e-09 -4.55692e-09 
-2.05894e-09 -3.72877e-09 
4.32213e-09 -3.59481e-09 
3.28467e-09 -4.78876e-09 
4.52883e-09 -6.07979e-09 
3.48916e-09 -4.54396e-09 
4.11358e-09 -5.92505e-09 
2.91518e-09 -4.64367e-09 
7.62592e-09 -4.89717e-09 
3.17118e-09 -4.71573e-09 
8.44982e-09 -4.5241e-09 
7.78655e-09 -5.43501e-09 
