2.30788e-09 -4.80531e-09 
2.93651e-09 -6.38891e-09 
4.27251e-09 -3.15266e-09 
4.49776e-09 -8.14114e-09 
4.14363e-09 -4.49424e-09 
3.61312e-09 -4.76067e-09 
3.72596e-09 -4.76794e-09 
5.01271e-09 -4.63399e-09 
-4.70706e-09 -3.67412e-09 
5.22083e-09 -4.74787e-09 
3.2808e-09 -4.49272e-09 
4.59373e-09 -4.63275e-09 
4.26259e-09 -1.06721e-08 
1.07428e-08 -4.75176e-09 
4.28528e-09 -4.73708e-09 
3.51258e-09 -5.2295e-09 
7.07207e-09 -5.00503e-09 
4.17741e-09 -3.1076e-09 
1.05553e-08 -2.49242e-09 
3.50936e-09 -4.42355e-09 
4.13077e-09 -3.5992e-09 
2.99894e-09 -3.17303e-09 
-1.48649e-08 -4.82241e-09 
7.57211e-09 -4.77771e-09 
-6.44895e-09 -4.8615e-09 
1.30372e-09 -5.18667e-09 
2.78414e-09 -4.73827e-09 
4.47607e-09 -5.89967e-09 
4.20849e-09 -4.11519e-09 
3.38361e-10 -4.7357e-09 
3.84293e-09 -4.37326e-09 
3.75495e-09 -5.04386e-09 
5.77905e-10 -6.34099e-09 
3.10816e-09 -9.03649e-09 
2.23521e-09 -4.08041e-09 
4.38037e-09 -6.34511e-09 
3.98347e-09 -4.78184e-09 
2.0215e-08 -4.58267e-09 
4.16484e-09 -4.68963e-09 
6.6989e-10 -6.54471e-09 
3.92501e-09 -8.68166e-09 
4.77669e-09 -4.78621e-09 
5.6964e-09 -5.72569e-09 
7.12741e-09 -4.79557e-09 
4.11578e-09 -5.42083e-09 
3.13478e-09 -4.64986e-09 
5.67126e-09 -5.19554e-09 
3.5232e-09 -4.6866e-09 
6.17437e-09 -5.02625e-09 
1.26715e-08 -5.49474e-09 
