0.0176133 -0.0907002 
-0.316355 -0.0883689 
0.0911531 -0.948398 
0.0916337 -0.101608 
-0.082957 -0.130731 
0.0691159 -0.0369079 
0.0380218 -0.0608355 
-0.13869 -0.150238 
-0.0389118 -0.0726841 
0.160035 0.227536 
0.130059 -0.0987746 
0.0594971 -0.0714693 
0.199645 -0.0217705 
-0.0428939 -0.117223 
0.381835 0.0188665 
0.0193011 -0.0939096 
0.302295 -0.129397 
0.0209503 0.0524465 
0.0101042 -0.0449288 
0.195569 -0.0198132 
-0.0934548 -0.0774565 
0.0448066 -0.0918323 
0.0495547 -0.0519836 
-0.0784192 -0.0474983 
0.132289 -0.177957 
-0.0464815 0.0533025 
0.0702601 -0.0979976 
0.286971 -0.0995188 
0.151856 -0.0346297 
0.15544 -0.129568 
0.216665 -0.101518 
0.0148504 -0.0690016 
0.00179664 -0.0141273 
-0.0345927 -0.109078 
0.0514725 -0.107998 
0.03642 -0.0857346 
-0.0441069 -0.142301 
0.0695638 -0.122887 
0.0543023 -0.123848 
0.0467402 -0.13505 
0.074633 -0.00766838 
-0.0360583 -0.125674 
0.214494 0.0321193 
-0.155295 -0.10063 
0.0373742 -0.106125 
0.0609129 -0.102637 
-0.148749 -0.125945 
0.12755 -0.13373 
0.00572842 -0.168012 
0.0712469 -0.120462 
