3.67774e-09 -4.73074e-09 
3.33825e-09 -3.35063e-09 
4.28168e-09 -5.02974e-09 
-2.65036e-09 -3.39753e-09 
4.54437e-09 -4.50325e-09 
3.78731e-09 -4.64784e-09 
4.59835e-09 -4.77481e-09 
4.23651e-09 -4.04579e-09 
-5.03709e-09 -4.227e-09 
6.36202e-09 -4.79233e-09 
4.97223e-09 -4.28518e-09 
4.3873e-09 -4.77693e-09 
4.64845e-09 -2.9316e-09 
-7.52194e-09 -4.72778e-09 
4.28528e-09 -4.73708e-09 
3.05392e-09 -5.71499e-09 
4.65361e-09 -4.81255e-09 
-2.20581e-10 -3.22427e-09 
-1.27291e-09 -3.32499e-09 
3.81101e-09 -3.73964e-09 
3.94125e-09 -2.19146e-09 
7.25983e-09 -6.74542e-09 
1.43944e-08 -4.95058e-09 
4.20569e-09 -4.82922e-09 
1.43889e-08 -4.69864e-09 
7.2592e-09 -5.19667e-09 
3.71288e-09 -4.73181e-09 
4.62321e-09 -2.14808e-09 
4.00558e-09 -4.39485e-09 
1.63227e-08 -4.73228e-09 
4.63714e-09 -5.20534e-10 
2.71691e-09 -5.15372e-09 
-4.56467e-09 -4.84496e-09 
2.50719e-09 3.33978e-09 
2.90591e-09 3.11856e-09 
-4.96646e-08 -4.45299e-09 
4.15732e-09 -4.7659e-09 
-1.88551e-08 -4.45839e-09 
5.60868e-09 -4.64127e-09 
2.28136e-09 -5.51779e-09 
3.79675e-09 -6.13147e-09 
4.20444e-09 -4.77742e-09 
4.71675e-09 -5.51728e-09 
3.38027e-09 -4.59535e-09 
3.72173e-09 -6.07848e-09 
3.47247e-09 -4.74045e-09 
4.76672e-09 -5.20659e-09 
4.46781e-09 -4.69285e-09 
5.0653e-09 -4.89839e-09 
1.52361e-08 -4.9888e-09 
