3.06361e-09 -4.74275e-09 
2.70419e-09 -2.27158e-09 
4.27454e-09 -4.19611e-09 
-4.09962e-09 -4.4709e-09 
4.36448e-09 -4.65096e-09 
4.03826e-09 -4.8881e-09 
3.12339e-09 -4.7755e-09 
4.6966e-09 -4.5728e-09 
-6.07827e-09 -2.37681e-09 
7.15691e-09 -4.82495e-09 
5.04077e-09 -4.74273e-09 
4.61211e-09 -5.35038e-09 
4.30867e-09 -5.34595e-09 
1.85601e-09 -4.73705e-09 
4.28528e-09 -4.73708e-09 
3.44302e-09 -5.88811e-09 
6.33849e-09 -4.59935e-09 
-1.42534e-09 -4.29484e-09 
3.28592e-09 -3.28579e-09 
4.50977e-09 -4.46275e-09 
3.93524e-09 -6.1382e-09 
1.69503e-08 -6.74482e-09 
7.84792e-09 -5.37288e-09 
5.36113e-09 -4.78808e-09 
1.37457e-08 -4.45674e-09 
4.08276e-09 -5.16598e-09 
3.76105e-09 -4.73056e-09 
4.51127e-09 -4.59998e-09 
4.07172e-09 -4.16757e-09 
-1.34122e-08 -4.73385e-09 
4.76285e-09 1.17763e-09 
3.06387e-09 -4.77831e-09 
-1.40593e-08 -5.2736e-09 
3.82108e-09 6.63776e-09 
4.09697e-09 1.26169e-08 
-2.46796e-08 -4.39022e-09 
4.0588e-09 -4.78057e-09 
-1.14395e-08 -4.65952e-09 
5.39375e-09 -4.66521e-09 
-3.89507e-09 -4.92066e-09 
4.24172e-09 -5.76701e-09 
3.88007e-09 -4.77009e-09 
5.76035e-09 -6.35083e-09 
5.04281e-09 -4.69376e-09 
3.34623e-09 -4.35666e-09 
1.61184e-09 -4.79176e-09 
2.78884e-09 -5.05625e-09 
3.68346e-09 -4.70944e-09 
6.65449e-09 -4.70895e-09 
1.04432e-08 -4.96987e-09 
