4.66985e-09 -4.95649e-09 
3.543e-09 -6.0148e-09 
4.27495e-09 -4.61408e-09 
4.25906e-09 -6.68474e-09 
4.76151e-09 -4.69027e-09 
4.00565e-09 -4.66928e-09 
3.28553e-09 -4.83605e-09 
4.73862e-09 -4.02334e-09 
6.97269e-09 -5.92941e-09 
3.0164e-09 -4.75929e-09 
3.69405e-09 -4.47689e-09 
4.18955e-09 -4.89902e-09 
4.72289e-09 -8.54123e-09 
-4.72307e-09 -4.75892e-09 
4.28528e-09 -4.73708e-09 
3.15306e-09 -5.33782e-09 
6.23811e-09 -5.0917e-09 
1.76147e-09 -2.86223e-09 
1.41654e-08 -2.73709e-09 
2.90595e-09 -3.09021e-09 
4.2038e-09 -5.91561e-11 
-4.02138e-09 -4.6273e-09 
-5.49439e-09 -4.4899e-09 
4.8769e-09 -4.71156e-09 
-1.42412e-08 -5.03768e-09 
-6.97557e-11 -5.17675e-09 
3.92633e-09 -4.74071e-09 
4.26204e-09 -4.50481e-09 
4.2285e-09 -5.15749e-09 
9.85502e-09 -4.73738e-09 
3.85602e-09 9.76175e-10 
4.25228e-09 -4.66913e-09 
6.81421e-09 -6.81274e-09 
3.84163e-09 -1.01261e-08 
3.04185e-09 -1.32045e-08 
-8.0878e-09 -5.04288e-09 
4.15004e-09 -4.76203e-09 
8.40447e-09 -4.35122e-09 
3.91378e-09 -4.61802e-09 
2.49759e-09 -5.42125e-09 
2.44438e-09 -5.74436e-09 
3.85566e-09 -4.78083e-09 
4.22517e-09 -5.79721e-09 
8.47642e-09 -4.68829e-09 
4.41932e-09 -6.77301e-09 
3.35826e-09 -4.61516e-09 
8.98695e-09 -4.95167e-09 
3.43554e-09 -4.67772e-09 
3.15427e-09 -4.81707e-09 
4.77069e-09 -5.25275e-09 
