2.90518e-09 -4.68106e-09 
1.74704e-09 -3.81189e-09 
4.28744e-09 -4.56755e-09 
-4.94722e-09 -5.49305e-09 
4.3716e-09 -4.58519e-09 
3.71751e-09 -4.90275e-09 
4.10157e-09 -4.78813e-09 
4.31734e-09 -4.93987e-09 
1.10009e-09 -1.52024e-09 
5.62452e-09 -4.82529e-09 
4.91441e-09 -4.31947e-09 
4.5789e-09 -4.95118e-09 
4.00577e-09 -1.15696e-08 
1.6357e-09 -4.74274e-09 
4.28528e-09 -4.73708e-09 
4.73819e-09 -4.8982e-09 
7.84007e-09 -4.6561e-09 
3.45547e-09 -2.8596e-09 
1.88437e-09 -5.61995e-09 
4.87743e-09 -5.78638e-09 
4.29209e-09 -4.89681e-09 
2.80167e-08 -6.95053e-09 
3.36307e-09 -5.0063e-09 
5.33499e-09 -4.70459e-09 
1.58988e-08 -5.22246e-09 
4.2199e-09 -5.28358e-09 
4.09766e-09 -4.72851e-09 
4.39423e-09 -2.47589e-09 
3.79375e-09 -3.67958e-09 
-4.95064e-10 -4.73086e-09 
4.74704e-09 -9.85463e-09 
3.64985e-09 -5.22801e-09 
-3.48799e-09 -8.4802e-09 
2.77647e-09 -7.63787e-10 
3.93763e-09 6.34946e-09 
-1.92871e-08 -5.35103e-09 
4.16822e-09 -4.75207e-09 
-6.81067e-09 -4.59637e-09 
5.56997e-09 -4.80063e-09 
-7.80241e-09 -4.46562e-09 
4.21164e-09 -8.13294e-09 
4.13559e-09 -4.73901e-09 
6.14961e-09 -6.25221e-09 
8.12138e-09 -4.64752e-09 
2.60837e-09 -3.86698e-09 
2.25426e-09 -4.62151e-09 
4.32562e-10 -4.64428e-09 
3.83472e-09 -4.74224e-09 
5.41797e-09 -4.91109e-09 
8.824e-09 -5.13779e-09 
