3.79957e-09 -4.91147e-09 
3.90792e-09 -4.9553e-09 
4.26183e-09 -4.66416e-09 
3.17727e-09 -5.67157e-09 
4.39039e-09 -4.62531e-09 
4.49859e-09 -4.64975e-09 
3.40792e-09 -4.81316e-09 
3.90409e-09 -3.68178e-09 
-1.71849e-09 -4.83173e-09 
7.10936e-09 -4.75733e-09 
4.0503e-09 -4.81187e-09 
4.14091e-09 -4.92902e-09 
4.92688e-09 -3.5043e-11 
-3.46388e-09 -4.76289e-09 
4.28528e-09 -4.73708e-09 
1.96519e-09 -5.06645e-09 
8.16324e-09 -4.75811e-09 
-2.48749e-10 -5.59453e-09 
8.18846e-09 -2.35158e-09 
3.25835e-09 -3.56084e-09 
4.12116e-09 -7.03355e-09 
-2.42276e-08 -5.00943e-09 
-7.93745e-10 -4.43069e-09 
4.50811e-09 -4.76375e-09 
-1.12169e-08 -4.92163e-09 
1.94615e-09 -4.84093e-09 
3.52642e-09 -4.73762e-09 
4.445e-09 -3.31367e-09 
4.21588e-09 -4.17012e-09 
1.35893e-10 -4.73747e-09 
3.81332e-09 3.94555e-09 
4.25768e-09 -4.82391e-09 
3.49099e-09 -6.02031e-09 
3.5955e-09 2.41989e-09 
3.14521e-09 -1.69687e-08 
-3.63007e-09 -4.8682e-09 
4.27849e-09 -4.75195e-09 
1.54033e-08 -4.53923e-09 
4.35335e-09 -4.51995e-09 
5.5462e-09 -5.50396e-09 
2.3252e-09 -5.93673e-09 
3.70071e-09 -4.75532e-09 
4.35346e-09 -5.66126e-09 
3.53456e-09 -4.62781e-09 
7.36911e-09 -5.27037e-09 
6.78579e-10 -4.69691e-09 
8.57412e-09 -5.3043e-09 
3.39225e-09 -4.69593e-09 
5.58996e-09 -4.77936e-09 
5.66179e-09 -5.01519e-09 
