2.7463e-09 -4.8637e-09 
3.32406e-09 -4.24662e-09 
4.26713e-09 -4.53672e-09 
2.0596e-09 -5.76005e-09 
4.48476e-09 -4.77529e-09 
4.06086e-09 -4.6179e-09 
3.10481e-09 -4.83319e-09 
4.9116e-09 -4.24103e-09 
3.07027e-09 -5.44218e-09 
2.83513e-09 -4.77681e-09 
4.06101e-09 -4.59002e-09 
4.40978e-09 -5.02096e-09 
5.03882e-09 -1.31566e-08 
3.17454e-09 -4.73795e-09 
4.28528e-09 -4.73708e-09 
2.5871e-09 -5.27064e-09 
5.98737e-09 -5.17587e-09 
-3.27476e-09 -3.02106e-09 
1.26452e-08 -2.86247e-09 
3.97331e-09 -5.06961e-09 
4.17797e-09 -7.13069e-09 
-1.95813e-08 -5.12126e-09 
-3.71631e-09 -5.17149e-09 
4.08456e-09 -4.74586e-09 
-1.77139e-08 -5.41353e-09 
2.7481e-09 -5.11958e-09 
4.43583e-09 -4.73487e-09 
4.25958e-09 -2.46996e-09 
4.44821e-09 -5.31717e-09 
-2.18311e-10 -4.73103e-09 
3.46971e-09 -8.547e-10 
4.09986e-09 -4.85637e-09 
3.6959e-09 -6.19015e-09 
2.24036e-09 -8.53271e-09 
2.464e-09 -6.13589e-09 
8.88032e-09 -5.04819e-09 
3.8026e-09 -4.81392e-09 
1.83886e-09 -4.48227e-09 
3.72181e-09 -4.82691e-09 
1.07192e-08 -5.38256e-09 
4.66587e-09 -7.78264e-09 
3.85639e-09 -4.77933e-09 
4.29184e-09 -6.23663e-09 
5.43165e-09 -4.63397e-09 
7.14021e-09 -7.4807e-09 
6.04073e-09 -4.6811e-09 
6.86573e-09 -4.55166e-09 
3.27837e-09 -4.73e-09 
3.4548e-09 -4.74232e-09 
1.85348e-09 -4.74498e-09 
