-4.17888e-10 -8.97778e-10 
-6.76974e-10 6.33026e-11 
1.42318e-10 -2.98932e-10 
-3.03136e-10 -1.89487e-10 
2.85997e-10 -7.53597e-11 
-4.18878e-10 5.67658e-10 
-1.30628e-10 -2.62632e-09 
-2.94322e-10 1.56261e-09 
-3.5995e-10 -1.54703e-10 
-3.48212e-10 -8.97117e-11 
1.02039e-10 -7.82108e-10 
-7.71286e-10 1.40311e-09 
-5.00427e-10 2.79772e-10 
-2.89663e-10 -9.43365e-11 
-1.73361e-10 -1.06272e-10 
-5.16318e-10 -6.47102e-11 
-1.95147e-11 -5.05549e-10 
-4.6415e-10 -2.56341e-10 
-2.72497e-10 -1.22891e-09 
-3.06091e-11 -2.61831e-10 
