3.14856e-09 -4.84864e-09 
3.74163e-09 -4.94788e-09 
4.29633e-09 -4.51278e-09 
-3.09638e-09 -5.30658e-09 
4.56385e-09 -4.58646e-09 
4.18028e-09 -5.08269e-09 
4.40942e-09 -4.72002e-09 
4.65095e-09 -4.082e-09 
-1.75769e-09 -2.21626e-09 
8.73414e-09 -4.82954e-09 
4.75599e-09 -4.50667e-09 
4.68963e-09 -4.83849e-09 
4.22575e-09 -1.24298e-09 
1.02815e-10 -4.74624e-09 
4.28528e-09 -4.73708e-09 
4.44923e-09 -5.42033e-09 
9.59105e-09 -4.72499e-09 
7.38698e-09 -4.18542e-09 
5.2277e-09 -5.31349e-09 
4.08914e-09 -3.69423e-09 
4.33444e-09 -4.80147e-10 
1.90577e-08 -5.98799e-09 
7.99092e-09 -4.87053e-09 
4.74032e-09 -4.77449e-09 
9.307e-09 -4.45275e-09 
2.17092e-09 -5.32049e-09 
2.79388e-09 -4.73021e-09 
4.48582e-09 -5.17712e-09 
3.96598e-09 -3.25614e-09 
6.03668e-09 -4.73773e-09 
5.07697e-09 -5.22242e-09 
4.18543e-09 -5.05602e-09 
-1.27415e-08 -6.44275e-09 
4.40481e-09 3.29342e-09 
3.54674e-09 -1.9063e-09 
-3.0949e-08 -4.63438e-09 
4.17816e-09 -4.78803e-09 
8.18598e-09 -4.71136e-09 
5.01265e-09 -4.58973e-09 
-6.07839e-09 -4.80141e-09 
3.03173e-09 -3.07068e-09 
3.89493e-09 -4.738e-09 
4.8527e-09 -5.65285e-09 
7.53498e-09 -4.79712e-09 
2.43996e-12 -4.65792e-09 
2.66691e-09 -4.53759e-09 
5.50712e-09 -5.80618e-09 
4.15263e-09 -4.69127e-09 
5.56794e-09 -4.99122e-09 
1.59866e-08 -5.08533e-09 
