3.77422e-09 -4.91221e-09 
1.66009e-09 -3.37308e-09 
4.26566e-09 -4.95624e-09 
7.14178e-10 -5.50144e-09 
4.3651e-09 -4.78012e-09 
3.81265e-09 -4.85496e-09 
2.29771e-09 -4.80118e-09 
4.6208e-09 -4.76299e-09 
6.33051e-09 -5.4918e-09 
2.57659e-09 -4.88346e-09 
4.19072e-09 -4.2321e-09 
4.51924e-09 -4.77961e-09 
4.84651e-09 -1.67069e-08 
-2.8254e-09 -4.74802e-09 
4.28528e-09 -4.73708e-09 
2.20316e-09 -5.21366e-09 
5.13374e-09 -4.97954e-09 
1.4058e-09 -3.50373e-09 
1.05736e-08 -2.42943e-09 
3.9032e-09 -4.69003e-09 
3.94413e-09 -3.21455e-09 
-7.24152e-09 -4.86494e-09 
-4.23105e-10 -5.03363e-09 
5.34119e-09 -4.71819e-09 
-7.60423e-09 -4.16188e-09 
4.06111e-09 -4.94358e-09 
4.55341e-09 -4.74245e-09 
4.52815e-09 -1.07555e-09 
4.20524e-09 -4.69534e-09 
-4.47609e-09 -4.73355e-09 
4.40356e-09 -4.14225e-10 
3.9177e-09 -4.91791e-09 
1.14612e-08 -1.05839e-08 
1.17186e-09 -9.56803e-09 
3.87108e-09 -7.20806e-09 
3.40278e-08 -5.17533e-09 
4.35422e-09 -4.69625e-09 
1.01764e-08 -4.44086e-09 
5.07899e-09 -4.66361e-09 
9.32929e-09 -6.08848e-09 
4.28385e-09 -3.85247e-09 
4.00857e-09 -4.76262e-09 
5.60472e-09 -6.30117e-09 
5.22509e-09 -4.68691e-09 
6.99151e-09 -6.9416e-09 
2.72155e-09 -4.78925e-09 
6.7662e-09 -4.53403e-09 
2.4653e-09 -4.69422e-09 
6.76232e-09 -4.50631e-09 
1.54693e-09 -4.70397e-09 
