3.03337e-09 -4.81547e-09 
1.46527e-09 -3.55093e-09 
4.28026e-09 -4.29772e-09 
4.28236e-10 -6.77612e-09 
4.50613e-09 -5.00296e-09 
3.98389e-09 -4.65169e-09 
3.56305e-09 -4.70449e-09 
5.16348e-09 -5.66814e-09 
4.84132e-09 -3.41084e-09 
4.02466e-09 -4.74254e-09 
4.44871e-09 -4.19627e-09 
4.42158e-09 -4.73726e-09 
4.18182e-09 -1.27982e-08 
8.43479e-09 -4.74288e-09 
4.28528e-09 -4.73708e-09 
5.61861e-09 -5.61766e-09 
4.90819e-09 -4.70029e-09 
2.09568e-09 -1.25311e-09 
4.72639e-09 -3.30958e-09 
4.33999e-09 -3.88314e-09 
4.29208e-09 -5.44257e-09 
8.80556e-09 -5.51992e-09 
-3.63027e-09 -5.33599e-09 
6.22268e-09 -4.73395e-09 
-3.70055e-09 -5.4525e-09 
4.26637e-09 -4.91138e-09 
4.94211e-09 -4.72871e-09 
4.46233e-09 -3.83675e-09 
4.12066e-09 -4.74288e-09 
4.99693e-09 -4.72803e-09 
3.92947e-09 -4.9143e-09 
4.06399e-09 -4.93424e-09 
-4.27187e-09 -5.60469e-09 
2.57347e-09 -4.17686e-09 
4.4523e-09 1.07741e-09 
-4.8346e-08 -5.25919e-09 
4.01294e-09 -4.75219e-09 
9.64184e-11 -4.54494e-09 
5.74434e-09 -4.74368e-09 
1.71995e-08 -5.37862e-09 
4.71291e-09 -9.28598e-09 
3.75599e-09 -4.80087e-09 
5.2031e-09 -4.87683e-09 
9.05378e-09 -4.5741e-09 
4.30718e-10 -9.355e-09 
7.7784e-09 -4.69799e-09 
5.86986e-09 -4.51111e-09 
2.39119e-09 -4.72577e-09 
4.33645e-09 -5.07736e-09 
4.39008e-09 -5.11445e-09 
