4.40255e-09 -4.79237e-09 
1.23091e-09 -4.57295e-09 
4.27489e-09 -4.90465e-09 
6.32824e-09 -5.98822e-09 
4.66926e-09 -4.5555e-09 
3.76601e-09 -4.72776e-09 
5.06024e-09 -4.86637e-09 
5.03277e-09 -4.1378e-09 
-2.6176e-09 -5.46268e-09 
8.43879e-09 -4.81e-09 
4.45421e-09 -4.90534e-09 
4.29478e-09 -4.89754e-09 
4.91435e-09 -1.7574e-08 
-2.7081e-10 -4.71171e-09 
4.28528e-09 -4.73708e-09 
2.58994e-09 -5.3588e-09 
8.03501e-09 -4.95961e-09 
5.95685e-09 -2.77225e-09 
1.3629e-08 -8.69436e-10 
3.48168e-09 -2.76458e-09 
3.98835e-09 -3.27676e-09 
-1.99468e-11 -4.67145e-09 
-6.48762e-09 -4.65886e-09 
4.68743e-09 -4.70126e-09 
-3.37244e-09 -4.02056e-09 
4.89737e-09 -5.0537e-09 
3.83241e-09 -4.73948e-09 
4.45595e-09 2.60911e-09 
4.30254e-09 -5.02697e-09 
-5.04258e-09 -4.73831e-09 
4.79217e-09 -3.29142e-09 
3.99925e-09 -5.06208e-09 
-8.59141e-09 -6.8664e-09 
4.02274e-09 2.16592e-09 
8.71232e-10 3.87605e-10 
-1.23355e-09 -4.86987e-09 
4.63582e-09 -4.74491e-09 
5.0893e-09 -4.68113e-09 
4.01168e-09 -4.76221e-09 
-9.62601e-09 -5.54086e-09 
2.83658e-09 -1.75173e-09 
4.5101e-09 -4.70496e-09 
5.19753e-09 -6.78157e-09 
8.79529e-09 -4.78163e-09 
5.30448e-09 -3.81148e-09 
8.17706e-10 -4.43678e-09 
3.10403e-09 -5.10082e-09 
3.56906e-09 -4.74544e-09 
5.18984e-09 -5.15607e-09 
1.06169e-08 -5.95697e-09 
