-9.23255e-11 6.56468e-10 
-4.32993e-10 -3.16339e-10 
2.33728e-10 -3.63587e-10 
-1.38833e-10 -2.61804e-10 
-2.17655e-10 -2.13161e-10 
-8.80037e-10 -1.64516e-10 
-1.04545e-10 1.65975e-09 
5.88249e-11 2.58581e-10 
1.05686e-10 -2.96966e-10 
-1.31048e-10 -3.25447e-10 
-2.29274e-10 8.48107e-10 
4.21564e-10 3.31313e-11 
-3.21893e-10 -1.3205e-10 
-4.97999e-10 -4.12534e-10 
1.16665e-10 -1.7322e-10 
-5.33286e-10 -4.53758e-11 
-3.22388e-10 1.88687e-10 
-3.43614e-10 -5.87477e-10 
1.05946e-11 -6.61302e-10 
-1.53659e-10 6.26533e-10 
