4.39953e-09 -4.75496e-09 
3.79943e-09 -3.27323e-09 
4.2774e-09 -3.84672e-09 
-1.45075e-09 -6.07883e-09 
4.58954e-09 -4.96318e-09 
4.00398e-09 -4.84125e-09 
1.14999e-09 -4.69331e-09 
4.48492e-09 -4.05869e-09 
-3.90945e-09 -1.7739e-09 
8.09526e-09 -4.84163e-09 
4.36143e-09 -4.46202e-09 
4.66072e-09 -4.97654e-09 
4.16206e-09 -6.2302e-09 
-3.38573e-09 -4.76738e-09 
4.28528e-09 -4.73708e-09 
1.5738e-09 -4.80942e-09 
3.31335e-09 -5.0806e-09 
1.00405e-10 -4.90636e-09 
3.71937e-09 -5.9356e-09 
4.17698e-09 -6.05859e-09 
4.60539e-09 -3.67576e-09 
1.2571e-08 -5.07699e-09 
1.47354e-08 -4.96922e-09 
4.59867e-09 -4.8014e-09 
-4.04398e-09 -6.35569e-09 
7.33373e-10 -4.86303e-09 
4.21354e-09 -4.72628e-09 
4.23037e-09 -4.29717e-09 
3.63997e-09 -3.16433e-09 
8.15556e-09 -4.73713e-09 
4.30086e-09 -4.77122e-09 
4.09332e-09 -4.34792e-09 
3.37112e-09 -4.75294e-09 
3.13824e-09 2.92899e-10 
5.50484e-09 -6.21668e-09 
-1.36779e-08 -5.36776e-09 
3.39562e-09 -4.71961e-09 
5.59208e-09 -4.5406e-09 
5.15615e-09 -4.66782e-09 
1.09706e-08 -5.09826e-09 
4.04944e-09 -9.24808e-09 
3.32714e-09 -4.78612e-09 
6.33886e-09 -4.13251e-09 
2.2762e-09 -4.73758e-09 
3.67282e-09 -7.32457e-09 
2.70421e-09 -4.87018e-09 
8.8862e-09 -5.08619e-09 
2.68574e-09 -4.70917e-09 
5.15126e-09 -4.9147e-09 
2.64414e-09 -4.2294e-09 
