4.25957e-09 -4.77234e-09 
4.53169e-09 -4.68133e-09 
4.27591e-09 -3.26298e-09 
2.07025e-09 -6.26842e-09 
4.58079e-09 -4.71794e-09 
4.22884e-09 -4.82367e-09 
1.84116e-09 -4.8978e-09 
5.16245e-09 -4.70519e-09 
4.34455e-09 -2.20225e-09 
1.32129e-08 -4.79358e-09 
4.55265e-09 -4.42356e-09 
4.42366e-09 -4.94756e-09 
4.40773e-09 -1.14295e-08 
1.99853e-08 -4.74631e-09 
4.28528e-09 -4.73708e-09 
5.9056e-09 -4.34013e-09 
-1.42818e-09 -4.65281e-09 
6.44888e-09 -4.76035e-09 
2.20841e-09 -5.49109e-09 
4.41517e-09 -2.85758e-09 
3.59209e-09 -3.6969e-09 
1.97486e-09 -5.56614e-09 
4.79951e-09 -5.0667e-09 
5.52848e-09 -4.78494e-09 
6.71742e-09 -6.47698e-09 
1.93835e-09 -4.95924e-09 
2.25709e-09 -4.72634e-09 
4.2855e-09 -7.90906e-09 
4.10601e-09 -6.01454e-09 
1.31637e-08 -4.73568e-09 
4.42207e-09 -3.06972e-09 
4.00074e-09 -5.58421e-09 
-1.03401e-08 -5.69668e-09 
4.37994e-09 1.52269e-09 
1.8852e-09 1.7197e-10 
7.89093e-09 -5.46361e-09 
3.73351e-09 -4.78605e-09 
4.74528e-09 -4.44066e-09 
4.25676e-09 -4.67489e-09 
1.01426e-08 -5.04834e-09 
4.67988e-09 -8.08706e-09 
3.00357e-09 -4.81408e-09 
4.72967e-09 -4.57716e-09 
7.64171e-09 -4.63471e-09 
3.19057e-09 -1.97426e-09 
1.89355e-09 -4.60834e-09 
5.22881e-09 -5.02186e-09 
3.11344e-09 -4.74189e-09 
5.30053e-09 -5.22885e-09 
9.9324e-09 -5.21281e-09 
