3.97198e-09 -4.77456e-09 
1.22098e-09 -4.92549e-09 
4.28156e-09 -5.48327e-09 
3.86244e-09 -5.19607e-09 
4.50511e-09 -4.42923e-09 
3.79892e-09 -4.74629e-09 
5.97039e-09 -4.9416e-09 
4.79633e-09 -4.20802e-09 
9.54908e-09 -2.59097e-09 
4.73616e-09 -4.68713e-09 
4.29356e-09 -4.50834e-09 
4.38404e-09 -4.90147e-09 
4.45752e-09 -1.1251e-08 
8.1101e-09 -4.73541e-09 
4.28528e-09 -4.73708e-09 
5.13483e-09 -5.19459e-09 
1.17535e-08 -4.53457e-09 
9.87952e-09 -2.20034e-09 
4.59287e-09 -2.02584e-09 
4.12736e-09 -2.18127e-09 
3.85161e-09 -3.95977e-09 
-2.9134e-09 -5.01014e-09 
-3.33857e-09 -5.02436e-09 
5.29362e-09 -4.7587e-09 
1.7095e-09 -5.06265e-09 
4.43342e-09 -5.39885e-09 
3.78496e-09 -4.73066e-09 
4.66482e-09 -8.51959e-09 
4.64171e-09 -4.64939e-09 
-1.37042e-08 -4.73539e-09 
4.56942e-09 -2.5142e-09 
4.01066e-09 -5.45623e-09 
-3.49384e-09 -8.45677e-09 
3.37258e-09 -1.56552e-09 
1.37953e-09 -8.4552e-10 
-7.15796e-10 -4.87481e-09 
4.32081e-09 -4.78336e-09 
5.50235e-09 -4.66399e-09 
4.81603e-09 -4.60241e-09 
-1.51764e-09 -5.53878e-09 
3.90031e-09 -2.6506e-09 
3.68018e-09 -4.7382e-09 
3.71949e-09 -8.33867e-09 
9.13044e-09 -4.66701e-09 
4.36079e-09 -3.65625e-09 
2.01603e-09 -4.56911e-09 
2.89674e-09 -4.91161e-09 
4.22393e-09 -4.70412e-09 
5.45896e-09 -5.33481e-09 
8.83865e-09 -6.06361e-09 
