-3.91009e-10 4.2422e-10 
-2.86172e-10 -2.15965e-10 
-2.17512e-10 -3.18342e-10 
-1.58583e-10 -2.73176e-10 
6.19062e-11 -1.38756e-10 
-1.37798e-09 3.19764e-10 
-1.95451e-10 4.55836e-10 
-7.93477e-11 8.31171e-10 
-1.77202e-10 -5.21284e-10 
-2.37767e-10 -2.38461e-10 
-5.6503e-10 3.67081e-10 
-2.44166e-10 -1.97797e-10 
-2.59248e-10 1.80823e-10 
-4.71921e-10 -2.3699e-10 
9.11837e-11 -1.31873e-10 
-4.86751e-10 -1.56618e-10 
-2.22466e-10 -2.52204e-11 
-6.16375e-10 -2.83773e-10 
-1.4679e-10 -1.3584e-09 
-7.90672e-12 1.69739e-10 
