4.36083e-09 -4.83458e-09 
7.65206e-09 -4.19569e-09 
4.27484e-09 -4.04445e-09 
-8.76484e-10 -7.31661e-09 
4.38431e-09 -4.68707e-09 
4.74015e-09 -4.7866e-09 
1.642e-09 -4.84977e-09 
4.85851e-09 -4.83562e-09 
-8.73377e-09 -5.87014e-09 
7.9681e-09 -4.83674e-09 
4.68728e-09 -4.77587e-09 
4.43114e-09 -5.24566e-09 
4.32992e-09 -5.18308e-09 
6.99965e-09 -4.74857e-09 
4.28528e-09 -4.73708e-09 
6.22983e-09 -5.52033e-09 
-2.2079e-09 -4.81605e-09 
7.39218e-09 -4.12041e-09 
7.2988e-09 -5.59387e-09 
4.07837e-09 -3.68502e-09 
3.81682e-09 -5.37984e-09 
5.13534e-09 -5.94155e-09 
-1.36163e-10 -5.17985e-09 
4.96403e-09 -4.7928e-09 
-1.75285e-09 -6.16653e-09 
2.61934e-09 -4.78367e-09 
2.7895e-09 -4.73063e-09 
4.77301e-09 -4.8635e-09 
3.93081e-09 -4.86981e-09 
1.40412e-08 -4.73642e-09 
4.40397e-09 -2.55159e-09 
4.09525e-09 -4.67667e-09 
5.32407e-10 -3.44166e-09 
2.73119e-09 4.81942e-09 
5.26019e-09 -1.76296e-09 
-1.7032e-08 -4.67054e-09 
3.81743e-09 -4.73891e-09 
3.50809e-09 -4.57287e-09 
4.71515e-09 -4.63134e-09 
2.37479e-10 -4.7316e-09 
4.05611e-09 -1.27104e-08 
3.72225e-09 -4.75769e-09 
5.50705e-09 -5.84431e-09 
2.43406e-09 -4.59402e-09 
3.0538e-09 -2.70796e-09 
5.51878e-09 -4.47135e-09 
1.33132e-08 -4.79101e-09 
2.71454e-09 -4.70026e-09 
5.27207e-09 -4.25362e-09 
8.02822e-09 -5.00415e-09 
