3.78227e-09 -4.7598e-09 
-3.90825e-10 -4.00846e-09 
4.28247e-09 -5.38694e-09 
3.12552e-09 -4.85338e-09 
4.52536e-09 -4.69589e-09 
3.52095e-09 -4.78688e-09 
4.56646e-09 -4.8194e-09 
5.33459e-09 -3.597e-09 
7.04085e-09 -3.26767e-09 
8.99929e-10 -4.766e-09 
4.06331e-09 -4.46257e-09 
4.20957e-09 -4.69339e-09 
4.80043e-09 -1.09942e-08 
1.82443e-09 -4.73801e-09 
4.28528e-09 -4.73708e-09 
1.18179e-09 -4.92009e-09 
7.83246e-09 -4.80034e-09 
-6.1254e-10 -1.73292e-09 
4.09619e-09 -2.02357e-09 
4.11957e-09 -3.68739e-09 
4.11888e-09 -3.84362e-09 
3.97832e-09 -5.0423e-09 
-3.09876e-09 -4.67251e-09 
4.38114e-09 -4.7294e-09 
5.81739e-09 -4.05725e-09 
3.79404e-09 -4.68591e-09 
3.82893e-09 -4.73836e-09 
4.53968e-09 -5.38847e-09 
4.27046e-09 -2.50167e-09 
-7.62505e-09 -4.73345e-09 
4.36936e-09 -3.9135e-09 
4.19235e-09 -5.21168e-09 
-3.68737e-09 -9.09089e-09 
3.81874e-09 -3.63664e-09 
1.40669e-09 -3.15889e-09 
-1.34187e-08 -5.73489e-09 
4.33973e-09 -4.81166e-09 
8.35264e-09 -4.70795e-09 
5.4493e-09 -4.7029e-09 
4.23734e-09 -5.60835e-09 
3.88229e-09 -3.22681e-10 
3.99329e-09 -4.85204e-09 
5.27084e-09 -7.50978e-09 
7.52187e-09 -4.67584e-09 
4.61079e-09 -6.35398e-09 
-1.21962e-10 -4.42299e-09 
5.08143e-09 -5.22513e-09 
3.93496e-09 -4.6959e-09 
5.63662e-09 -5.15246e-09 
8.24418e-09 -4.83349e-09 
