4.28909e-09 -4.76268e-09 
-9.67414e-10 -4.37344e-09 
4.28663e-09 -4.53672e-09 
-4.32546e-10 -3.58452e-09 
4.53535e-09 -4.7942e-09 
4.06702e-09 -4.88219e-09 
3.19657e-09 -4.72945e-09 
5.10942e-09 -3.11139e-09 
3.688e-09 -5.09833e-09 
1.53138e-10 -4.88993e-09 
4.4732e-09 -4.82483e-09 
4.92309e-09 -4.87845e-09 
4.22099e-09 -1.31456e-08 
-1.53483e-08 -4.75988e-09 
4.28528e-09 -4.73708e-09 
1.24527e-09 -5.23981e-09 
9.14499e-09 -4.85957e-09 
-1.01459e-09 -1.31992e-10 
1.36387e-08 -4.96538e-09 
4.18704e-09 -4.4878e-09 
4.43388e-09 -7.11401e-10 
6.16158e-09 -4.58968e-09 
3.28126e-09 -4.83524e-09 
5.16661e-09 -4.76541e-09 
-3.58615e-10 -4.30464e-09 
2.48562e-09 -4.65984e-09 
4.71918e-09 -4.74153e-09 
3.99322e-09 -1.39632e-09 
4.09656e-09 -7.12368e-10 
2.35465e-09 -4.73747e-09 
4.26863e-09 -4.9214e-09 
4.10346e-09 -4.46863e-09 
6.53444e-09 -5.79499e-09 
2.12237e-09 3.59633e-09 
4.90704e-09 -2.39742e-09 
-3.05885e-08 -5.02436e-09 
4.24964e-09 -4.77569e-09 
4.1546e-09 -4.59625e-09 
4.93182e-09 -4.65742e-09 
5.13909e-09 -4.1804e-09 
2.96847e-09 -1.52788e-08 
3.96819e-09 -4.84768e-09 
5.77133e-09 -5.15666e-09 
6.70128e-09 -4.64124e-09 
3.82685e-09 -5.26902e-09 
1.81146e-09 -4.94613e-09 
9.97013e-09 -4.82647e-09 
3.83036e-09 -4.74844e-09 
6.6385e-09 -4.48966e-09 
7.19624e-09 -5.04658e-09 
