22.262 4.3061 
11.961 5.27546 
6.37774 -3.31189 
-24.6512 3.97346 
15.136 18.7473 
4.3679 5.22407 
-0.864265 -6.71215 
14.9071 -1.27407 
16.1797 8.22581 
23.0938 6.42712 
15.6549 -1.23224 
11.4147 3.0307 
17.1107 5.51747 
-0.0258897 4.80475 
5.30678 10.5124 
-6.49251 9.05549 
17.2549 15.1622 
18.9045 5.05915 
14.7816 -4.91325 
12.7064 21.8315 
11.3896 1.86134 
-7.5234 4.01089 
18.4512 7.45008 
9.36151 5.19734 
17.5007 11.8847 
5.06017 -4.35295 
12.157 5.99723 
19.675 2.86535 
-4.84611 4.82916 
1.61543 32.768 
18.256 -2.66827 
-2.51772 5.06293 
14.2382 6.88119 
10.7126 5.74142 
2.84278 3.35796 
9.64904 -5.7863 
16.8747 -4.73961 
7.78964 -3.94633 
31.9003 9.29007 
17.2237 4.03976 
8.62158 15.1877 
-3.50637 -7.5006 
15.4185 8.31863 
12.5881 3.11761 
15.9348 8.05904 
3.15378 11.3995 
26.6653 3.70071 
6.8497 9.97482 
-3.09757 13.1199 
4.95788 3.8867 
