4.07221e-09 -4.90008e-09 
-1.01423e-10 -3.73517e-09 
4.27739e-09 -3.27929e-09 
9.54029e-10 -6.74981e-09 
4.12264e-09 -4.70416e-09 
4.11891e-09 -4.74352e-09 
4.25132e-09 -4.80412e-09 
5.19246e-09 -4.60713e-09 
-3.52168e-09 -4.37787e-09 
2.5668e-09 -4.90246e-09 
4.60325e-09 -4.75147e-09 
4.50795e-09 -4.94373e-09 
4.33113e-09 -1.45122e-08 
-1.93181e-08 -4.74704e-09 
4.28528e-09 -4.73708e-09 
7.52099e-09 -5.42424e-09 
8.94426e-09 -4.86365e-09 
-3.62873e-10 -5.8081e-09 
1.26487e-08 -6.92574e-09 
3.81116e-09 -3.66718e-09 
4.28214e-09 -2.6599e-09 
5.1334e-09 -4.39926e-09 
2.12679e-09 -4.89654e-09 
5.46288e-09 -4.76599e-09 
7.10809e-09 -5.92284e-09 
2.37867e-09 -5.1468e-09 
4.10036e-09 -4.73913e-09 
4.28494e-09 -5.98293e-09 
3.9007e-09 -6.49002e-10 
1.46492e-08 -4.73601e-09 
4.48686e-09 -3.7843e-09 
4.2143e-09 -4.82745e-09 
6.13488e-09 -7.95486e-09 
5.07207e-09 -6.27692e-09 
2.27946e-09 -2.52544e-09 
2.0508e-08 -5.16063e-09 
4.11501e-09 -4.84584e-09 
5.45955e-09 -4.33152e-09 
4.1626e-09 -4.6603e-09 
7.10871e-09 -4.82426e-09 
2.80426e-09 -4.88494e-09 
4.27252e-09 -4.74565e-09 
4.65101e-09 -5.48895e-09 
5.06433e-09 -4.73556e-09 
3.7621e-09 -5.75381e-09 
4.10741e-09 -4.9973e-09 
3.57249e-09 -4.83671e-09 
3.12196e-09 -4.80104e-09 
6.16411e-09 -3.88335e-09 
5.105e-09 -5.41737e-09 
