4.1968e-09 -4.77639e-09 
7.64726e-09 -4.50372e-09 
4.28546e-09 -6.57491e-09 
-6.26106e-10 -5.48337e-09 
4.90259e-09 -4.58319e-09 
4.08424e-09 -4.79239e-09 
2.67584e-09 -4.73404e-09 
4.44488e-09 -5.43511e-09 
4.94703e-09 -3.53459e-09 
8.861e-09 -4.85995e-09 
4.48615e-09 -4.37385e-09 
4.32854e-09 -5.05376e-09 
4.4683e-09 -5.95027e-09 
9.64274e-09 -4.74227e-09 
4.28528e-09 -4.73708e-09 
2.93834e-09 -6.22504e-09 
7.49922e-09 -4.74304e-09 
5.25421e-09 9.58927e-10 
2.88763e-09 9.35122e-10 
4.26378e-09 -4.61507e-09 
3.96253e-09 -4.5362e-09 
6.70148e-09 -5.47996e-09 
1.06971e-09 -5.02293e-09 
4.77658e-09 -4.74975e-09 
-9.76393e-09 -3.93231e-09 
2.18885e-09 -4.68623e-09 
3.02829e-09 -4.73105e-09 
4.46264e-09 -1.20272e-09 
3.81162e-09 -6.50635e-09 
-3.34373e-09 -4.73116e-09 
4.34036e-09 -4.37172e-09 
4.0967e-09 -4.97986e-09 
-1.3265e-08 -2.92433e-09 
1.77598e-09 -5.28001e-09 
2.49918e-09 -7.28981e-09 
-4.13974e-08 -5.07354e-09 
4.20473e-09 -4.72601e-09 
6.73452e-09 -4.52846e-09 
4.58005e-09 -4.6344e-09 
-7.29823e-09 -4.96935e-09 
5.37633e-09 -6.93764e-09 
3.72493e-09 -4.54377e-09 
4.34037e-09 -5.51706e-09 
5.78208e-09 -4.68138e-09 
4.37346e-09 -4.41175e-09 
3.11139e-09 -4.32016e-09 
7.45417e-09 -4.97464e-09 
3.19827e-09 -4.69299e-09 
2.36959e-09 -5.24515e-09 
1.03393e-08 -4.92776e-09 
