-3.61526e-10 -3.00586e-10 
-2.14671e-10 -1.64676e-10 
4.51673e-10 -3.26977e-10 
-1.46977e-10 -2.62791e-10 
-4.81632e-10 -2.91467e-10 
-3.7528e-10 -5.106e-10 
-2.42311e-11 2.27172e-09 
1.05952e-11 2.67929e-11 
-1.95227e-10 -1.6964e-10 
-9.00096e-11 -2.91643e-10 
-6.74968e-10 5.0279e-10 
8.2929e-11 -1.23991e-10 
-5.40874e-10 -6.12038e-10 
-5.93751e-10 -2.38516e-10 
-1.57339e-10 -1.47059e-10 
-4.16496e-10 -5.11335e-11 
-2.45338e-10 -1.18329e-10 
-2.7777e-10 -5.55754e-10 
-5.0606e-11 5.44853e-10 
-1.01402e-10 1.58158e-10 
