3.87756e-09 -4.68951e-09 
-2.70758e-09 -4.61359e-09 
4.27767e-09 -3.07872e-09 
3.31299e-09 -6.49804e-09 
4.19975e-09 -4.66484e-09 
4.10977e-09 -4.92738e-09 
3.45954e-09 -4.73477e-09 
5.36055e-09 -1.91495e-09 
6.55494e-09 -2.34691e-09 
4.02496e-09 -4.78094e-09 
4.46084e-09 -4.63939e-09 
4.7649e-09 -4.97353e-09 
4.59989e-09 -1.54186e-08 
-9.19079e-09 -4.75169e-09 
4.28528e-09 -4.73708e-09 
6.27607e-10 -4.96282e-09 
8.91356e-09 -5.02204e-09 
-1.30323e-09 -5.83987e-09 
7.41684e-09 -8.77502e-09 
4.06127e-09 -3.88106e-09 
4.39633e-09 -1.07929e-09 
3.36844e-09 -4.34009e-09 
2.92268e-09 -4.77664e-09 
4.74541e-09 -4.77395e-09 
6.94021e-09 -5.88883e-09 
4.09029e-09 -5.88333e-09 
4.41512e-09 -4.73644e-09 
4.28679e-09 -3.24582e-09 
4.02778e-09 -2.81251e-09 
1.03767e-08 -4.73807e-09 
4.34056e-09 -3.66757e-09 
4.2494e-09 -5.0749e-09 
9.32365e-09 -9.7069e-09 
4.86058e-09 9.53512e-09 
5.68701e-09 -1.98226e-11 
1.31425e-08 -4.89659e-09 
3.75012e-09 -4.80511e-09 
4.63631e-09 -4.57138e-09 
4.76924e-09 -4.71653e-09 
7.4519e-09 -5.39846e-09 
1.46936e-09 -9.41236e-09 
4.27383e-09 -4.94857e-09 
5.98011e-09 -5.13737e-09 
7.07531e-09 -4.73105e-09 
3.80851e-09 -6.02086e-09 
1.61192e-09 -4.94251e-09 
4.20635e-09 -4.83155e-09 
4.27918e-09 -4.65932e-09 
9.39281e-09 -4.61913e-09 
8.29341e-09 -5.56173e-09 
