0.00309481 -0.0919652 
-0.208676 -0.0968834 
-0.256443 -0.942155 
-0.0259191 -0.0961262 
-0.0115813 -0.183901 
-0.0266329 0.0247663 
-0.0985528 -0.0994241 
-0.239311 0.00936538 
-0.0672982 -0.0783356 
-0.0586829 -0.018204 
-0.0475613 -0.108321 
-0.00153468 -0.0697312 
-0.00967394 -0.189084 
-0.144846 -0.112568 
-0.0396502 -0.181075 
-0.0762195 -0.114816 
0.0929709 -0.161812 
-0.0597301 0.0655765 
-0.159308 -0.158471 
-0.00955031 -0.0555488 
-0.322074 -0.0410912 
-0.102127 -0.118157 
-0.12997 -0.0558101 
-0.224764 -0.0173715 
-0.00351661 -0.0922285 
-0.0140829 0.226197 
-0.0567565 -0.0958801 
-0.0125802 -0.105136 
-0.168097 -0.0789919 
0.121672 -0.106914 
-0.0204997 -0.102382 
-0.167372 -0.107045 
-0.110525 -0.105376 
-0.0739762 -0.13147 
-0.0141013 -0.108982 
-0.193413 -0.105267 
-0.0597357 -0.0969274 
-0.104117 -0.144363 
-0.178212 -0.0944491 
0.0172876 -0.0957556 
-0.104234 -0.118299 
-0.0133965 -0.0037997 
0.217493 -0.0978601 
-0.160154 -0.109892 
-0.185337 -0.107235 
-0.0561221 -0.103242 
-0.0949077 -0.15021 
-0.0711817 -0.150508 
-0.129608 0.170639 
-0.0301672 -0.0590903 
