4.04831e-09 -4.75047e-09 
-5.33488e-11 -4.35186e-09 
4.28812e-09 -5.71246e-09 
-3.39913e-09 -7.13516e-09 
4.49786e-09 -4.64633e-09 
4.28934e-09 -4.84545e-09 
2.00438e-09 -4.84194e-09 
4.74606e-09 -3.77209e-09 
-7.33981e-10 -3.55965e-09 
3.39317e-09 -4.72908e-09 
4.43e-09 -4.96393e-09 
4.47359e-09 -5.08364e-09 
4.41748e-09 -9.20877e-09 
-9.33989e-09 -4.7375e-09 
4.28528e-09 -4.73708e-09 
3.7438e-09 -4.64804e-09 
4.56306e-09 -4.82326e-09 
5.4549e-10 -4.31933e-09 
5.03356e-09 -6.76036e-09 
4.2593e-09 -4.45418e-09 
4.23318e-09 -4.14748e-09 
9.91096e-10 -5.70245e-09 
1.05194e-09 -5.07168e-09 
4.95759e-09 -4.76287e-09 
7.7612e-09 -4.85991e-09 
3.53492e-09 -5.15284e-09 
2.97074e-09 -4.73914e-09 
4.44216e-09 -2.52071e-09 
3.90057e-09 -1.55935e-09 
4.61929e-09 -4.73882e-09 
4.58621e-09 -3.90944e-09 
3.88967e-09 -5.08826e-09 
1.08939e-08 -6.39551e-09 
1.96917e-09 2.2028e-09 
3.28274e-09 -3.2143e-09 
-3.21852e-08 -5.01203e-09 
3.99316e-09 -4.74978e-09 
5.3253e-09 -4.79769e-09 
4.11586e-09 -4.76924e-09 
3.45667e-09 -4.79102e-09 
3.72298e-09 -8.34934e-09 
3.6592e-09 -4.70189e-09 
6.95684e-09 -6.82063e-09 
9.06098e-09 -4.75369e-09 
3.88082e-09 -7.11441e-09 
5.13894e-09 -4.54955e-09 
7.19047e-09 -4.85366e-09 
5.62734e-09 -4.72905e-09 
4.71699e-09 -4.92496e-09 
1.06465e-08 -5.29517e-09 
