-5.44082e-10 -5.78546e-10 
-3.98227e-10 -1.07898e-10 
-4.45601e-10 -7.51224e-11 
-2.27508e-10 -2.76023e-10 
-1.84846e-10 1.33056e-12 
-1.48217e-09 -9.32264e-11 
-3.42099e-10 -1.71441e-09 
-3.06548e-10 -4.04121e-11 
-3.63177e-10 -3.73786e-10 
-4.13769e-10 -4.89649e-11 
-2.16849e-10 -9.88692e-11 
-3.2801e-10 -1.34737e-10 
-1.00905e-10 7.81689e-10 
-1.6393e-10 1.94178e-11 
-3.61694e-10 -5.69228e-11 
-4.17259e-10 -3.0628e-10 
-4.38422e-10 -8.43556e-11 
-4.43914e-10 2.81544e-11 
-4.68632e-10 -7.24418e-10 
-1.59938e-10 2.03704e-10 
