3.95806e-09 -4.84962e-09 
5.98893e-10 -4.41259e-09 
4.26534e-09 -1.87408e-09 
7.26387e-09 -3.2864e-09 
4.24337e-09 -4.6259e-09 
4.93398e-09 -4.78525e-09 
3.47265e-09 -4.84194e-09 
4.44722e-09 -5.22031e-09 
1.23825e-09 -2.39143e-09 
8.58691e-09 -4.72365e-09 
4.49678e-09 -5.27361e-09 
4.41081e-09 -5.28267e-09 
4.41637e-09 -8.9689e-09 
-2.00187e-08 -4.7364e-09 
4.28528e-09 -4.73708e-09 
3.85208e-09 -5.34987e-09 
1.10253e-08 -4.88487e-09 
6.14221e-10 -4.46432e-10 
8.57199e-09 -1.17725e-09 
4.0557e-09 -4.61112e-09 
4.00607e-09 -2.60353e-09 
9.00624e-09 -5.67048e-09 
7.06528e-10 -4.67509e-09 
4.80113e-09 -4.73136e-09 
-2.01496e-09 -5.55667e-09 
2.10628e-09 -4.94744e-09 
3.14856e-09 -4.73037e-09 
4.56698e-09 -6.68966e-09 
4.00024e-09 -4.81403e-09 
4.90053e-09 -4.73114e-09 
4.23815e-09 -5.01372e-09 
3.95601e-09 -4.66716e-09 
-6.26741e-09 -5.70457e-09 
3.17141e-09 -3.86387e-09 
4.13454e-09 -1.89925e-10 
1.39982e-08 -4.81014e-09 
4.24137e-09 -4.85586e-09 
5.74406e-09 -4.57773e-09 
5.23195e-09 -4.76232e-09 
-2.02237e-09 -5.38266e-09 
2.37559e-09 -6.35918e-09 
4.3384e-09 -4.80037e-09 
1.99042e-09 -5.43317e-09 
8.13794e-09 -4.85873e-09 
3.96449e-09 -5.53951e-09 
3.52587e-09 -4.7382e-09 
3.53362e-09 -4.63254e-09 
6.21876e-09 -4.67983e-09 
5.44294e-09 -4.62778e-09 
3.18094e-09 -4.22229e-09 
