4.0663e-09 -4.71451e-09 
3.29513e-09 -4.49306e-09 
4.27855e-09 -8.93563e-09 
4.38729e-09 -3.52485e-09 
4.19243e-09 -4.53082e-09 
5.33192e-09 -4.75268e-09 
3.14275e-09 -4.77401e-09 
4.52629e-09 -4.23597e-09 
4.15909e-09 -1.6052e-09 
6.58943e-09 -4.85812e-09 
4.59961e-09 -4.88365e-09 
4.28456e-09 -5.09364e-09 
4.46183e-09 -8.82428e-09 
-2.68445e-09 -4.77027e-09 
4.28528e-09 -4.73708e-09 
4.43253e-09 -4.06571e-09 
9.83585e-09 -4.96333e-09 
4.01222e-09 -7.10902e-10 
6.39548e-09 -4.65683e-09 
4.4823e-09 -4.09985e-09 
4.13336e-09 -3.69019e-09 
1.00226e-09 -5.9024e-09 
-3.33889e-12 -4.97017e-09 
5.37474e-09 -4.72217e-09 
-1.57364e-09 -5.09692e-09 
2.88357e-09 -5.00479e-09 
3.34468e-09 -4.73233e-09 
4.37598e-09 -7.45272e-09 
4.60158e-09 -3.02188e-09 
3.51198e-09 -4.73861e-09 
4.54302e-09 -6.57903e-09 
3.92891e-09 -4.87468e-09 
7.03535e-09 -6.74744e-09 
2.46053e-09 2.20204e-09 
4.26677e-09 -2.14049e-09 
4.43834e-09 -5.26005e-09 
3.93554e-09 -4.85505e-09 
6.87965e-09 -4.79007e-09 
4.39066e-09 -4.6831e-09 
2.27728e-09 -4.87757e-09 
1.67823e-09 -6.77769e-09 
4.60535e-09 -4.80843e-09 
2.7597e-09 -6.36172e-09 
8.91957e-09 -4.8573e-09 
4.10545e-09 -5.73844e-09 
2.44894e-09 -4.83864e-09 
4.1411e-09 -5.13968e-09 
7.10782e-09 -4.68613e-09 
7.62745e-09 -4.95427e-09 
1.16484e-08 -5.35498e-09 
