4.09027e-09 -4.77715e-09 
2.50256e-09 -4.67636e-09 
4.2913e-09 -2.18767e-09 
-1.23937e-09 -7.3852e-09 
4.63724e-09 -4.60665e-09 
2.85525e-09 -4.74472e-09 
3.41417e-09 -4.78855e-09 
4.7609e-09 -5.11442e-09 
-5.43269e-09 -7.53501e-09 
3.69484e-09 -4.82183e-09 
4.28375e-09 -4.37305e-09 
4.98733e-09 -4.41712e-09 
4.54543e-09 -3.144e-09 
-1.17959e-09 -4.74202e-09 
4.28528e-09 -4.73708e-09 
3.71389e-09 -6.19979e-09 
6.06389e-09 -4.81643e-09 
5.79414e-10 -5.68363e-09 
1.05824e-08 -7.05608e-10 
3.53697e-09 -4.05049e-09 
4.157e-09 -4.49047e-09 
9.26094e-09 -4.71423e-09 
8.2569e-10 -4.98897e-09 
4.94799e-09 -4.80705e-09 
9.86247e-09 -5.18682e-09 
5.01968e-09 -5.24758e-09 
4.55183e-09 -4.73929e-09 
4.55457e-09 1.11797e-09 
3.71238e-09 -6.13144e-09 
2.90409e-09 -4.73716e-09 
4.39709e-09 3.79355e-09 
4.15798e-09 -5.08735e-09 
2.62256e-09 -7.457e-09 
3.19252e-09 -7.10532e-09 
3.32077e-09 -1.76054e-09 
-4.9228e-08 -4.75402e-09 
4.09893e-09 -4.66122e-09 
4.32599e-09 -4.63371e-09 
4.41953e-09 -4.66228e-09 
-4.17288e-09 -5.99794e-09 
3.54198e-09 -5.99733e-09 
3.5832e-09 -4.73775e-09 
8.00302e-09 -5.85805e-09 
2.51662e-09 -4.60724e-09 
4.28661e-09 -5.11879e-09 
2.7995e-09 -4.70211e-09 
6.21814e-09 -5.18402e-09 
3.71469e-09 -4.74776e-09 
4.01594e-09 -4.80556e-09 
1.57967e-09 -4.55773e-09 
