-8.60792e-10 -7.7996e-10 
-2.63927e-10 -7.02265e-11 
-7.74832e-10 9.48651e-11 
-2.74374e-10 -2.36542e-10 
-2.57457e-10 -1.17668e-11 
2.05103e-09 5.16873e-11 
-3.84623e-10 3.80606e-10 
-3.76199e-10 -5.88012e-11 
-5.60501e-10 -4.94036e-13 
-3.89248e-10 -8.39483e-11 
-1.09192e-10 -7.01578e-10 
-7.28511e-10 -1.08925e-10 
-4.33265e-10 -1.63231e-10 
-4.00306e-10 -3.9711e-11 
-6.90013e-10 -6.88727e-11 
-4.07238e-10 -9.01356e-11 
-4.81274e-10 -7.8525e-11 
-3.05858e-10 7.89952e-11 
-1.74688e-10 -4.58991e-10 
-3.16684e-10 -4.74382e-11 
