4.19122e-09 -4.82912e-09 
4.34753e-09 -4.11033e-09 
4.27747e-09 -4.64349e-09 
-2.19836e-10 -5.62548e-09 
4.17529e-09 -4.79783e-09 
3.87485e-09 -4.88405e-09 
4.17164e-09 -4.77015e-09 
4.45739e-09 -3.97477e-09 
7.45271e-09 -2.22909e-10 
5.04746e-09 -4.83951e-09 
4.38532e-09 -4.23879e-09 
4.16888e-09 -5.1682e-09 
4.45239e-09 -1.4487e-08 
-7.05939e-09 -4.74689e-09 
4.28528e-09 -4.73708e-09 
3.47065e-09 -5.92135e-09 
1.15399e-08 -4.87169e-09 
4.75373e-09 -1.77515e-10 
8.50507e-09 -5.44336e-09 
4.48846e-09 -4.60002e-09 
4.01093e-09 -4.25108e-09 
4.83262e-09 -6.53254e-09 
5.75925e-09 -4.53689e-09 
4.47546e-09 -4.72773e-09 
-2.78498e-09 -4.49996e-09 
6.70955e-10 -4.63323e-09 
4.02625e-09 -4.73256e-09 
4.24074e-09 -6.46957e-09 
4.34036e-09 -5.1298e-09 
-1.27718e-09 -4.73597e-09 
4.13443e-09 -7.20658e-09 
3.93961e-09 -4.53774e-09 
4.77004e-10 -4.74045e-09 
3.52902e-09 5.6612e-09 
2.27743e-09 -1.61003e-09 
1.36472e-08 -4.81761e-09 
4.27193e-09 -4.87878e-09 
7.52032e-09 -4.36539e-09 
5.22225e-09 -4.65344e-09 
-2.01448e-09 -4.70106e-09 
2.68783e-09 -4.04785e-09 
5.01047e-09 -4.8086e-09 
2.78879e-09 -7.41594e-09 
8.53068e-09 -4.94319e-09 
3.88643e-09 -6.55197e-09 
3.37991e-09 -4.71627e-09 
3.98185e-09 -4.82851e-09 
6.01671e-09 -4.69948e-09 
5.10936e-09 -4.69033e-09 
1.22955e-08 -5.28298e-09 
