4.03749e-09 -4.74968e-09 
3.71576e-09 -4.25941e-09 
4.28902e-09 -2.66646e-09 
4.15694e-09 -4.14332e-09 
4.84349e-09 -4.70203e-09 
4.89165e-09 -4.52487e-09 
3.31238e-09 -4.79532e-09 
4.76971e-09 -5.25842e-09 
2.78969e-09 -2.2144e-09 
7.41767e-09 -4.85089e-09 
4.39918e-09 -5.10294e-09 
4.7652e-09 -4.98429e-09 
4.59941e-09 -1.14191e-08 
-7.84587e-09 -4.73527e-09 
4.28528e-09 -4.73708e-09 
3.00078e-09 -5.57126e-09 
1.13368e-08 -4.79613e-09 
1.75977e-09 -2.83176e-09 
1.19526e-08 -6.84421e-10 
3.90293e-09 -4.12139e-09 
4.14916e-09 -3.561e-09 
6.99224e-09 -5.19789e-09 
3.31164e-09 -5.10993e-09 
5.12111e-09 -4.77284e-09 
2.90891e-09 -5.42524e-09 
-2.18595e-09 -4.30903e-09 
3.90794e-09 -4.7346e-09 
4.42056e-09 -6.14765e-09 
3.64548e-09 -5.36911e-09 
3.666e-09 -4.73409e-09 
4.51643e-09 -1.16358e-09 
4.09808e-09 -4.80088e-09 
3.25168e-09 -9.75201e-09 
2.30605e-09 -7.31356e-09 
3.65333e-09 -4.45247e-09 
-4.23769e-08 -4.88184e-09 
4.29497e-09 -4.79568e-09 
4.18115e-09 -4.67059e-09 
4.56815e-09 -4.64623e-09 
-1.12732e-08 -5.88264e-09 
5.45062e-09 -5.09187e-09 
4.94971e-09 -4.75291e-09 
5.4524e-09 -4.30108e-09 
7.42959e-09 -4.91729e-09 
3.59044e-09 -6.18076e-09 
1.66419e-09 -4.57548e-09 
6.16168e-09 -4.81545e-09 
3.23822e-09 -4.74671e-09 
6.67138e-09 -4.75791e-09 
-1.03961e-09 -4.20743e-09 
