4.2653e-09 -4.61345e-09 
6.31086e-09 -4.59167e-09 
4.28015e-09 -2.44121e-09 
3.77115e-09 -7.56453e-09 
5.3502e-09 -4.79022e-09 
4.21868e-09 -4.76818e-09 
3.64254e-09 -4.85429e-09 
4.6636e-09 -4.57625e-09 
7.15187e-09 -3.31539e-09 
4.42877e-09 -4.80442e-09 
4.31327e-09 -4.93264e-09 
5.02031e-09 -4.71366e-09 
4.00998e-09 -6.29973e-09 
-1.26867e-08 -4.71112e-09 
4.28528e-09 -4.73708e-09 
3.61648e-09 -5.90467e-09 
9.65021e-09 -4.91462e-09 
2.35159e-09 -8.5501e-10 
1.23687e-08 -6.56949e-09 
4.41496e-09 -4.25926e-09 
3.89823e-09 -5.02235e-09 
5.62494e-09 -8.08007e-09 
5.22287e-10 -4.65206e-09 
4.34464e-09 -4.74107e-09 
-1.66171e-09 -5.29574e-09 
-1.82485e-09 -4.90575e-09 
3.88875e-09 -4.73226e-09 
4.50813e-09 -5.36123e-09 
3.71489e-09 -4.94148e-09 
3.84976e-09 -4.73172e-09 
4.60275e-09 -1.23311e-09 
4.19012e-09 -4.90642e-09 
-2.48062e-09 -6.61254e-09 
1.85369e-09 -3.74269e-09 
3.32005e-09 4.88805e-10 
-1.26282e-08 -5.2125e-09 
4.00453e-09 -4.78403e-09 
5.99184e-09 -4.47036e-09 
4.95573e-09 -4.63912e-09 
-1.08123e-08 -4.72096e-09 
4.77146e-09 -5.3296e-09 
4.69003e-09 -4.7912e-09 
5.47783e-09 -5.72234e-09 
5.17526e-09 -4.73107e-09 
4.05775e-09 -5.99315e-09 
-2.74882e-10 -4.45114e-09 
1.02645e-08 -4.9177e-09 
5.27712e-09 -4.77875e-09 
6.29863e-09 -4.87096e-09 
-3.35924e-09 -6.06951e-09 
