6.96999e-10 -1.17131e-09 
-1.29829e-10 -6.45517e-11 
9.3125e-10 -1.92878e-10 
2.64467e-10 -2.38128e-10 
2.56483e-10 -7.28985e-11 
-1.52521e-09 1.40982e-10 
3.48292e-10 6.27933e-11 
2.38991e-10 1.49741e-10 
2.7509e-10 -5.79423e-12 
4.71095e-10 -4.16156e-10 
5.20339e-10 -2.02797e-10 
7.45693e-10 -2.19211e-10 
5.76303e-10 6.61436e-10 
5.25796e-10 7.47092e-11 
-3.75029e-10 -4.52156e-11 
1.45096e-10 -3.62341e-10 
3.1369e-10 -1.19504e-10 
-1.6442e-10 -5.13246e-10 
-9.63773e-11 -4.38978e-10 
2.27632e-10 2.30348e-11 
