4.03956e-09 -4.83898e-09 
-1.49106e-09 -4.01917e-09 
4.27273e-09 -6.06047e-09 
9.06013e-10 -5.16286e-09 
6.21787e-09 -4.6803e-09 
4.02127e-09 -4.81577e-09 
4.41922e-09 -4.76226e-09 
4.95629e-09 -4.15718e-09 
-5.08057e-10 -3.56837e-09 
7.2294e-09 -4.82286e-09 
4.27805e-09 -4.95662e-09 
3.85031e-09 -4.88921e-09 
4.62801e-09 -1.42537e-08 
2.33231e-09 -4.74794e-09 
4.28528e-09 -4.73708e-09 
2.6929e-09 -4.27382e-09 
5.23188e-09 -4.91552e-09 
-3.33733e-09 -5.93276e-09 
1.24475e-08 -3.02121e-10 
4.15019e-09 -3.29812e-09 
4.48728e-09 -1.1239e-09 
5.85724e-09 -4.09668e-09 
-1.69683e-09 -5.38757e-09 
4.0978e-09 -4.79065e-09 
1.35149e-09 -4.47456e-09 
4.75183e-09 -5.32334e-09 
3.86047e-09 -4.73495e-09 
4.45873e-09 -1.25456e-09 
4.08976e-09 -4.23645e-09 
1.97795e-09 -4.73005e-09 
4.26132e-09 -5.23341e-09 
4.15851e-09 -4.93478e-09 
-3.2329e-09 -9.9036e-09 
2.88432e-09 -4.58249e-09 
4.06654e-09 -7.19884e-09 
-2.5582e-08 -5.19494e-09 
4.51823e-09 -4.75847e-09 
6.67452e-09 -4.72726e-09 
5.84699e-09 -4.67876e-09 
4.7429e-09 -5.09046e-09 
3.08744e-09 -7.68234e-09 
3.96909e-09 -4.81609e-09 
4.89724e-09 -5.49635e-09 
8.05147e-09 -4.7384e-09 
3.78467e-09 -5.08362e-09 
6.82885e-09 -4.72953e-09 
6.10468e-09 -4.89779e-09 
2.95308e-09 -4.70885e-09 
4.8784e-09 -4.79216e-09 
-1.42519e-08 -4.67455e-09 
