-2.43742e-10 -1.73522e-09 
-1.56404e-10 -6.47729e-11 
2.45359e-10 -3.97174e-11 
4.90648e-10 6.16249e-11 
4.50434e-10 -5.99022e-11 
8.01764e-10 3.02589e-10 
7.17484e-10 7.55259e-10 
3.75866e-10 -2.12847e-10 
7.78114e-10 -1.6942e-10 
-7.37397e-11 7.14575e-11 
9.15601e-10 -3.91143e-10 
-5.45577e-10 4.79881e-11 
7.15544e-11 1.18912e-10 
9.62757e-10 2.05858e-10 
5.09249e-10 -1.78809e-11 
-2.13829e-10 3.13627e-10 
7.36802e-10 -6.90864e-11 
2.46459e-10 1.68708e-10 
1.10042e-10 4.97906e-10 
2.90062e-10 1.72916e-10 
