4.14527e-09 -4.79216e-09 
1.78358e-09 -4.06252e-09 
4.27816e-09 -3.49432e-09 
-6.83405e-10 -5.49688e-09 
5.32453e-09 -4.65986e-09 
4.5894e-09 -4.82747e-09 
5.15685e-09 -4.77873e-09 
4.67682e-09 -5.50925e-09 
-5.84698e-10 -2.31931e-09 
4.58432e-09 -4.84963e-09 
4.72212e-09 -4.39098e-09 
4.78995e-09 -4.99121e-09 
4.79177e-09 -1.14625e-08 
-1.60707e-09 -4.72451e-09 
4.28528e-09 -4.73708e-09 
4.68809e-09 -3.16635e-09 
1.07697e-08 -4.79602e-09 
4.09356e-09 -1.93789e-09 
4.07625e-09 -2.03851e-09 
4.56807e-09 -4.50478e-09 
4.36785e-09 -3.41906e-09 
7.829e-09 -4.55685e-09 
3.99126e-09 -4.83448e-09 
3.2558e-09 -4.75685e-09 
7.69569e-09 -3.9389e-09 
5.04889e-09 -4.94292e-09 
3.76628e-09 -4.73545e-09 
4.21894e-09 -3.69997e-09 
3.8458e-09 -3.17853e-09 
-7.88927e-10 -4.73797e-09 
4.26214e-09 -5.59866e-09 
3.86998e-09 -5.22032e-09 
-2.99723e-09 -1.13705e-08 
3.51902e-09 2.76222e-09 
5.51093e-09 -5.85229e-09 
2.54544e-08 -5.31368e-09 
3.96462e-09 -4.74539e-09 
5.91873e-09 -4.32503e-09 
5.84054e-09 -4.58111e-09 
-5.3285e-09 -5.31698e-09 
4.48045e-09 -7.49951e-09 
3.9281e-09 -4.72263e-09 
4.8432e-09 -7.10916e-09 
6.65861e-09 -4.86101e-09 
4.33964e-09 -5.54857e-09 
4.33114e-09 -4.65326e-09 
6.93263e-09 -4.84276e-09 
4.32237e-09 -4.74893e-09 
4.40235e-09 -4.90877e-09 
7.43836e-09 -5.32157e-09 
