4.16057e-09 -4.72752e-09 
2.08603e-09 -4.72561e-09 
4.26478e-09 -5.37856e-09 
1.31248e-09 -5.55642e-09 
5.78203e-09 -4.67186e-09 
3.78795e-09 -4.70193e-09 
3.26066e-09 -4.79021e-09 
5.21963e-09 -4.80776e-09 
-1.30552e-08 -5.3403e-09 
5.92423e-09 -4.78492e-09 
4.06849e-09 -4.57695e-09 
4.55793e-09 -4.39815e-09 
4.30395e-09 -7.66556e-09 
3.54693e-10 -4.77225e-09 
4.28528e-09 -4.73708e-09 
3.83152e-09 -5.68788e-09 
9.03518e-09 -4.66861e-09 
2.61648e-09 -3.35198e-09 
-4.39275e-10 -4.55384e-09 
4.43483e-09 -5.03584e-09 
4.45474e-09 -3.88603e-09 
-6.66335e-10 -5.14068e-09 
4.3589e-09 -4.74416e-09 
4.55877e-09 -4.82646e-09 
3.85354e-10 -4.27614e-09 
4.0146e-09 -5.15831e-09 
3.60727e-09 -4.73647e-09 
4.50487e-09 -3.32424e-09 
4.17728e-09 -4.10064e-09 
1.40074e-09 -4.73972e-09 
4.48904e-09 -2.91421e-09 
3.96085e-09 -5.08867e-09 
1.18973e-09 -1.1587e-08 
3.46056e-09 -1.37488e-09 
6.32067e-09 -1.14338e-08 
-1.84893e-08 -4.94901e-09 
4.41383e-09 -4.76378e-09 
4.54205e-09 -4.40732e-09 
4.46654e-09 -4.70408e-09 
-1.44929e-08 -4.98289e-09 
3.95345e-09 -9.33336e-09 
4.14921e-09 -4.69037e-09 
5.07859e-09 -8.51639e-09 
9.91258e-09 -4.95151e-09 
3.94766e-09 -4.25087e-09 
3.77251e-09 -4.60403e-09 
5.08084e-09 -4.85527e-09 
3.21624e-09 -4.76369e-09 
4.40254e-09 -4.91089e-09 
1.52849e-08 -4.72519e-09 
