3.93231e-09 -4.74813e-09 
2.48099e-09 -4.58249e-09 
4.28743e-09 -4.31225e-09 
1.42355e-09 -6.12616e-09 
4.57357e-09 -4.71079e-09 
4.04543e-09 -4.86322e-09 
3.24481e-09 -4.75285e-09 
4.16573e-09 -4.18424e-09 
2.26987e-09 -6.64444e-09 
5.15611e-09 -4.85015e-09 
3.99174e-09 -4.4711e-09 
4.7231e-09 -5.07899e-09 
4.19429e-09 -1.20822e-08 
-2.36163e-10 -4.77575e-09 
4.28528e-09 -4.73708e-09 
3.57379e-09 -3.40774e-09 
2.24208e-09 -5.31171e-09 
4.00143e-09 -3.74427e-09 
3.78224e-09 -9.07685e-10 
4.09699e-09 -1.25943e-09 
4.24448e-09 -1.77017e-09 
5.49163e-09 -6.29994e-09 
8.26029e-10 -4.8871e-09 
4.54729e-09 -4.68323e-09 
1.55292e-08 -5.2604e-09 
2.56985e-09 -5.5612e-09 
4.76473e-09 -4.73773e-09 
4.57721e-09 -4.539e-09 
4.42887e-09 -4.19774e-09 
2.29303e-09 -4.72702e-09 
4.60059e-09 -4.46049e-09 
4.17036e-09 -4.70428e-09 
5.77196e-10 -7.5718e-09 
5.50424e-09 6.20449e-10 
7.96346e-11 -5.21633e-09 
-4.06213e-08 -4.79986e-09 
3.92099e-09 -4.83073e-09 
5.82203e-09 -4.83247e-09 
5.53243e-09 -4.60794e-09 
-1.84791e-09 -5.23186e-09 
3.35422e-09 -5.52814e-09 
4.22068e-09 -4.70016e-09 
6.53556e-09 -3.60557e-09 
8.40188e-09 -4.51363e-09 
3.91418e-09 -5.6597e-09 
8.61392e-10 -4.79732e-09 
5.28614e-09 -4.70607e-09 
5.05914e-09 -4.7279e-09 
4.00615e-09 -4.66188e-09 
1.3768e-08 -5.15789e-09 
