4.24329e-09 -4.77542e-09 
1.42741e-09 -4.53011e-09 
4.26439e-09 -4.86171e-09 
2.76265e-09 -5.57647e-09 
5.12913e-09 -4.64178e-09 
3.94818e-09 -4.71218e-09 
4.788e-09 -4.74644e-09 
5.04555e-09 -4.48916e-09 
-1.02327e-08 -5.75092e-09 
5.15785e-09 -4.77103e-09 
4.28232e-09 -4.803e-09 
4.77951e-09 -4.91524e-09 
3.75521e-09 -1.77082e-08 
6.52405e-09 -4.7602e-09 
4.28528e-09 -4.73708e-09 
3.16228e-09 -1.47106e-09 
6.18733e-09 -4.56167e-09 
3.13095e-09 -2.97494e-09 
6.98516e-09 -2.70337e-09 
4.16524e-09 -3.37194e-09 
4.23057e-09 -1.48984e-09 
2.48226e-09 -5.96401e-09 
3.64353e-09 -4.82979e-09 
4.75472e-09 -4.82955e-09 
7.06522e-09 -4.44819e-09 
2.25645e-09 -5.59265e-09 
4.89457e-09 -4.73551e-09 
4.55859e-09 -4.28054e-09 
3.96305e-09 -3.85795e-09 
4.60056e-09 -4.73056e-09 
4.19311e-09 -1.13884e-09 
3.96049e-09 -5.11288e-09 
-1.35681e-09 -9.1463e-09 
4.09923e-09 -4.91019e-09 
4.21331e-09 -1.14745e-08 
1.9696e-08 -5.21918e-09 
4.53674e-09 -4.8664e-09 
4.53834e-09 -4.42778e-09 
4.5125e-09 -4.64207e-09 
-7.82945e-09 -5.03141e-09 
3.53534e-09 -7.34974e-09 
4.59851e-09 -4.70982e-09 
5.24898e-09 -7.79903e-09 
1.10939e-08 -5.20126e-09 
3.80251e-09 -3.61314e-09 
1.47732e-09 -4.69288e-09 
7.8874e-09 -4.82027e-09 
4.79178e-09 -4.76493e-09 
3.8086e-09 -4.88516e-09 
1.76507e-08 -4.77566e-09 
