4.36307e-09 -4.78543e-09 
4.17157e-09 -4.24315e-09 
4.28349e-09 -4.43432e-09 
-1.2534e-09 -5.42279e-09 
4.97353e-09 -4.57602e-09 
4.10297e-09 -4.72685e-09 
4.31104e-09 -4.78571e-09 
5.68498e-09 -4.44666e-09 
-1.47551e-08 -2.46978e-09 
5.22016e-09 -4.78934e-09 
4.57702e-09 -4.97749e-09 
4.55767e-09 -5.06192e-09 
4.3324e-09 -6.36461e-09 
4.45116e-09 -4.73339e-09 
4.28528e-09 -4.73708e-09 
2.69298e-09 -5.3902e-09 
1.06621e-08 -4.21277e-09 
-2.97223e-10 -3.10053e-09 
1.35556e-08 -5.49891e-09 
4.18406e-09 -5.98221e-09 
4.00115e-09 -6.57865e-09 
2.29021e-09 -4.94511e-09 
4.4262e-09 -4.76838e-09 
5.48789e-09 -4.89206e-09 
-5.45891e-09 -4.70618e-09 
2.71236e-09 -4.89715e-09 
4.35652e-09 -4.73224e-09 
4.2741e-09 -1.72711e-09 
3.62919e-09 -3.90623e-09 
4.328e-09 -4.74073e-09 
4.24404e-09 -3.10659e-09 
4.08792e-09 -5.19523e-09 
1.62385e-09 -9.51387e-09 
3.15949e-09 1.88853e-09 
4.97439e-09 -3.34975e-09 
4.50124e-08 -5.03631e-09 
4.16769e-09 -4.70363e-09 
6.27518e-09 -4.494e-09 
4.18372e-09 -4.72221e-09 
-5.68523e-09 -4.99159e-09 
2.92287e-09 -8.0772e-09 
4.18368e-09 -4.76843e-09 
3.67429e-09 -6.6436e-09 
6.30689e-09 -4.76054e-09 
4.24013e-09 -4.18045e-09 
5.49794e-09 -4.57855e-09 
5.18354e-09 -5.31208e-09 
1.68896e-09 -4.72307e-09 
4.80367e-09 -4.97088e-09 
1.69575e-08 -4.65447e-09 
