4.0045e-09 -4.77771e-09 
3.32044e-09 -4.21229e-09 
4.27606e-09 -4.61405e-09 
4.17031e-09 -6.7213e-09 
4.11598e-09 -4.7067e-09 
3.84498e-09 -4.86204e-09 
3.07049e-09 -4.81026e-09 
3.87663e-09 -4.50014e-09 
3.35297e-08 -5.70851e-09 
5.22527e-09 -4.81174e-09 
4.02287e-09 -4.24783e-09 
4.24345e-09 -5.08425e-09 
4.97081e-09 -1.19321e-08 
-5.44002e-10 -4.74952e-09 
4.28528e-09 -4.73708e-09 
4.11642e-09 -6.24823e-09 
5.47146e-09 -5.14163e-09 
6.09056e-09 -3.24164e-09 
7.61271e-09 -6.01138e-09 
4.00709e-09 -3.3433e-09 
4.41491e-09 -7.64644e-11 
1.07331e-08 -5.55098e-09 
-2.28018e-09 -4.87285e-09 
4.24515e-09 -4.60612e-09 
4.21879e-09 -5.18211e-09 
3.70514e-09 -5.00319e-09 
3.1843e-09 -4.73605e-09 
4.05218e-09 -5.18407e-09 
4.57041e-09 -5.16763e-09 
-2.90528e-09 -4.7318e-09 
4.73636e-09 -2.00682e-09 
4.0167e-09 -4.88437e-09 
2.76915e-10 -5.14745e-09 
4.74965e-09 -3.90457e-09 
5.0259e-09 -6.20614e-09 
-7.0584e-08 -5.34958e-09 
3.65716e-09 -4.82806e-09 
5.92137e-09 -4.41959e-09 
5.70943e-09 -4.66886e-09 
3.20411e-09 -4.86337e-09 
3.52609e-09 -3.77635e-09 
4.17255e-09 -4.81304e-09 
4.88955e-09 -5.81545e-09 
3.88389e-09 -4.46659e-09 
4.09657e-09 -6.71195e-09 
2.85832e-09 -4.77694e-09 
3.03189e-09 -5.20298e-09 
5.00519e-09 -4.66918e-09 
5.52924e-09 -4.75539e-09 
-6.3035e-09 -5.73376e-09 
