4.28083e-09 -4.76274e-09 
2.34179e-09 -4.13771e-09 
4.28346e-09 -4.34962e-09 
2.95401e-09 -6.14982e-09 
4.77032e-09 -4.74498e-09 
4.35693e-09 -4.87425e-09 
4.06739e-09 -4.75731e-09 
4.8861e-09 -4.04421e-09 
-2.23684e-08 -3.41237e-09 
4.24578e-09 -4.86304e-09 
4.71949e-09 -4.45573e-09 
4.91973e-09 -4.71257e-09 
4.22026e-09 -4.40963e-09 
-2.87381e-09 -4.75278e-09 
4.28528e-09 -4.73708e-09 
2.66427e-09 -4.55512e-09 
9.54151e-09 -4.79855e-09 
1.31985e-09 -3.94877e-09 
5.93955e-09 -3.0996e-09 
3.95217e-09 -4.90992e-09 
4.04376e-09 -2.96732e-09 
1.33897e-09 -5.99206e-09 
5.18981e-09 -4.88374e-09 
5.35948e-09 -4.85901e-09 
1.59642e-09 -4.54141e-09 
2.24876e-09 -5.16341e-09 
3.45213e-09 -4.73221e-09 
4.59469e-09 -1.34856e-09 
3.82093e-09 -4.14471e-09 
7.52261e-09 -4.7387e-09 
3.9589e-09 -6.75562e-09 
4.27102e-09 -5.34384e-09 
-4.9496e-10 -8.68631e-09 
3.57773e-09 4.06351e-09 
2.25379e-09 3.08145e-09 
4.94186e-08 -4.91038e-09 
4.65988e-09 -4.7034e-09 
3.00895e-09 -4.83437e-09 
3.57152e-09 -4.59864e-09 
-3.48115e-11 -4.62784e-09 
3.77908e-09 -6.31763e-09 
3.7779e-09 -4.78382e-09 
5.51732e-09 -6.48414e-09 
8.94551e-09 -4.84993e-09 
3.77523e-09 -3.84949e-09 
3.3219e-11 -4.45278e-09 
1.0953e-08 -4.54164e-09 
3.73578e-09 -4.75016e-09 
4.55334e-09 -4.88233e-09 
2.10524e-08 -4.89277e-09 
