-0.0325955 -0.0676603 
0.0586579 -0.0768358 
-0.0800176 0.126101 
-0.0142801 -0.0611035 
-0.00219067 -0.0681279 
0.0886544 -0.0129294 
-0.0422365 -0.10826 
-0.243602 0.188835 
-0.0673199 -0.0446445 
0.0530344 0.235678 
-0.0318339 -0.0475019 
-0.103583 -0.0285501 
0.113107 -0.175112 
-0.0931642 -0.0700616 
-0.0561894 -0.0390253 
0.0636458 -0.123426 
0.0660546 -0.131022 
0.0395548 -0.198827 
-0.0133415 -0.0184312 
-0.00950383 -0.061614 
-0.272565 -0.0346194 
0.0616337 -0.105918 
0.0108186 -0.0578876 
-0.291286 -0.0406925 
-0.00533263 -0.0932474 
-0.0158248 -0.00644662 
-0.0546569 -0.0748705 
0.0150746 -0.0906202 
-0.0801849 -0.0317549 
0.0699463 -0.114582 
-0.0334245 -0.11936 
-0.0237925 -0.0702087 
-0.0301449 -0.165258 
-0.0382666 -0.0792959 
-0.0582418 -0.082122 
-0.0542861 -0.10422 
-0.0829136 -0.0431329 
-0.0713287 -0.0947864 
-0.0631261 -0.0660652 
-0.0647884 -0.0653931 
-0.0596942 -0.121272 
-0.0494224 0.0921576 
0.139014 0.0560448 
-0.0391609 -0.0660125 
-0.149197 -0.105597 
-0.0389476 -0.0829697 
-0.138667 -0.0671113 
0.0177751 -0.13302 
-0.0678621 -0.0486332 
-0.0492523 -0.0733792 
