4.15864e-09 -5.01531e-09 
6.34817e-09 -4.2675e-09 
4.27984e-09 -4.44318e-09 
3.84445e-09 -4.20615e-09 
4.59242e-09 -4.64272e-09 
3.83137e-09 -4.7759e-09 
3.72992e-09 -4.79267e-09 
3.98116e-09 -4.12685e-09 
1.09146e-08 -3.46323e-09 
3.80071e-09 -4.89434e-09 
4.16361e-09 -4.72978e-09 
3.80507e-09 -5.09545e-09 
4.42058e-09 -7.52002e-10 
3.01469e-09 -4.76818e-09 
4.28528e-09 -4.73708e-09 
3.25288e-09 -6.27134e-09 
1.04078e-08 -4.99238e-09 
2.05734e-09 -5.65229e-09 
1.76422e-08 -6.18542e-09 
3.75044e-09 -4.57511e-09 
3.98092e-09 -4.39729e-09 
5.68256e-09 -4.21622e-09 
-4.57225e-09 -4.84408e-09 
4.64764e-09 -4.75716e-09 
5.57541e-09 -5.63164e-09 
2.31052e-09 -4.97578e-09 
2.58397e-09 -4.73206e-09 
4.87591e-09 -5.33876e-09 
4.30891e-09 -4.43105e-09 
-3.5502e-09 -4.73112e-09 
4.72257e-09 -3.02693e-09 
3.86324e-09 -4.05654e-09 
-9.97031e-10 -9.01652e-09 
4.38768e-09 2.64083e-09 
4.51568e-09 -1.78231e-09 
-2.6117e-08 -4.65174e-09 
3.63544e-09 -4.46495e-09 
7.25026e-09 -4.5029e-09 
6.01589e-09 -4.65601e-09 
-3.61835e-10 -5.90109e-09 
3.19122e-09 -6.42498e-09 
4.34332e-09 -4.65339e-09 
2.59398e-09 -5.50683e-09 
5.70738e-09 -4.48241e-09 
4.2383e-09 -2.81592e-09 
2.58668e-09 -4.74301e-09 
3.76415e-09 -5.26571e-09 
3.46393e-09 -4.7041e-09 
3.36317e-09 -4.88525e-09 
-1.13659e-08 -4.91604e-09 
