4.02765e-09 -4.57934e-09 
1.26067e-09 -3.79347e-09 
4.27409e-09 -4.5676e-09 
3.11775e-09 -7.50613e-09 
4.18531e-09 -4.6591e-09 
3.67803e-09 -4.89621e-09 
3.18308e-09 -4.75042e-09 
5.9212e-09 -4.50922e-09 
-1.21253e-08 -4.30495e-09 
6.48612e-09 -4.6918e-09 
4.5662e-09 -4.8079e-09 
5.08411e-09 -5.2518e-09 
4.36011e-09 -1.78946e-08 
-5.19312e-09 -4.72014e-09 
4.28528e-09 -4.73708e-09 
3.84119e-09 -3.45269e-09 
5.11263e-09 -4.59013e-09 
5.74527e-10 -4.90635e-09 
5.02481e-09 -5.24403e-09 
4.3791e-09 -3.46785e-09 
4.21493e-09 -4.0289e-09 
8.05574e-09 -4.25962e-09 
7.72989e-09 -4.78546e-09 
3.94612e-09 -4.69463e-09 
-3.47184e-09 -4.80869e-09 
4.31406e-09 -4.67039e-09 
4.80286e-09 -4.7393e-09 
3.84494e-09 -3.09648e-09 
3.86894e-09 -3.6622e-09 
7.54755e-09 -4.74149e-09 
4.20542e-09 -1.88985e-09 
4.17825e-09 -5.75677e-09 
4.44672e-09 -4.90618e-09 
3.84146e-09 1.6655e-10 
3.75753e-09 -2.08239e-09 
1.10371e-08 -5.52598e-09 
4.3152e-09 -4.99874e-09 
5.29171e-09 -4.98243e-09 
4.02662e-09 -4.88378e-09 
6.59679e-09 -5.78138e-09 
3.7409e-09 -6.30757e-09 
3.35372e-09 -4.93539e-09 
-1.16234e-09 -4.52979e-09 
4.83697e-09 -4.73173e-09 
4.18724e-09 -7.12709e-09 
3.23101e-09 -4.76024e-09 
8.00783e-09 -4.95059e-09 
2.55597e-09 -4.71606e-09 
5.55722e-09 -4.66972e-09 
2.63828e-10 -4.9717e-09 
