4.28926e-09 -4.6777e-09 
3.45537e-09 -4.62078e-09 
4.27368e-09 -4.5469e-09 
1.56212e-09 -7.09354e-09 
4.16411e-09 -4.6527e-09 
3.53199e-09 -4.82751e-09 
3.1716e-09 -4.71541e-09 
4.21942e-09 -4.77103e-09 
8.88618e-11 -3.85112e-09 
3.66932e-09 -4.77213e-09 
4.73568e-09 -4.05407e-09 
4.54053e-09 -5.64402e-09 
4.62608e-09 -1.3535e-08 
-7.18689e-09 -4.75773e-09 
4.28528e-09 -4.73708e-09 
3.30823e-09 -5.3918e-09 
4.95758e-09 -5.13597e-09 
1.03654e-10 -5.28645e-10 
7.17931e-09 -3.86587e-09 
3.94506e-09 -4.46e-09 
3.90929e-09 -6.06173e-09 
7.28089e-09 -7.51768e-09 
5.71773e-09 -4.86224e-09 
5.38044e-09 -4.75455e-09 
-7.68862e-09 -4.60831e-09 
1.76388e-09 -4.63815e-09 
3.94514e-09 -4.73203e-09 
4.85986e-09 -4.3459e-09 
3.83692e-09 -4.05676e-09 
-3.85136e-09 -4.73456e-09 
4.37427e-09 -2.53113e-09 
3.80919e-09 -4.63835e-09 
-1.65357e-09 -5.58234e-09 
4.13304e-09 3.42177e-09 
2.09621e-09 -3.52676e-09 
-9.98067e-09 -4.65148e-09 
3.91393e-09 -4.95865e-09 
4.43012e-09 -4.70647e-09 
3.00411e-09 -4.38116e-09 
6.64296e-09 -4.99119e-09 
4.97518e-09 -8.43657e-09 
3.79824e-09 -4.96806e-09 
7.62147e-09 -5.53431e-09 
4.5775e-09 -4.81573e-09 
4.37558e-09 -5.04691e-09 
8.83001e-10 -4.50936e-09 
6.85404e-09 -4.57589e-09 
2.26003e-09 -4.6934e-09 
5.90072e-09 -4.80612e-09 
2.04993e-08 -4.52241e-09 
