4.12306e-09 -4.82939e-09 
1.97811e-09 -4.3217e-09 
4.27109e-09 -4.27012e-09 
2.13803e-09 -7.15523e-09 
4.1573e-09 -4.7439e-09 
4.16119e-09 -4.9436e-09 
4.85309e-09 -4.71972e-09 
5.0803e-09 -3.90112e-09 
-6.57973e-09 -4.44446e-09 
5.39032e-09 -4.79873e-09 
4.46089e-09 -4.50205e-09 
4.47012e-09 -5.16416e-09 
4.78661e-09 -1.59974e-08 
1.52624e-08 -4.74783e-09 
4.28528e-09 -4.73708e-09 
2.16997e-09 -4.74724e-09 
7.59276e-09 -4.66116e-09 
4.27629e-09 -3.43657e-09 
1.07283e-08 -5.94784e-09 
4.03512e-09 -4.03577e-09 
4.04691e-09 -5.10635e-09 
7.29592e-09 -2.97636e-09 
6.48209e-09 -4.87212e-09 
3.97303e-09 -4.73723e-09 
1.15776e-09 -5.13401e-09 
2.95268e-09 -4.63725e-09 
3.88968e-09 -4.7372e-09 
3.77582e-09 -3.63103e-09 
3.57183e-09 -3.14995e-09 
5.9513e-09 -4.73934e-09 
4.26529e-09 -6.11743e-09 
4.20393e-09 -5.44967e-09 
2.46498e-09 -8.11796e-09 
3.78325e-09 3.7991e-09 
3.74502e-09 6.8881e-10 
8.37512e-09 -5.29065e-09 
4.18702e-09 -4.95084e-09 
3.76772e-09 -4.66688e-09 
3.97409e-09 -4.70503e-09 
1.46429e-09 -6.82139e-09 
4.77171e-09 -4.99435e-09 
2.98413e-09 -4.69207e-09 
2.93325e-09 -4.5457e-09 
4.64884e-09 -4.61862e-09 
4.39833e-09 -7.02257e-09 
4.5303e-09 -4.61149e-09 
6.52281e-09 -4.88386e-09 
2.08314e-09 -4.76094e-09 
5.77491e-09 -4.60877e-09 
1.43402e-08 -4.57955e-09 
