4.26369e-09 -4.83896e-09 
4.40442e-09 -4.3143e-09 
4.28207e-09 -4.87826e-09 
2.64692e-09 -4.32828e-09 
4.86308e-09 -4.52051e-09 
3.37064e-09 -4.70436e-09 
3.10998e-09 -4.80136e-09 
4.12481e-09 -4.82307e-09 
4.42243e-09 -3.8346e-09 
4.51697e-09 -4.8438e-09 
4.31357e-09 -4.9016e-09 
4.45813e-09 -5.6508e-09 
4.34754e-09 -3.6711e-09 
-1.51835e-08 -4.74606e-09 
4.28528e-09 -4.73708e-09 
4.57723e-09 -5.27877e-09 
6.96149e-09 -4.7642e-09 
-2.67604e-09 -2.64124e-09 
5.89188e-09 -4.40029e-09 
4.3245e-09 -3.93654e-09 
4.10573e-09 -2.26132e-09 
4.54814e-09 -7.96303e-09 
-6.65221e-09 -4.78224e-09 
6.77472e-09 -4.79236e-09 
4.25207e-09 -4.58678e-09 
2.35497e-09 -5.56648e-09 
3.17274e-09 -4.73594e-09 
5.87386e-09 -4.17588e-09 
4.284e-09 -3.47899e-09 
-6.13242e-09 -4.73188e-09 
4.41568e-09 -1.17281e-09 
3.88919e-09 -4.53575e-09 
3.14627e-09 -3.00759e-09 
4.14507e-09 -4.74611e-09 
2.87724e-09 -6.41961e-09 
-2.49366e-08 -5.10075e-09 
3.87907e-09 -4.61952e-09 
7.36112e-09 -4.66432e-09 
5.996e-09 -4.68349e-09 
-1.7398e-09 -3.97997e-09 
3.82106e-09 -5.36994e-09 
4.20347e-09 -4.81804e-09 
6.90002e-09 -6.96898e-09 
9.17568e-09 -4.7128e-09 
4.20506e-09 -4.38716e-09 
2.83106e-09 -4.62336e-09 
6.06719e-09 -4.66385e-09 
3.90041e-09 -4.69185e-09 
3.82521e-09 -5.03051e-09 
1.78413e-09 -5.32381e-09 
