-2.4033e-10 1.78109e-10 
-6.31376e-11 -1.87022e-10 
2.48091e-10 -1.53754e-10 
2.05386e-10 -6.7786e-11 
-1.58709e-09 -1.67626e-10 
1.47884e-10 -1.31358e-10 
-3.00292e-11 -1.16707e-10 
2.34997e-10 -2.41007e-10 
9.80298e-11 -6.21817e-11 
4.04107e-10 -1.78706e-10 
8.70946e-11 -1.32675e-10 
1.17118e-10 -2.02326e-10 
-5.28344e-10 -3.767e-10 
-2.46144e-10 -1.15606e-10 
-1.43014e-10 -1.84689e-10 
-4.99576e-10 1.55162e-10 
4.29805e-11 4.98169e-11 
-2.58382e-11 -4.8266e-10 
1.18964e-10 -2.20448e-10 
5.32739e-11 -1.59498e-10 
