4.01632e-09 -4.771e-09 
3.28652e-09 -4.00208e-09 
4.27807e-09 -4.9267e-09 
1.96057e-09 -5.91418e-09 
4.57208e-09 -4.79237e-09 
3.96294e-09 -4.7608e-09 
4.06387e-09 -4.83737e-09 
5.63586e-09 -4.77936e-09 
-4.90297e-09 -5.37872e-09 
5.16086e-09 -4.83849e-09 
4.69288e-09 -4.38559e-09 
4.58938e-09 -5.31247e-09 
4.2382e-09 -1.2919e-08 
2.57142e-08 -4.75497e-09 
4.28528e-09 -4.73708e-09 
5.66897e-09 -5.77277e-09 
1.00429e-08 -4.82987e-09 
1.04093e-08 -3.94284e-09 
1.92672e-08 -7.45549e-09 
4.06416e-09 -3.65066e-09 
4.24059e-09 -3.04379e-09 
3.83513e-09 -5.7889e-09 
6.42946e-09 -4.85973e-09 
2.76424e-09 -4.77932e-09 
-3.79321e-09 -4.73371e-09 
6.63612e-09 -4.75134e-09 
3.33387e-09 -4.7336e-09 
3.48896e-09 -1.01374e-09 
4.30575e-09 -4.1284e-09 
5.93551e-09 -4.73681e-09 
4.16489e-09 -9.84003e-10 
4.11655e-09 -4.81543e-09 
-3.07297e-09 -4.39135e-09 
4.52585e-09 -1.28538e-09 
6.54837e-09 1.63699e-10 
-3.55768e-09 -4.56688e-09 
3.95418e-09 -4.94319e-09 
6.27837e-09 -4.63284e-09 
4.65465e-09 -4.63837e-09 
-4.51946e-09 -5.6265e-09 
4.47582e-09 -6.75261e-09 
3.60417e-09 -4.69289e-09 
7.48754e-09 -5.9805e-09 
7.19292e-09 -4.63725e-09 
3.84277e-09 -6.19098e-09 
5.94213e-09 -4.60127e-09 
9.06898e-09 -4.36981e-09 
3.62003e-09 -4.71151e-09 
4.78883e-09 -4.61265e-09 
9.92167e-09 -4.67765e-09 
