3.92708e-09 -4.91125e-09 
5.30999e-09 -4.28608e-09 
4.27871e-09 -4.87868e-09 
-8.58683e-11 -6.3149e-09 
4.20688e-09 -4.81227e-09 
4.13734e-09 -4.89879e-09 
3.46253e-09 -4.73592e-09 
4.43625e-09 -3.79769e-09 
-3.0327e-09 -4.88697e-09 
4.99372e-09 -4.78499e-09 
4.1493e-09 -4.22114e-09 
4.52565e-09 -5.34153e-09 
4.72415e-09 -3.3089e-09 
-2.10655e-09 -4.74844e-09 
4.28528e-09 -4.73708e-09 
5.90389e-09 -6.63864e-09 
1.11234e-08 -4.84886e-09 
7.58016e-09 -5.27717e-09 
1.38612e-08 -6.44357e-09 
4.27518e-09 -3.08403e-09 
4.31804e-09 -3.33961e-09 
4.58331e-09 -5.16417e-09 
5.51866e-10 -4.86103e-09 
2.16523e-09 -4.75057e-09 
-1.64041e-09 -4.82792e-09 
3.12509e-10 -5.47398e-09 
3.74162e-09 -4.7344e-09 
6.01296e-09 -5.88265e-09 
4.40977e-09 -3.81044e-09 
-1.98363e-10 -4.73622e-09 
4.46316e-09 -7.68572e-09 
4.37624e-09 -4.99664e-09 
4.23086e-09 -7.15443e-10 
4.5113e-09 -8.81528e-10 
5.46395e-09 -7.82066e-09 
-1.14728e-08 -4.8099e-09 
4.27556e-09 -4.95614e-09 
1.33743e-08 -4.37087e-09 
4.21285e-09 -4.61739e-09 
-1.69266e-09 -5.19369e-09 
3.66684e-09 -5.79413e-09 
3.57403e-09 -4.73463e-09 
8.65828e-09 -7.632e-09 
1.06062e-08 -4.68608e-09 
4.01042e-09 -4.33775e-09 
-4.66108e-10 -4.63082e-09 
5.02091e-09 -3.68627e-09 
3.31219e-09 -4.72036e-09 
4.66961e-09 -4.70478e-09 
1.40384e-08 -6.51848e-09 
