-0.0596811 -0.0633136 
0.0893356 0.00678003 
0.000196809 -0.594956 
-0.0221649 -0.0681407 
-0.0509649 -0.0641894 
-0.0582559 -0.0923523 
0.0543299 -0.0513232 
0.168131 0.161606 
-0.0139014 -0.0945738 
-0.0218315 -0.0616423 
-0.0359827 -0.0875855 
-0.0395339 -0.0734355 
0.0468329 0.0428999 
-0.0196129 -0.109403 
0.025065 -0.0838804 
-0.0709838 -0.0525488 
-0.131143 -0.185557 
0.00360307 0.047715 
-0.0395371 -0.103209 
-0.0337931 -0.0746354 
0.0182925 -0.0936751 
-0.289665 -0.0375785 
-0.0700882 -0.0590876 
0.241564 -0.0567846 
-0.0411655 -0.127724 
-0.0201468 -0.158134 
-0.0192262 -0.0585397 
-0.0974932 -0.101602 
-0.0357831 -0.0299567 
0.0855871 -0.0430701 
-0.0332176 -0.0761207 
-0.0185642 -0.0517393 
-0.0484778 -0.136223 
-0.0460254 -0.0228713 
-0.0235595 -0.0683393 
-0.0174985 -0.0706624 
-0.0277065 -0.0862538 
-0.0243097 -0.053617 
0.0196411 -0.0940536 
-0.0317854 -0.0646451 
-0.156061 -0.0428142 
0.0472034 0.0330646 
0.100322 -0.302564 
-0.0435923 -0.0613293 
-0.0017899 -0.0471742 
-0.00850839 -0.103359 
-0.0351134 -0.0637875 
0.0771015 -0.070215 
-0.0478385 -0.115125 
-0.0604652 -0.0688745 
