4.39016e-09 -4.95368e-09 
4.39406e-09 -4.17685e-09 
4.27723e-09 -4.41733e-09 
-8.33372e-10 -6.01552e-09 
4.47848e-09 -4.68318e-09 
3.6877e-09 -4.76573e-09 
2.46933e-09 -4.78739e-09 
3.59362e-09 -3.76841e-09 
2.98358e-09 -3.95833e-09 
4.93752e-09 -4.82587e-09 
4.12045e-09 -4.6831e-09 
4.69015e-09 -4.61373e-09 
4.76228e-09 -5.91927e-10 
-2.38026e-08 -4.73242e-09 
4.28528e-09 -4.73708e-09 
2.05993e-09 -6.21156e-09 
2.15884e-09 -4.89328e-09 
-3.02119e-09 -5.32029e-09 
4.98165e-09 -3.93959e-09 
4.343e-09 -4.54304e-09 
4.029e-09 -2.04037e-09 
6.73331e-09 -4.50767e-09 
-3.39437e-09 -4.76423e-09 
6.86038e-09 -4.7685e-09 
6.40531e-09 -4.97501e-09 
2.90714e-09 -4.89705e-09 
4.36696e-09 -4.7371e-09 
5.751e-09 -4.08457e-09 
3.62718e-09 -5.11984e-09 
-3.35114e-09 -4.73617e-09 
4.59157e-09 -1.55648e-09 
4.00562e-09 -4.83589e-09 
-4.74224e-10 -4.46361e-09 
3.61551e-09 1.13073e-09 
1.45257e-09 -5.95009e-09 
-2.50979e-08 -5.29306e-09 
4.41868e-09 -4.6002e-09 
1.94066e-09 -4.26326e-09 
5.00352e-09 -4.59851e-09 
-1.30544e-09 -5.39833e-09 
2.52273e-09 -6.08848e-09 
3.90475e-09 -4.86045e-09 
1.66007e-09 -8.07766e-09 
9.80089e-10 -4.75648e-09 
4.245e-09 -4.24791e-09 
3.95136e-09 -4.62651e-09 
2.29029e-09 -5.7208e-09 
3.7008e-09 -4.71981e-09 
6.13914e-09 -5.00803e-09 
7.27247e-09 -4.95226e-09 
