4.55476e-09 -4.7456e-09 
3.30589e-09 -4.73826e-09 
4.28145e-09 -4.26537e-09 
5.16337e-09 -4.46606e-09 
4.47114e-09 -4.59532e-09 
3.35961e-09 -4.85241e-09 
4.0734e-09 -4.76876e-09 
5.45484e-09 -4.23061e-09 
5.6139e-09 -3.88539e-09 
4.95917e-09 -4.7635e-09 
4.29394e-09 -4.83134e-09 
4.4378e-09 -4.30808e-09 
4.093e-09 -1.01251e-08 
8.65265e-09 -4.72633e-09 
4.28528e-09 -4.73708e-09 
3.11451e-09 -5.48191e-09 
-2.4147e-09 -4.9555e-09 
-8.01465e-09 -1.47023e-09 
4.15704e-09 -4.24574e-09 
3.66453e-09 -4.71939e-09 
4.1846e-09 -4.41823e-09 
7.82584e-09 -5.05369e-09 
3.15466e-09 -4.87043e-09 
7.24535e-09 -4.77574e-09 
1.14563e-08 -4.81494e-09 
5.19856e-09 -4.50386e-09 
4.17881e-09 -4.73636e-09 
3.41436e-09 -3.05021e-09 
3.62527e-09 -4.95724e-09 
4.76815e-10 -4.73517e-09 
4.32299e-09 -7.9805e-10 
3.86726e-09 -4.83688e-09 
-6.48068e-10 -1.33217e-08 
3.59253e-09 -1.91837e-09 
2.01202e-09 4.79672e-09 
-2.97415e-08 -5.27095e-09 
3.70238e-09 -4.60788e-09 
1.36417e-10 -4.61628e-09 
4.77174e-09 -4.68224e-09 
-3.73672e-09 -5.32916e-09 
2.97024e-09 -7.48695e-09 
4.46464e-09 -4.81369e-09 
2.63215e-09 -5.69793e-09 
8.02129e-10 -4.65983e-09 
3.95067e-09 -6.79721e-09 
3.90686e-09 -4.68337e-09 
5.39768e-09 -5.88785e-09 
3.52385e-09 -4.73225e-09 
6.04707e-09 -5.10278e-09 
2.64567e-09 -4.20879e-09 
