4.11855e-09 -4.8546e-09 
1.92629e-09 -4.5238e-09 
4.28405e-09 -4.32314e-09 
1.32714e-08 -5.76892e-09 
4.57717e-09 -4.70324e-09 
4.42325e-09 -4.77594e-09 
4.08371e-09 -4.78406e-09 
5.12479e-09 -4.67335e-09 
5.22226e-09 -2.61938e-09 
3.36529e-09 -4.7569e-09 
4.43874e-09 -4.53584e-09 
4.5114e-09 -4.77576e-09 
4.30136e-09 1.12198e-09 
-1.57936e-08 -4.72324e-09 
4.28528e-09 -4.73708e-09 
2.96946e-09 -5.13512e-09 
5.87372e-09 -4.63919e-09 
-1.8283e-09 -1.84861e-09 
1.10533e-08 -4.56529e-09 
3.83679e-09 -4.00338e-09 
4.1689e-09 -6.3457e-09 
5.87878e-09 -5.5426e-09 
4.13052e-09 -4.83777e-09 
6.44743e-09 -4.78077e-09 
7.71652e-09 -4.93988e-09 
4.63486e-09 -4.28766e-09 
3.49059e-09 -4.73924e-09 
4.2076e-09 -2.37507e-09 
3.68448e-09 -4.94284e-09 
-4.38727e-09 -4.73623e-09 
4.4748e-09 -3.15892e-09 
3.95534e-09 -4.56328e-09 
3.40832e-09 -1.00977e-08 
4.25761e-09 -5.35391e-09 
3.106e-09 -2.92942e-09 
-4.87264e-08 -5.28269e-09 
3.75287e-09 -4.66113e-09 
3.20066e-09 -4.2332e-09 
5.39244e-09 -4.68899e-09 
1.64128e-09 -5.24911e-09 
2.176e-09 -4.57819e-09 
3.85875e-09 -4.73808e-09 
3.35498e-09 -8.23922e-09 
1.10782e-09 -4.65307e-09 
3.61895e-09 -5.63643e-09 
3.86855e-09 -4.6268e-09 
4.48812e-09 -5.01819e-09 
4.39129e-09 -4.70356e-09 
6.31277e-09 -4.97723e-09 
8.95943e-09 -4.38198e-09 
