-1.05801e-09 -2.12992e-10 
1.73511e-10 2.08181e-11 
-4.32326e-10 -8.84337e-11 
1.47268e-10 -1.98557e-10 
2.31176e-09 -2.44705e-11 
1.84084e-11 -1.9007e-10 
4.3473e-11 -3.84509e-11 
8.15819e-11 1.16271e-10 
7.16614e-11 3.28582e-11 
8.83013e-11 -9.64734e-11 
-3.64339e-10 -1.52843e-10 
1.3579e-10 -1.16238e-10 
-4.15061e-12 2.86746e-10 
2.50743e-10 7.71079e-11 
1.06036e-10 -1.91538e-10 
7.73499e-11 -1.62269e-10 
1.25385e-10 -2.98886e-10 
-1.74584e-10 1.13502e-10 
1.12159e-10 -2.76379e-10 
1.24656e-10 -1.46758e-10 
