4.19649e-09 -4.64401e-09 
4.09855e-09 -4.47681e-09 
4.26616e-09 -4.79896e-09 
3.68057e-09 -5.86121e-09 
4.10859e-09 -4.61616e-09 
3.74841e-09 -4.83828e-09 
3.19994e-09 -4.7519e-09 
4.88006e-09 -4.02139e-09 
-5.4369e-09 -3.16177e-09 
5.88702e-09 -4.91086e-09 
4.19018e-09 -4.38829e-09 
4.43495e-09 -5.39031e-09 
4.85614e-09 -2.90378e-08 
1.16873e-08 -4.78406e-09 
4.28528e-09 -4.73708e-09 
3.72146e-09 -5.73299e-09 
8.48319e-09 -4.86792e-09 
1.04241e-08 -2.04677e-11 
2.87183e-09 -6.36376e-09 
4.07129e-09 -4.17531e-09 
4.27471e-09 -2.68305e-09 
5.73043e-09 -4.97898e-09 
-1.39552e-09 -4.75235e-09 
4.90769e-09 -4.71763e-09 
-1.50483e-09 -5.11885e-09 
1.85285e-10 -5.74455e-09 
4.1056e-09 -4.7322e-09 
4.38735e-09 -3.06296e-09 
4.44802e-09 -2.20126e-09 
5.30664e-09 -4.73675e-09 
4.26695e-09 4.6062e-10 
4.16777e-09 -5.20912e-09 
-4.44279e-09 -1.16596e-08 
4.6714e-09 -5.27859e-11 
3.99151e-09 2.20114e-09 
1.32357e-08 -4.65852e-09 
4.3367e-09 -4.73477e-09 
6.44539e-09 -4.7227e-09 
4.92268e-09 -4.60224e-09 
-7.67997e-09 -5.04609e-09 
4.90503e-09 -7.48523e-09 
4.20146e-09 -4.80821e-09 
6.63804e-09 -5.22607e-09 
7.21912e-09 -4.75509e-09 
4.23583e-09 -5.09435e-09 
1.94647e-09 -4.62807e-09 
8.20234e-09 -4.90737e-09 
2.23404e-09 -4.72691e-09 
3.21624e-09 -4.45942e-09 
8.02075e-09 -5.75451e-09 
