4.0661e-09 -4.82724e-09 
2.4214e-09 -4.2546e-09 
4.29182e-09 -3.90715e-09 
-2.02434e-10 -5.12391e-09 
4.63398e-09 -4.71866e-09 
3.95065e-09 -4.87191e-09 
2.32779e-09 -4.6887e-09 
5.07764e-09 -4.18964e-09 
9.84078e-09 -3.19593e-09 
6.08908e-09 -4.7787e-09 
4.71592e-09 -4.70556e-09 
4.41023e-09 -4.4687e-09 
4.29737e-09 -3.73075e-09 
-9.46313e-09 -4.78365e-09 
4.28528e-09 -4.73708e-09 
3.99134e-09 -4.29142e-09 
1.96611e-09 -5.03438e-09 
-5.68788e-09 -9.8806e-10 
1.75588e-08 -4.98011e-09 
4.31331e-09 -3.65853e-09 
4.17403e-09 -3.42668e-09 
7.82458e-09 -5.09224e-09 
2.64921e-09 -4.95419e-09 
6.01122e-09 -4.81021e-09 
9.69676e-09 -4.98947e-09 
1.09843e-09 -5.0155e-09 
4.23901e-09 -4.73478e-09 
4.36797e-09 -4.3301e-09 
3.61758e-09 -7.62999e-09 
-5.35579e-10 -4.7349e-09 
4.68719e-09 -6.8936e-09 
4.10967e-09 -5.14214e-09 
-5.83675e-09 -1.63618e-09 
4.17946e-09 -5.65869e-09 
3.27475e-09 -8.58417e-09 
-1.39099e-08 -4.84246e-09 
4.10021e-09 -4.74699e-09 
5.91777e-09 -4.37126e-09 
4.6852e-09 -4.64341e-09 
5.26594e-09 -5.18088e-09 
2.61378e-09 -3.466e-09 
3.71219e-09 -4.7657e-09 
3.00315e-09 -7.80942e-09 
3.91006e-09 -4.72753e-09 
3.8136e-09 -5.65602e-09 
3.65604e-09 -4.63288e-09 
6.837e-09 -5.52309e-09 
3.06668e-09 -4.7103e-09 
6.20258e-09 -4.76276e-09 
1.27531e-08 -4.96581e-09 
