8.2274e-10 3.51073e-10 
-2.80486e-10 2.57037e-11 
3.19946e-10 1.2966e-10 
2.61125e-10 8.1307e-11 
-2.20312e-09 2.51496e-10 
1.60467e-10 4.19534e-11 
2.3606e-10 1.91729e-10 
2.50998e-10 1.17107e-10 
7.68878e-11 1.03981e-10 
-9.38685e-12 -3.53958e-11 
2.21292e-10 -5.7233e-11 
7.10183e-11 1.45146e-10 
-5.16284e-10 9.48074e-11 
-5.22984e-11 7.72944e-12 
-1.59041e-10 1.72448e-11 
-2.13199e-10 2.17396e-10 
4.52795e-11 2.14015e-10 
3.0725e-10 -2.01603e-10 
6.58144e-11 5.90448e-11 
3.28769e-11 1.45089e-10 
