3.62951e-09 -4.81517e-09 
2.63773e-09 -4.32384e-09 
4.27066e-09 -6.73914e-09 
2.50708e-09 -6.7558e-09 
4.5408e-09 -4.74897e-09 
4.01609e-09 -4.69152e-09 
2.58488e-09 -4.71926e-09 
4.23515e-09 -4.70342e-09 
4.34225e-09 -3.2334e-09 
5.06614e-09 -4.85542e-09 
4.24625e-09 -4.8689e-09 
4.71004e-09 -5.08107e-09 
4.78975e-09 -9.79515e-09 
-5.83824e-09 -4.7133e-09 
4.28528e-09 -4.73708e-09 
1.9962e-09 -6.57678e-09 
3.7633e-09 -5.14966e-09 
9.10654e-09 -2.69517e-09 
1.24131e-08 -4.63476e-09 
3.94954e-09 -4.1371e-09 
4.2376e-09 -3.31166e-09 
5.43986e-09 -4.44296e-09 
3.42389e-09 -4.7334e-09 
5.15303e-09 -4.72354e-09 
-2.952e-09 -4.4604e-09 
5.71202e-10 -5.12995e-09 
2.20968e-09 -4.73442e-09 
4.11728e-09 -4.25459e-09 
4.39584e-09 -2.90079e-09 
2.57218e-09 -4.73904e-09 
4.24773e-09 -3.04221e-09 
3.87402e-09 -4.93171e-09 
4.56132e-10 -9.21373e-09 
4.30148e-09 -9.61827e-10 
2.28373e-09 -4.15569e-09 
-5.98771e-09 -4.7769e-09 
4.25269e-09 -4.719e-09 
6.48612e-09 -4.58529e-09 
4.61692e-09 -4.54196e-09 
-1.45179e-08 -5.90926e-09 
4.96303e-09 -4.65611e-09 
3.85731e-09 -4.82274e-09 
3.68433e-09 -9.52539e-09 
8.24324e-09 -4.65052e-09 
4.30092e-09 -5.81275e-09 
8.33267e-10 -4.69563e-09 
6.2114e-09 -5.05832e-09 
3.53207e-09 -4.73499e-09 
4.51837e-09 -4.57823e-09 
4.31884e-09 -5.26696e-09 
