-7.09627e-10 6.64609e-11 
-1.13185e-10 -9.06279e-11 
-4.56411e-10 -1.12077e-10 
1.3893e-10 -1.21629e-10 
-1.24768e-09 6.0661e-11 
5.611e-11 -9.0474e-11 
-2.37717e-10 -2.78991e-11 
3.10686e-10 -3.82845e-11 
2.23281e-11 -8.25751e-11 
-1.16129e-11 -5.29224e-11 
-1.98692e-10 -1.09198e-10 
5.12662e-11 4.6743e-11 
-9.35307e-11 1.91435e-11 
-1.26177e-10 -9.14231e-11 
-2.46318e-10 -1.57336e-10 
8.11767e-11 5.37064e-11 
8.39306e-11 1.46176e-10 
3.11357e-10 6.50034e-12 
2.05225e-10 2.20288e-10 
2.38433e-11 2.22639e-11 
