4.11866e-09 -4.67102e-09 
2.47198e-09 -4.91855e-09 
4.27361e-09 -4.9775e-09 
1.3647e-09 -4.88875e-09 
4.50949e-09 -4.81447e-09 
4.34586e-09 -4.55994e-09 
3.14871e-09 -4.71617e-09 
4.50263e-09 -4.86686e-09 
9.17514e-10 -4.56482e-09 
5.0544e-09 -4.70996e-09 
4.15717e-09 -4.86555e-09 
4.49875e-09 -5.26587e-09 
4.52634e-09 -9.36141e-09 
-3.43988e-09 -4.70045e-09 
4.28528e-09 -4.73708e-09 
3.64897e-09 -6.06912e-09 
3.80721e-09 -4.88072e-09 
9.69876e-09 9.941e-10 
9.82264e-09 -5.53554e-09 
4.54031e-09 -5.0046e-09 
4.2656e-09 -4.28778e-09 
6.26389e-09 -5.29915e-09 
3.81335e-09 -4.77952e-09 
7.0862e-09 -4.71474e-09 
-2.46208e-09 -4.71206e-09 
2.31299e-09 -4.8669e-09 
3.06677e-09 -4.73019e-09 
4.18314e-09 -7.20882e-09 
3.92573e-09 -5.68285e-10 
3.61943e-09 -4.73566e-09 
4.46157e-09 -1.33051e-09 
3.86383e-09 -5.11132e-09 
-6.29494e-10 -4.09523e-09 
4.47774e-09 -4.30294e-10 
3.43478e-10 3.49403e-09 
-1.40007e-08 -4.68607e-09 
4.21856e-09 -4.70126e-09 
6.90886e-09 -4.55899e-09 
3.87852e-09 -4.5478e-09 
-8.64708e-09 -6.10279e-09 
4.9775e-09 -4.9221e-09 
4.31487e-09 -4.7998e-09 
3.93303e-09 -1.2654e-08 
5.08324e-09 -4.68032e-09 
4.63605e-09 -5.07213e-09 
4.47106e-09 -4.75255e-09 
7.0208e-09 -4.96519e-09 
2.44312e-09 -4.67171e-09 
5.06607e-09 -4.64284e-09 
5.69296e-09 -3.6398e-09 
