4.29144e-09 -5.00994e-09 
4.33155e-09 -4.97876e-09 
4.28964e-09 -4.43847e-09 
4.31977e-11 -4.80045e-09 
4.37137e-09 -4.67663e-09 
4.33047e-09 -4.88294e-09 
2.86699e-09 -4.70672e-09 
4.75245e-09 -3.87887e-09 
-1.57901e-09 -6.45029e-10 
5.16309e-09 -5.0547e-09 
4.67495e-09 -3.86355e-09 
4.78859e-09 -4.69583e-09 
4.19476e-09 -1.18068e-08 
3.59168e-09 -4.75848e-09 
4.28528e-09 -4.73708e-09 
3.88692e-09 -5.22412e-09 
1.28509e-08 -4.62115e-09 
-7.21174e-10 -7.34755e-09 
5.0747e-09 -5.14203e-09 
4.18631e-09 -3.52611e-09 
4.21605e-09 -4.30879e-09 
4.04915e-09 -4.704e-09 
-4.43486e-10 -4.77527e-09 
6.42355e-09 -4.82827e-09 
4.11583e-09 -5.0548e-09 
-1.47239e-09 -5.30599e-09 
2.96782e-09 -4.7452e-09 
4.53606e-09 2.76509e-09 
3.84257e-09 -4.88275e-09 
2.60862e-09 -4.73632e-09 
4.31056e-09 -1.28892e-09 
4.15646e-09 -5.06094e-09 
-1.21019e-09 -6.61298e-09 
3.78386e-09 5.9405e-10 
7.90772e-10 -6.07739e-09 
3.29396e-09 -5.36189e-09 
4.31461e-09 -4.78565e-09 
4.77578e-09 -4.77081e-09 
4.6976e-09 -4.63734e-09 
1.53582e-08 -4.49887e-09 
3.90794e-09 -4.76413e-09 
4.19247e-09 -4.69394e-09 
5.657e-09 -9.08486e-09 
4.12428e-09 -4.61841e-09 
3.39068e-09 -4.58828e-09 
4.30023e-09 -4.83313e-09 
6.51256e-09 -5.02363e-09 
2.66722e-09 -4.67492e-09 
3.80674e-09 -4.99682e-09 
7.6172e-09 -5.93382e-09 
