3.98205e-09 -4.64668e-09 
2.29938e-09 -4.75281e-09 
4.26583e-09 -4.51905e-09 
6.19506e-10 -3.61908e-09 
4.59821e-09 -4.75725e-09 
3.90542e-09 -4.71007e-09 
3.82687e-09 -4.68069e-09 
5.95774e-09 -4.90564e-09 
1.23066e-09 -4.08074e-09 
6.05095e-09 -5.11923e-09 
4.60056e-09 -5.30733e-09 
4.25775e-09 -4.9514e-09 
4.56062e-09 -1.4309e-08 
-4.33707e-09 -4.77565e-09 
4.28528e-09 -4.73708e-09 
3.53662e-09 -6.30045e-09 
9.49221e-09 -4.62577e-09 
5.00619e-09 -3.65868e-09 
3.5751e-09 -5.3939e-09 
4.61878e-09 -4.32683e-09 
4.15772e-09 -3.44503e-09 
5.42562e-09 -5.09926e-09 
3.07109e-09 -5.03398e-09 
6.42416e-09 -4.7684e-09 
3.2208e-09 -5.09072e-09 
4.90359e-09 -5.31739e-09 
3.36461e-09 -4.73087e-09 
4.27507e-09 6.79404e-09 
3.73316e-09 -2.86013e-09 
1.10834e-09 -4.73696e-09 
4.3651e-09 -4.83079e-09 
4.0372e-09 -5.16968e-09 
4.68006e-10 -5.26828e-09 
3.75052e-09 3.18127e-09 
-1.58433e-09 2.93251e-10 
3.87678e-09 -4.82937e-09 
3.81687e-09 -4.7344e-09 
6.83864e-09 -4.67467e-09 
3.73013e-09 -4.55899e-09 
-1.04068e-08 -5.87366e-09 
3.60899e-09 -4.85647e-09 
4.70166e-09 -4.69503e-09 
5.7407e-09 -1.30355e-08 
1.56368e-09 -4.63742e-09 
3.93163e-09 -5.3847e-09 
5.55941e-09 -4.81924e-09 
6.51471e-09 -4.78646e-09 
3.59886e-09 -4.67187e-09 
7.02087e-09 -4.99202e-09 
9.70044e-09 -4.18155e-09 
